|                 X|                 Y|               RA|               DEC|             Flux_Peak|              FWHM|                PA|       Flux_Integrated|       Flux_to_RMS|IS_OVERLAP|
|            double|            double|           double|            double|                double|            double|            double|                double|            double|      long|
|                  |                  |                 |                  |                      |                  |                  |                      |                  |          |
|              null|              null|             null|              null|                  null|              null|              null|                  null|              null|      null|
 233.35288069505012 150.75736482128056 84.71123838778956 -69.07807892006753 2.8074284216429067e-05  3.757680265506408 126.19394426903845  0.0004491720875932485 24.358064651489258          0 
 135.60117460830872 325.24311285687975 84.71222670861411 -69.07744879770122  4.875313503855935e-05 2.8404080962298437  181.2571526374397  0.0004456854457387629  42.29963684082031          0 
  38.76483732561149 260.03068228959313 84.71320601466459 -69.07768424680451  4.216618731452061e-05 2.9913896041287433 150.27725933862632  0.0004275379928875197  36.58460998535156          0 
 484.47942549841866  517.1797220721112  84.7086986983435 -69.07675579192458  3.613220741086031e-05  4.087185438639749 157.53443263603614  0.0006839236151681074 31.349355697631836          0 
  361.3092714009268 261.14407099067637 84.70994435658137  -69.0776803385561  3.784035302457506e-05  2.989782386833964  37.23388270502271  0.0003832646442482027 32.831390380859375          0 
 249.32876298222425  431.9547784177307 84.71107658129363 -69.07706349013807 2.4726736100075608e-05  4.709625576297013 232.63997226259252  0.0006214468295732264 21.453636169433594          0 
   554.620933140249  80.51147369273114 84.70798960605117 -69.07833266056991  3.002644520724202e-05 3.5873884820522193   226.552075622052  0.0004378498032017151 26.051816940307617          0 
 483.10946432028896 233.29592126848416 84.70871269404205 -69.07778092762454   5.09266989536898e-05  4.757722734213297 10.792764270508638  0.0013061955647329282 44.185482025146484          0 
  75.35873160394858 231.56632237205596 84.71283600089967 -69.07778705062816 2.8045753874102446e-05  4.666656513610053   72.5492381966792   0.000692059143439361 24.333311080932617          0 
 152.16702821528008  521.4773282628554 84.71205898497517 -69.07674018047229  3.415139131908433e-05 3.9439384174105054  88.29003619826545  0.0006019120971653572 29.630741119384766          0 
 504.86996891031106  340.2445134711747 84.70849259496879 -69.07739472814545  3.718542860361016e-05  2.879342156543516  51.82703706452589  0.0003493202509809054 32.263160705566406          0 
 471.21412855913445 190.89205591691348 84.70883300563472 -69.07793405051362  3.754463266744813e-05  3.996987391669072 170.95076155803852  0.0006796382868708035  32.57481384277344          0 
 429.83461393474545 124.38297324412007 84.70925149072583 -69.07817421396098  4.052339344433326e-05 3.3683571797043017 203.98108486847187  0.0005209625468126824  35.15927505493164          0 
  294.6954976081897  547.5912081841482 84.71061773898968 -69.07664592799732 4.9294468836556464e-05 4.0244706013270335  92.23330423848432  0.0009046490471458979  42.76931381225586          0 
 433.33326286366975 234.80161407612047 84.70921604590725 -69.07777548071722  4.803384927416541e-05  3.436546775642074 103.88857983354288  0.0006427710829089948  41.67556381225586          0 
   555.426485563918 390.27755031845055 84.70798134129139 -69.07721406096056 2.9468120420108536e-05  4.783515302527881  81.75241924130847  0.0007640313718101878 25.567398071289062          0 
  350.1813429713042  354.5373962839477 84.71005681751187 -69.07734308203885  3.708151650627138e-05  4.891586929267835  215.9447174355079  0.0010053596688323603 32.173004150390625          0 
  387.6025860678299  535.2502728512046 84.70967828987621 -69.07669051703368 3.8212445550054275e-05 3.7957223479294058 120.46336820739354  0.0006238183230959099  33.15422821044922          0 
 132.02311382672914 202.56542930960302 84.71226302409279 -69.07789179905745  4.042688546327367e-05 3.4413280589027493  320.3404551274132  0.0005424839022706623  35.07554244995117          0 
  480.0684963028228 157.59658540781226 84.70874348375773 -69.07805428578759 4.9609950897597796e-05 3.7624278396882005 30.940994684712734  0.0007957370435723116 43.043033599853516          0 
  18.77565770895451  429.4604180414295 84.71340793428638 -69.07707240820936   3.32132345749898e-05  4.742951189916561 177.42330410911288  0.0008465895506759752   28.8167667388916          0 
  327.5932260453477 150.39862941995077 84.71028538681531 -69.07808024380674   3.57733171495607e-05  2.924482526064067 264.26198740178233  0.0003466743378152766  31.03797149658203          0 
  449.2859987166947  440.7118144225072 84.70905461158323 -69.07703191937038 4.0681441536286875e-05  4.927712686647792 222.78009246548015  0.0011193129028968908  35.29640197753906          0 
    535.31551974948 163.06167911640202 84.70818479907399 -69.07803455984761 2.9185159063169157e-05 3.7813596284778765 193.72693279370807  0.0004728489742585727   25.3218936920166          0 
 291.26319937742875 31.151668796535812 84.71065287075265 -69.07851084754374  2.132443979865643e-05  4.706600219239933 147.98205461557166   0.000535249995888582 18.501705169677734          0 
 265.63284387314457   546.982797543101 84.71091161506767 -69.07664811630174  4.655581096552711e-05  4.923972663361377 159.20890334487459  0.0012789971678140398   40.3931770324707          0 
 153.14989467773557 128.37161155353203 84.71204946045205 -69.07815972925526  3.506319611048148e-05 2.6923165720441764   299.226726647431  0.0002879838742082723  30.42184829711914          0 
 114.76351806243177  513.9236542542683 84.71243721160921 -69.07676744312126  3.784781044426482e-05  3.337472989434344 15.702347777217334  0.0004776840050421257 32.837860107421875          0 
 284.27104154321194  535.8190216521624 84.71072315876195 -69.07668843559581 3.2180988081437715e-05  3.670595875308914 208.51440159829085  0.0004912888857024021 27.921161651611328          0 
 178.71412513544584 402.90664642624347   84.711790664893 -69.07716836216764  3.313419401928181e-05  4.607054949699204 222.80256407342392  0.0007968702543816286  28.74818992614746          0 
 133.17756867233604 175.36280067141337 84.71225137937991 -69.07799003121971 2.7155137750204574e-05  4.836235966377282 300.60539391026117  0.0007196666797783798  23.56058692932129          0 
   586.618050516231    541.14326130959 84.70766588055862 -69.07666927208902 2.4014895597197756e-05   4.31819258573717 205.43817041141364  0.0005073984521330938 20.836021423339844          0 
  569.9542300007391 463.10068202101905 84.70783440982497 -69.07695109046341 2.9273661959046062e-05 4.1889309739534255   343.024336063997  0.0005820333657902885 25.398679733276367          0 
  483.0028644126701   349.037781217518  84.7087137137447 -69.07736297088965 4.6900886645479884e-05  3.101134759727514 13.727343648942302  0.0005110774875132131  40.69257354736328          0 
  457.7169811928849 169.79624858879052 84.70896950553725 -69.07801022724215 2.9238723929697625e-05 2.7504062798684084 129.11666301308395 0.00025062046817077267 25.368366241455078          0 
 152.66346322086613 267.31859359915677 84.71205423301285 -69.07765797608455 4.6438566026004216e-05  4.299846005082423 63.157026400333045  0.0009728570379405912  40.29145050048828          0 
 121.22290741895192    25.505146418524  84.7123724356981 -69.07853117917497 2.7771871888671977e-05 2.9973293640255383 119.85429885921639  0.0002827082682280025 24.095684051513672          0 
 202.17743188672338 141.63875160883782 84.71155365697099 -69.07811183786522  3.397751875473625e-05  4.934742454781964   281.548102558969  0.0009375297645736111 29.479883193969727          0 
 51.239713590379004 230.09404685295206 84.71307990193304  -69.0777923568161 2.1690598843542595e-05  4.073267316303417  129.4254767091219  0.0004077761184887438 18.819395065307617          0 
  304.7199648339216 120.50335497924041 84.71051671558995 -69.07818819257976   2.23839820893603e-05  4.502549779822032  341.6393649715002  0.0005141843049751547  19.42099380493164          0 
   551.266012627063  308.6544946687562 84.70802344402891 -69.07750881030958 4.9747022655266236e-05  4.289905076861803 196.69899061091985  0.0010373537446737137  43.16196060180664          0 
 441.23433433239023  519.9621183776374 84.70913598437187 -69.07674573608938 2.9411055321619773e-05 3.4506614711831594   132.625270436864  0.0003968073772934825 25.517887115478516          0 
  96.35080061826926 203.03467957489408 84.71262375513196 -69.07789009029693 3.0236023857415707e-05  2.906727629439138  263.9274938601068  0.0002894661448665088 26.233654022216797          0 
 403.02696573663695 223.08090679312852 84.70952252019023 -69.07781779887532 2.4695163488380718e-05 3.7482177430676495  84.84447831527311 0.00039312073426794116  21.42624282836914          0 
  45.53067806298569  193.7485557124994 84.71313767834764 -69.07792360191839  4.110048773651635e-05 3.6236657028313948 118.83746989003147  0.0006115157498897103 35.659976959228516          0 
  572.6704298082421  300.0041116841259 84.70780700151924 -69.07754005064562 3.0324344548612646e-05 4.4584513070113045  159.3209378229416  0.0006830050244469156 26.310283660888672          0 
 159.35577393203562  542.7602963651341   84.711986271355 -69.07666332800287 2.3004945980768405e-05 3.8848989637691487  340.8141770814667 0.00039340972822103675 19.959760665893555          0 
  582.2886313180118  15.72790727981421 84.70770983635195 -69.07856660479291 2.1152682292399455e-05  4.632863276977346 294.88200780458726   0.000514433016688955  18.35268211364746          0 
  71.87640862931141  421.2484980801364 84.71287098977142 -69.07710208574622  3.442652013472276e-05 3.0148758455481994  262.3274192935081   0.000354565447331756  29.86945152282715          0 
 489.96566143537785 117.96192331884022 84.70864341872836 -69.07819741272348  4.200043073455328e-05  3.208039612461614  12.92564219706275  0.0004897761230832366 36.440792083740234          0 
  448.2556158555877 324.80631188103933 84.70906509584908 -69.07745046681136  4.577700562062285e-05  3.738517027947941  286.7483491667837  0.0007249541286856186  39.71746063232422          0 
 170.73826473087087 458.99490440013136 84.71187125963758  -69.0769658183396 2.8772319914619987e-05 3.9627381458094773 271.61532592560536  0.0005119529523027625 24.963701248168945          0 
 504.53699766928617 44.403040043076615 84.70849610034425 -69.07846304451986  3.722053663195416e-05 2.8347891596824084 190.17631534713013  0.0003389132727735678  32.29362106323242          0 
 436.23855714142815 489.78929919534465 84.70918651841032 -69.07685469246199  4.541130636818241e-05  4.738547114934127 7.0868533204599515  0.0011553639760243275 39.400169372558594          0 
  594.4629103545781  157.6552164684186 84.70758667667805 -69.07805409093544 3.9454712020661966e-05  4.917574648278114  233.0222319744834  0.0010810983898266423   34.2320556640625          0 
  76.78209009115007 329.47231407174746 84.71282149185163 -69.07743350181703  4.097442380431675e-05  4.095606029712847 62.530154710801504  0.0007787779074197775 35.550601959228516          0 
  603.4926712287369 405.05517161094986 84.70749528887242 -69.07716070320947 4.6354986239543426e-05  3.841455759413553 61.680747360328226  0.0007750907405376866 40.218936920166016          0 
  514.3498657690251  546.8978114497239 84.70839663969888 -69.07664848168015  4.667175224534477e-05  4.726969525023747 148.88110035223173  0.0011816371363351532 40.493770599365234          0 
  349.4360744976725  173.2977665354904 84.71006448535279 -69.07799755828445 3.0555716008921466e-05 3.5970123165955896 346.81547117349083 0.00044796154626631525  26.51102638244629          0 
  95.42798955085674  275.2548472547247 84.71263300391476 -69.07762929487026  3.926921962133556e-05  2.984794985793452 272.57118768927864  0.0003964110062519419  34.07111740112305          0 
 309.29991092925195  229.7772071779347  84.7104703142011 -69.07779359386268  3.661398721452031e-05  3.889673396922814 255.73724449414502  0.0006276791736431404 31.767358779907227          0 
  597.1444807279853  85.09977623188522 84.70755958217217 -69.07831609699359 2.5365894051174723e-05  3.307574299274038 131.63441998806877 0.00031443712146634435 22.008188247680664          0 
  36.27375997570682  91.44664886256264 84.71323141554662 -69.07829302136726  3.603581188504932e-05  2.704917313833026  270.2514135716284  0.0002987491779935715  31.26572036743164          0 
 414.52170537930596 320.00047946172174 84.70940622168055 -69.07746781410495  4.118063442348422e-05  4.260413917152112  286.2608912251096  0.0008469563778036029  35.72951889038086          0 
  519.2398686220599 271.03059833166725 84.70834731520782 -69.07764466961795 4.7162628432362314e-05 3.9350464114425887 214.44029120786382  0.0008274888281449804  40.91967010498047          0 
  578.6887146040501 200.09816415733988 84.70774617774352 -69.07790082287232  3.864099778444043e-05  3.405358589821956  195.4734457629339  0.0005077365803445008  33.52605438232422          0 
   143.221560833495  286.8739160987977 84.71214969106859 -69.07758735606178  3.865683554386186e-05  4.134303632242983  121.3717480404338  0.0007486786662983587    33.539794921875          0 
 312.35274186915757 200.66845101935726 84.71043946592394 -69.07789870967684  4.268611273443939e-05   2.73648707517416  211.7250570127823  0.0003621911462856864  37.03571319580078          0 
 216.68189489698352  522.4083947998886 84.71140662028131 -69.07673684135267  2.928200489573065e-05 3.9483492971152256 243.47782435133286  0.0005172450721091313  25.40591812133789          0 
  422.8802566000504 204.23466079797734 84.70932176845093 -69.07788585916069   4.47613745455726e-05   3.21073010997457 134.51894413488534  0.0005228479824396251  38.83626937866211          0 
  177.0726705735348  301.7451506115106 84.71180736585744 -69.07753366697392  3.083780266555933e-05 4.2581105394513035 153.10465427653688  0.0006335511858978466 26.755775451660156          0 
  275.9617315702934  128.0796900614063  84.7108075269495 -69.07816082512322 3.2317264792461967e-05   3.26788795237623  283.1257953257958   0.000391050937587251 28.039398193359375          0 
  314.2272691836998  42.70186355152076 84.71042063398642 -69.07846914510036 2.3458235803847478e-05    4.4760399371559 109.23002123586203  0.0005325344079539782  20.35304832458496          0 
  133.8296829888599  416.5302935310601 84.71224452313574 -69.07711914886505  4.001607171633674e-05  2.657681153014696 328.71752024618576 0.00032026142098735524  34.71910858154297          0 
 347.73214885006024 454.22936002925763 84.71008151137804 -69.07698308264621 2.4720138330506165e-05 3.8751347196037633  66.38558541761168  0.0004206190399882721  21.44791030883789          0 
  54.30177400662385  214.8465894142839 84.71304895596377 -69.07784741841341  2.906180559320881e-05  3.679573132354505  50.59842944778304  0.0004458429377229245 25.214868545532227          0 
  311.7860810689987  543.2760448963056 84.71044492594379 -69.07666151543266  5.036069524462827e-05  3.496589557375989 107.83154681915447  0.0006976626122897589  43.69440460205078          0 
 443.40394454315634  307.4603561651609  84.7091141666268 -69.07751310400506 4.0855956296907514e-05  3.899980739141093 238.09227413128406  0.0007041168298303467  35.44781494140625          0 
 421.76478744474554  168.1427454532351  84.7093330703386 -69.07801619083604  3.364760277087536e-05   3.82539518592762  49.28098728510433  0.0005579190140960887 29.193639755249023          0 
  375.7051680634253  346.8235418098983  84.7097987229137  -69.0773709440373  4.271789595853682e-05  4.042953878375021 300.54651941059143  0.0007911737105828501 37.063289642333984          0 
 204.12230984925867  90.62570145394554 84.71153403885221 -69.07829605233017 3.0662354024199576e-05 2.7540446680637056 254.55237146304208 0.00026351896351428357 26.603551864624023          0 
 203.29733341790387 360.97362872327733 84.71154211930273 -69.07731979564575 2.2433233977488494e-05 2.6492614015967693 169.20644958971317 0.00017840455170959767 19.463726043701172          0 
 128.55249429649837 126.04639648622374 84.71229820401724  -69.0781681164326 4.6090684320147065e-05 3.5378631948922274  94.56308925184427  0.0006536716457609635 39.989620208740234          0 
  609.2966881590262  512.8439329387826 84.70743656690276 -69.07677146663318  4.846784485365669e-05 2.9764627562402413 239.12247346073204  0.0004865405421748072   42.0521125793457          0 
  294.1907275827504 150.96817124198054 84.71062316763084 -69.07807817770012  3.404226359871851e-05  4.748474084804872 104.43786565722348  0.0008697431057252775 29.536056518554688          0 
  204.2283962121368 258.74597236071696 84.71153280327182 -69.07768895139178 3.4339607283211515e-05  3.976191826352841 274.60182835292903  0.0006151689416623727  29.79404067993164          0 
  519.9354353623285  436.6096961920166 84.70834020829633 -69.07704674520868 2.4060180146978765e-05  4.506044350036811  196.6058077079508  0.0005535466398144531  20.87531280517578          0 
 304.90406556731693 346.54223513682115 84.71051467295821 -69.07737194112379 2.8580445313049575e-05  3.710600275510148 163.58800639581446  0.0004458838645357045 24.797225952148438          0 
  23.11443159923233 357.00746894855575 84.71336415266605 -69.07733404583014  4.749235009743936e-05  3.384539027214587  277.8286188409347  0.0006164347791800157 41.205745697021484          0 
  566.4727334552562  315.5793918191173  84.7078696682288 -69.07748380578371 5.0931624571242595e-05  2.778259109430497  208.5727173197353  0.0004454484411432199  44.18975830078125          0 
  538.0532543396425  528.2151186929372 84.70815696359192 -69.07671595061117 2.8509914394225127e-05  4.829684380349755  61.69062267184487  0.0007535252933089708  24.73603057861328          0 
  338.7913593681163  268.3556696879857 84.71017205844467 -69.07765429084141  2.955775468228009e-05  2.849380018812544  80.12243835194785  0.0002719171562369947 25.645166397094727          0 
  604.7448786500444 382.07869252162214 84.70748263341606 -69.07724367396315  4.439977115078315e-05  4.498580009715508 111.95952068408235  0.0010181131575266592  38.52253341674805          0 
 432.87251678597244  366.7199411067263 84.70922062767927 -69.07729910888527  4.456293571640978e-05 3.1732033710950938  225.0638956310544  0.0005084333477559535  38.66409683227539          0 
 221.04720623965358  412.4597277283561 84.71136258233167 -69.07713387967529 3.8517803320541134e-05  3.659354782200455 223.50636246683584  0.0005844333172816693 33.419166564941406          0 
 500.14812182511236  86.90732870229472  84.7085404632467 -69.07830955607257   5.05162057880188e-05  4.020797245924086 109.21098026912662  0.0009253786846124291  43.82933044433594          0 
   449.952468827477  339.3603881917374 84.70904792886317  -69.0773979107641 4.7073863941869726e-05 3.6029490579772103 191.55321752950766  0.0006924055039748572   40.8426513671875          0 
  377.1845804977802  314.0403674342646 84.70978378519285 -69.07748932808202   3.58324792597051e-05 3.8613572814924035  317.4477440422652  0.0006053705000163954  31.08930206298828          0 
  410.4319035012104  537.4141706475748 84.70944744271277 -69.07668270820383  2.435906189204127e-05 3.7680827143463436  336.1491211213912 0.00039189149137669574  21.13463020324707          0 
  423.9227348295326 418.93355273644573 84.70931109729645 -69.07711055783265 2.1100053320061004e-05  4.837816191636258 359.21744656346556  0.0005595600502836806  18.30702018737793          0 
   438.410262936288 405.11497547636765 84.70916460728107 -69.07716046130206 3.0398202509864922e-05  3.822342248944891 185.61320586127266  0.0005032357266590465 26.374364852905273          0 
 321.83953257547785 122.30013391078431 84.71034359248125 -69.07818170901908  4.660366791093613e-05 4.2772186359178725   259.541779535361  0.0009660673842535606  40.43470001220703          0 
  529.2732593560424 198.14126197621138 84.70824588608116 -69.07790788266735 2.7332127056820965e-05 3.1647099876821416  79.18396548405467 0.00031017421128935697 23.714149475097656          0 
 478.12635711893546  38.99461976718865 84.70876318420832 -69.07848257030896  4.573225987565559e-05  3.649480506208927 248.43075247974002  0.0006901590376292715  39.67863845825195          0 
 15.120226034908253 509.58664755270365 84.71344479514634  -69.0767830618228  2.780085388649604e-05  3.280547342032353 224.67281348664105 0.00033901208067945257  24.12082862854004          0 
  84.50872945193291  64.44547805778984  84.7127436683572 -69.07839054640213 2.8582776222081252e-05  4.762617938505138  88.79115608836554  0.0007346158870827924  24.79924774169922          0 
  100.1031725996726 239.88634823202554 84.71258576768996 -69.07775701636187 4.4023697382143036e-05  4.294903950738619 313.63955521992574  0.0009201483392916297  38.19623947143555          0 
  576.3850438763855  498.9287622550991 84.70776936939828 -69.07682171209586  3.810470713627457e-05  4.318815780744558 204.66689359311977  0.0008053272740348742 33.060752868652344          0 
 288.51792253649666 253.48618076499056  84.7106804487618 -69.07770797211121   2.82482368596442e-05  4.926602435825325  83.78745454401712  0.0007768743827034615 24.508991241455078          0 
  476.3139365606734  88.13720106677657 84.70878148727688 -69.07830511065586  2.986057027867649e-05 4.1331612603360925  1.754032927944511   0.000577999174620945 25.907899856567383          0 
 210.85753352238186 219.17936027702416 84.71146580548367 -69.07783183310246  4.026388877793036e-05 3.1601286112687137 120.29483311693474 0.00045560622990165815 34.934120178222656          0 
   69.5819973047395 187.78366574734733 84.71289446930469 -69.07794515221438 4.1301021164443905e-05 3.4796631350314087 357.99080215312995  0.0005666300650200575  35.83396530151367          0 
  428.2931186338981   152.278647092528 84.70926706250651 -69.07807347925677  4.343032454799868e-05  3.100384776238384 203.26744284055425 0.00047303000170899643  37.68141174316406          0 
 298.04608412784575 419.65216815757145 84.71058396240149 -69.07710793105926 2.8746673128922033e-05 3.9497614754880495 143.22150026079598  0.0005081521298109056 24.941450119018555          0 
  528.6676044501696 255.24644789629818 84.70825198628867   -69.077701669404 2.4825127884374982e-05 3.5172691526711883  177.2303628607501 0.00034799028610475773  21.53900146484375          0 
  193.8369082263044 395.40477935891215 84.71163775018012 -69.07719545763311 2.9221455863166467e-05  3.956239958191446 30.545533312879805  0.0005182407030228502 25.353384017944336          0 
  614.3908688258537   174.159907870403 84.70738515162918 -69.07799449280327 3.4033066439250095e-05  4.640360919033613  341.3249859186799  0.0008303649763009052 29.528078079223633          0 
  221.7301044505208  344.0172988211621 84.71135574111744 -69.07738103311873 2.8518092436235692e-05 4.6625920977611255  61.96530725992437  0.0007024893414552585 24.743125915527344          0 
 460.50885836586053  516.9714115657373  84.7089410850956  -69.0767565396977 3.0278987983637254e-05  4.289343927321356 186.72657538635417  0.0006312298330794194 26.270931243896484          0 
 367.60215286446373 285.12369388139047 84.70988070457328 -69.07759374704916  3.406973209127089e-05  3.604639337955443 232.44076847566427  0.0005015991300857585 29.559890747070312          0 
  539.2167570599811  294.7761380416301 84.70814529409843 -69.07755892487756  3.904115735349656e-05  4.340340879825127  57.83585079889461  0.0008333640898063429  33.87324523925781          0 
 181.32555568030455 499.11988712602056 84.71176416119803 -69.07682092640746  2.438041739817213e-05  4.006385461674907  311.0277656452192 0.00044341565227619666  21.15315818786621          0 
   76.7783569899972  520.7894445342698  84.7128213037358 -69.07674263440488  5.143058473951417e-05 2.8870265477425434  317.9399185181003  0.0004857216227812683   44.6226692199707          0 
 187.04286930290348  85.58260237629325 84.71170676066467 -69.07831425752804   4.65659196703926e-05  4.010672134399027  342.8582364909201  0.0008487248656076701 40.401947021484375          0 
   417.369801307992  481.6299798962508 84.70937732219046 -69.07688415264708  2.686321985163868e-05  4.383787765905271   97.3881420229755  0.0005849537471388951 23.307310104370117          0 
  85.51471207373496 179.97495450041322 84.71273336053456 -69.07797335704839 2.0957632162935466e-05  3.161421976459439  312.6662953317261 0.00023734034525540088  18.18345069885254          0 
 15.396825180192582 101.43726891580928 84.71344252185354 -69.07825693469306 4.0966157284802635e-05  4.296449594662175 270.11588072548574  0.0008568584630955386  35.54343032836914          0 
  412.0488095319931 353.15380176430756 84.70943120741885 -69.07734809322749 3.0157582418432143e-05  4.835705328810105 234.99554021687868  0.0007990622261890614  26.16559600830078          0 
  86.02633422022622 191.43634792699677 84.71272817344806  -69.0779319688965 4.6548217087535355e-05 2.6486801364224317 175.59047081047993  0.0003700211091156145   40.3865852355957          0 
  114.6841158383314  496.5956644284638 84.71243803387421 -69.07683001638574 2.5153624459883845e-05 2.7125275948111964  24.20012408990462 0.00020970719101162392  21.82401466369629          0 
  601.2379298940082  36.48130622546981 84.70751820179851 -69.07849166414344   2.31079784938307e-05 4.0813365364777265  322.2046904419058 0.00043614529228999926  20.04915428161621          0 
  82.33726625321391  50.08578191228836 84.71276564431521 -69.07844239995309 3.0105099338337883e-05  3.057079193239169  83.22133770205303    0.00031879967012617 26.120059967041016          0 
  59.40075579244641 28.712959675866628 84.71299761844729 -69.07851956983694 3.2448154469996966e-05  4.391443312481211  62.76363309103478  0.0007090371376354762 28.152963638305664          0 
  174.3828692504303  356.6157731756483 84.71183450982153 -69.07733552208461 2.7571196504652933e-05 4.9586746278405585  282.4957375457478  0.0007681592389180465 23.921571731567383          0 
  585.7801622981879  67.36466429745923 84.70767451046547  -69.0783801391439   4.16714594584702e-05 3.0838425589168086   265.737030737879 0.00044904258226839515 36.155372619628906          0 
  542.6554752027939 356.14328252096266 84.70811049624956  -69.0773373218002 2.6211656255894753e-05 2.8233722162749446 258.38579160482095  0.0002367528183212334 22.741994857788086          0 
 456.41313775791355  398.8652511675891 84.70898256507664 -69.07718303336891  4.556214720159694e-05  4.462562733979149 26.675830590631247  0.0010281045281834275 39.531044006347656          0 
  603.4190598719028  497.9488711442912 84.70749600511506 -69.07682525373126  2.538823864240922e-05 3.9149788694353673 179.71682936186127 0.00044091597777625086  22.02757453918457          0 
  140.2600523311969  44.30084681575759 84.71217989924953 -69.07846331322793 2.1671314941564093e-05 3.7025630696114975  76.92831825047043  0.0003366313928569039 18.802661895751953          0 
 330.47101752835476  301.1557209829701 84.71025617104245 -69.07753584398135 2.0693648179496106e-05  3.868992180096202  273.4673305098732  0.0003509919737362535 17.954410552978516          0 
 223.59963437052303 468.02492343554695 84.71133672013114  -69.0769332284356  4.712985567504893e-05 2.8859763557795195 197.71204941618063  0.0004447808367418181 40.891231536865234          0 
  496.4768863408479 170.32628065523232  84.7085775487159 -69.07800832034222  2.743733881251595e-05  2.716640269272067 126.84066768284855 0.00022944081392000664  23.80543327331543          0 
  386.9785731209596  330.9738004807039 84.70968473531379 -69.07742818192317 2.3741784459049296e-05 3.8194254584074008 230.81719121457866  0.0003924405316139399 20.599061965942383          0 
  373.4235861362841  68.34347770835042 84.70982198563793 -69.07837656593057  2.582984514089275e-05  4.539198967026256 204.97340037969408    0.00060303797534037 22.410724639892578          0 
 239.46253256904083  320.7815885587919 84.71117644958109 -69.07746494570225 3.1377415958205625e-05 2.8446263096677993 348.80826679631497  0.0002876948185952756 27.223957061767578          0 
 507.57279989632826 469.07750065897994 84.70846520398511 -69.07692949836317  4.025023331450649e-05  4.373946638999645  320.0380349442016   0.000872528825170757 34.922271728515625          0 
  43.56046585221344  346.6086796752333  84.7131574129499 -69.07737160616229 2.3290778431268276e-05  4.840654208529968  88.74752056283793  0.0006183815794244242  20.20775604248047          0 
  324.2228418040474 352.88803847332076 84.71031931413454 -69.07734903113322 3.5751421974996805e-05  4.718870835560837 173.56280020428434  0.0009020568743079844 31.018972396850586          0 
  557.7410536378758 207.95743301793271 84.70795800532201 -69.07787243947578   3.49656994785265e-05 4.6382966636585286  25.43580871566472  0.0008523612270227775 30.337257385253906          0 
 34.333674443102595 24.858186070447218 84.71325111810121  -69.0785334788372 2.1128568877594728e-05  4.780548565971724 50.510193061936086  0.0005471292977242935 18.331762313842773          0 
  512.3821045957434 154.24624054254627 84.70841671573898  -69.0780663898103 3.3237154763382896e-05  4.087047140855643  96.92047331645496   0.000629082426968902   28.8375244140625          0 
  228.9237458398413 496.46644278985724 84.71128285674608 -69.07683052472036 2.8504417021182042e-05 3.7783995923079754  257.5839790900041   0.000461097061862617 24.731260299682617          0 
  153.7154432319855 107.26371417433388 84.71204376356161  -69.0782359524302  3.276673376973142e-05  4.891643209766153  343.1377829423608  0.0008883970711221076 28.429370880126953          0 
 190.26659998817937  369.1767166465743 84.71167387930802 -69.07729016882102 4.6210605967955914e-05  3.003701692001972  303.9907181759361 0.00047241065268725443 40.093666076660156          0 
  343.3190820010165 287.56778025457555 84.71012625879511  -69.0775849149723  3.147058689194059e-05  4.370534738553172  71.85802915158293  0.0006811431845146351  27.30479621887207          0 
 443.32316583074555  129.5021249450373 84.70911508484276 -69.07815573093329 4.3424725623922144e-05 3.3846725651781915  36.04909891031753  0.0005636828553722717  37.67655563354492          0 
  529.0749903627192  281.0393580234527 84.70824785568354 -69.07760852840192  4.184455556434904e-05 3.0714830385263654  47.31927761287721 0.00044730074613843747   36.3055534362793          0 
 168.71746261240926  260.5396296289051  84.7118918977518 -69.07768246164315  4.314065435324939e-05  4.076068602702087  108.1944251370214  0.0008121460158776052  37.43008804321289          0 
  365.3515071248058  430.8066881579414 84.70990336170935 -69.07706766901062 3.0470642791655625e-05 3.5014727594876924 355.42240671727023 0.00042329929024218405  26.43721580505371          0 
 310.91095671780073  95.16302240405105 84.71045412917952 -69.07827970109469 4.8846027054584375e-05 3.9406794176581434  108.4750370790425  0.0008594802017575213  42.38023376464844          0 
 324.09165968666235   250.257560006655 84.71032071951997 -69.07771964115709 2.1674479933252634e-05 3.6798524406054645  89.70927873910097  0.0003325629885053352 18.805408477783203          0 
 58.601892139871055 463.28436379663447 84.71300517083478 -69.07695028387785 5.1539586277239066e-05  4.299836050690303  162.3422562866371  0.0010797150165564036  44.71724319458008          0 
  618.1033065266678  447.2428203529241 84.70734753393697 -69.07700836043765  2.552583433754469e-05 3.3592592726216064 260.54997379827313 0.00032638592038689316 22.146955490112305          0 
 375.81812916102336  473.3784544746558 84.70979749431399 -69.07691394021475  4.906413984188754e-05  4.807950242238915 199.88489955963894  0.0012851343704152112  42.56947326660156          0 
  385.5272152153138  509.4448293406833 84.70969929282377   -69.076783702865  3.949784703970756e-05  3.940621229896783  281.1721823811841  0.0006949718751221737  34.26948165893555          0 
 160.70219282181014 197.81057636133886 84.71197301562499 -69.07790898026327  4.973813619881663e-05 3.5535902767702754 204.25612651960705  0.0007116863453046364  43.15425491333008          0 
 352.19647480124706 190.01332526100217 84.71003655897198 -69.07793719725831 4.6249365332734656e-05  3.927737740953212 16.312249671686793  0.0008084537155324314 40.127296447753906          0 
  456.5684998330876  258.5574998280808 84.70898107086784 -69.07768970027807  4.901708713250472e-05  3.950595704397707 241.75507673529196  0.0008668363088679928 42.528648376464844          0 
 123.85526002508801  528.0747074395947 84.71234526168733 -69.07671634569903 3.0379336287716554e-05  3.365508677126811  224.2867517098259 0.00038989182648875814 26.357995986938477          0 
  472.7020734087161  67.25361223149572 84.70881802333062 -69.07838052294777  4.836587462689883e-05  3.248741192224877   277.918692352528   0.000578407207778526  41.96363830566406          0 
   91.0716311664902 130.33371792566078 84.71267722413977 -69.07815261937284  3.508892389931437e-05  4.776709477191639   299.323068368857  0.0009071771984527106 30.444169998168945          0 
 276.26114613528335   272.910194174524 84.71080437628856  -69.0776378261735  3.809807692153941e-05  4.604536179355332  229.9447611869389  0.0009152489810962098  33.05500030517578          0 
  234.3551242760714   287.117301592849 84.71122812747168 -69.07758650951594  3.680244858376735e-05 3.6988840944835633 122.90922988812335  0.0005705353793557836  31.93087387084961          0 
  494.0013797911205 249.14629771439766 84.70860254384641 -69.07772369207635  4.143206361215926e-05 2.7369895613362307   95.5367757112449  0.0003516796732343908 35.947662353515625          0 
  115.4297818576077  378.9198960212025 84.71243062513344 -69.07725495695519  4.941254287684393e-05  4.766933615917381 238.59614950788028  0.0012722715990892343  42.87175750732422          0 
   197.787763967012 193.18588942752476 84.71159799689453 -69.07792569389531 2.6199019459645593e-05  4.660551324086637  77.05139022645457  0.0006447985434240793  22.73103141784668          0 
 249.09462813093097   79.6269968824396 84.71107926362808 -69.07833578482435 2.2502832546446265e-05 3.7824387542025604  290.3716549528385 0.00036479209438940744 19.524112701416016          0 
   556.934126664044 156.74552927471143 84.70796618472912  -69.0780573712408  2.966296872608686e-05  4.224502202328047 219.82655412466116  0.0005998326698815285   25.7364559173584          0 
 16.185973340374492  525.9084067206509 84.71343399754525  -69.0767241226255  2.428827367856532e-05 2.8160435637722427  161.6252960765249  0.0002182427403246537 21.073213577270508          0 
  420.5574596546316 113.43903328567674 84.70934531258817 -69.07821373175688  3.025114749196304e-05 2.6497285250528595  186.9953657775298 0.00024066283894450544 26.246774673461914          0 
  40.82407410914043  543.6482053268303 84.71318483926554 -69.07666007333748  3.600031973421978e-05  2.938408385277503 338.43025936629397 0.00035220465174279206 31.234926223754883          0 
   88.2818831390748 369.52337500119125 84.71270515762241 -69.07728887779595  3.282446457271689e-05 3.4284198183557577 168.20450792872094 0.00043716971132259545 28.479459762573242          0 
  291.5294971357837 297.53981199753866 84.71064995862467   -69.077548890442 2.4671954429788588e-05  4.250654844738486 306.19873409110346  0.0005051026621561192 21.406105041503906          0 
 434.83272815932565   463.019857130249 84.70920074962359 -69.07695135959902  4.169185846858821e-05  4.531419349541194 171.43883716369734  0.0009700278085756805  36.17306900024414          0 
  587.3012817285647 244.12201378114565 84.70765906974498  -69.0777418488957  3.522521180827574e-05  3.033746885689935 278.15739738706975   0.000367347188691704 30.562416076660156          0 
  572.2368234718397  281.1234888328728  84.7078113929326 -69.07760823061763 2.1212596446242655e-05  2.884863120947149  87.53891220069576   0.000200036235981111 18.404664993286133          0 
 194.30963734321247 165.13413782470715 84.71163319667117 -69.07802699066717 2.7611758692415452e-05  4.604413150293918  182.8914059140818  0.0006632955151246273 23.956764221191406          0 
 135.51404825159167  523.2959961900411 84.71222737522389 -69.07673360670434 2.2263989509645605e-05    2.7533233983888  208.5099934010511   0.000191241376100373 19.316884994506836          0 
   432.528833812536 191.14659884935068  84.7092242061989  -69.0779331236588 3.5017973108406795e-05 3.8782822132722603  126.1871254919393  0.0005968074586243954 30.382612228393555          0 
 137.93504444949232  447.8982199981072 84.71220297583747 -69.07700587738434  3.231043443158081e-05 2.8983212015694786  297.2064560349454  0.0003075390335308803  28.03347396850586          0 
  333.5867143053689 22.832330166147678 84.71022487393556 -69.07854090150717   3.43467922125722e-05  4.598850570513329  326.7176081369187  0.0008230935525694772 29.800273895263672          0 
  370.0114600198008  42.75352318675437 84.70985650878316 -69.07846897325987 2.5494436345868858e-05   3.52445817372243 159.01763740712224  0.0003588348019528488 22.119714736938477          0 
   298.306164371359  487.4799038691707 84.71058127744008 -69.07686299764545  4.723891224973483e-05 3.0011270040731977 216.12852757374463 0.00048209547850879713   40.9858512878418          0 
 36.651012201732996 126.34842566348323 84.71322755701934  -69.0781669873424 3.4910195413137274e-05  3.676245123802158  213.7024184966007  0.0005345958992560888 30.289098739624023          0 
  40.13216541829546 413.48282541844065 84.71319199732719 -69.07713011467678 2.6185509561638192e-05  2.964779647046161  315.3311019246553 0.00026080162379251424 22.719308853149414          0 
 463.29359316237196 25.855501422084114 84.70891318967726  -69.0785300143498 2.6088952048189987e-05  3.908182021688973 23.144456431167363  0.0004515133752354208 22.635534286499023          0 
  609.2049488190294  355.2595503778015 84.70743754073641 -69.07734052133792  3.189845970825955e-05  4.502280128145819  67.97807989545566  0.0007326543944705516   27.6760311126709          0 
 351.38644475187596  542.7057364469488  84.7100444953732 -69.07666358556843  2.415548867261408e-05  4.417125012378302 101.24250600119298  0.0005340225910218617 20.958003997802734          0 
  67.81001087194095  396.9611924390464 84.71291213823807 -69.07718978817364  4.801612491399694e-05  4.330491831265566  279.8077306201428  0.0010202955104397183 41.660186767578125          0 
 220.37590227410627   392.334130596035 84.71136938951244 -69.07720655521688  2.220021811962804e-05 4.5769275580631605  178.0722305864919  0.0005269504006371008 19.261554718017578          0 
 257.86286471311746  331.4969236030573 84.71099037285056 -69.07742625731197 2.1173936078227175e-05 2.9898835032040014  358.1062934205608  0.0002144739507688302 18.371122360229492          0 
  487.4139322831817 133.25765701751814 84.70866921552559 -69.07814217767954  2.402894773971324e-05   2.67127204613203 203.90303324441018 0.00019428327338226389 20.848215103149414          0 
 244.01085781666066  54.08596696612003 84.71113069666534  -69.0784280146912  4.863130250295522e-05 2.8009625540765137  80.00908597892887 0.00043230964751839375 42.193931579589844          0 
  377.4919959423814  455.5515379551028 84.70978058042145  -69.0769783155978 5.1621194474559306e-05 3.9172263376127225 129.12917086763284  0.0008975317106539429  44.78805160522461          0 
  317.1254013191717  66.19078044451818 84.71039130791146 -69.07838432482163 3.9957273284783025e-05 3.9022997116785167  93.96234878541732  0.0006894479870701596 34.668094635009766          0 
  49.22905098988919  155.0013689835992 84.71310032651115 -69.07806352393783 2.8577701698727692e-05  4.380440599748637   190.613045747836  0.0006213371342524918 24.794845581054688          0 
  531.2310335994893 112.67683663016876 84.70822612448883 -69.07821650449976 4.4346865199141476e-05 3.5180261387566225  237.0780866460174  0.0006219070354841448 38.476627349853516          0 
  91.20179332518511  392.4142171408096 84.71267560475265 -69.07720621763067  4.444760633256945e-05   4.58436815897124   296.854507813859  0.0010584534742936877  38.56403732299805          0 
  401.4274122574697  96.09629834023288 84.70953877661188 -69.07827635404011 2.5284737908673412e-05   4.29516087999449  285.7404627332477  0.0005285447306853677 21.937774658203125          0 
 311.95602645430955  364.5040633650188 84.71044334845884 -69.07730708096722  2.140706602673727e-05 3.4897410979525634  35.04156135163492 0.00029539829551635015 18.573392868041992          0 
  390.3613744537919 295.05683283966675 84.70965055153275 -69.07755788288189 2.9062664764732516e-05 3.9668954710724176 249.88816986614532  0.0005182047223658936 25.215612411499023          0 
 107.84741548766358   388.174007672768 84.71250728814134 -69.07722153629057 2.0947580602535567e-05 2.9408829027903858  226.5017941026551  0.0002052833638391111  18.17473030090332          0 
  59.15014565719791  333.8294337091871 84.71299978356912 -69.07741776024773 3.6173517877203416e-05 3.7122905669894677  97.65861095273694  0.0005648577475999967 31.385196685791016          0 
 150.35239009005318  311.0348743298698 84.71207755693537 -69.07750011086686 3.1825685076331257e-05 2.9093037979069156  289.0901538151207  0.0003052251593379438 27.612890243530273          0 
  90.30117316740505 308.75856714285595 84.71268480874966 -69.07750830710351 4.8793512681011704e-05  3.819287818902365  256.4184022958257  0.0008064756889833744  42.33467102050781          0 
  57.77304488141728  365.5809849172761 84.71301367052611  -69.0773031012736  4.707437821135259e-05  4.265414809014837 284.96223457268815  0.0009704464093318151 40.843101501464844          0 
  583.6809886892522  414.0749649335045 84.70769562219516  -69.0771281294761   3.87852937482683e-05 3.2495719540831303 130.21851382445743  0.0004640703492274551 33.651248931884766          0 
  616.5473361964613  204.3767907514322 84.70736333604829 -69.07788537649948 4.7816320902441987e-05  4.192235280117072 123.83349076624731   0.000952208107156437  41.48683166503906          0 
 449.53041440190725 488.34319478430126 84.70905211342284  -69.0768599172127 4.5811819311058985e-05  3.158740965154629 254.61710668113142  0.0005179287091227341  39.74766540527344          0 
  604.1986798694858 433.38357218471856 84.70748814115319 -69.07705840628363 2.8148809489127316e-05 3.8892829070587704 152.95387159316004  0.0004824624545162183 24.422725677490234          0 
  510.2965685672497 409.03051569268825   84.708437688939 -69.07714633514507 4.1556926733009044e-05 3.0216367086285443 108.10403710296252  0.0004299246424683117 36.055999755859375          0 
  519.4434989411752  484.5435147481833 84.70834516152803 -69.07687365078641 3.7544972796818575e-05  3.212097832933994 247.90128372105008 0.00043892846183468215 32.575111389160156          0 
   584.143785261415  293.2829076795832 84.70769098283348 -69.07756432307113 4.6282175363385836e-05 2.9496925911340095 148.15061467886227 0.00045628027916140134 40.155757904052734          0 
 111.78123558614347 429.33935029963664 84.71246746292258 -69.07707288524657 2.6801533119727038e-05  4.762268239855775 31.559717903905316   0.000688734384924731   23.2537899017334          0 
 112.71453393460608  447.8857792583716 84.71245800463403 -69.07700591240508  3.894420965608688e-05 3.8221737976742256  5.855835473619755   0.000644656219143716  33.78913116455078          0 
 284.21226724291336 465.14990586041426 84.71072381206945 -69.07694362960657  3.994912543107691e-05 4.6767526410990365 331.50861560946714  0.0009900576795952225   34.6610221862793          0 
 463.32150053501334 461.99843258742555 84.70891267357266 -69.07695505377352  4.404516850205981e-05  4.838673005168422  293.9315623262485  0.0011684637500318576  38.21487045288086          0 
  329.9390470252962  206.7383818792027 84.71026162206343  -69.0778767953385 2.1629205195420896e-05  4.219646339702229 20.026587109853512  0.0004363722121222301  18.76612663269043          0 
  361.5103347735233  405.8369565983539 84.70994222122577 -69.07715783652144 4.8271163074444044e-05 2.8292661660772276 332.70816472267427 0.00043782423303199806  41.88146209716797          0 
  461.9323290515529 332.15305848195834 84.70892679071402 -69.07742393957919  4.932989093457804e-05  3.039262514736665 192.09436749505585  0.0005163105543308198    42.800048828125          0 
  314.8161272305725  25.53979755806097   84.710414692533 -69.07853111939224  3.073748371333331e-05 3.9014975782233923 214.08237890249305  0.0005301459100719097 26.668733596801758          0 
  351.3402563504778 323.33949539398776 84.71004512099972 -69.07745574142464 5.0935206752652595e-05 2.6995211516756776  20.64156621770905  0.0004205871144115858 44.192867279052734          0 
 451.63022533968416  79.82036296267611 84.70903110739509 -69.07833513896479  3.502756795167464e-05  3.335199325486106  301.4819587480057  0.0004414870744677629  30.39093780517578          0 
  385.9019527261108  381.7084475434642 84.70969558851186 -69.07724497322047  3.079760502065304e-05  3.087845108994031 211.66358721253295  0.0003327303216545205 26.720897674560547          0 
  234.9637858911989 337.67738593569123 84.71122192618687 -69.07740393163385   4.66179227581928e-05 3.5950313009644788  69.51885483424938  0.0006826886621546028  40.44706344604492          0 
   598.741627910788  270.4034119358126 84.70754337337897  -69.0776469451544  3.682009829669661e-05  2.827028331082564 228.68497451455576 0.00033343384881522227 31.946189880371094          0 
  32.03348596342089 144.29325281974127 84.71327422920686 -69.07810218451469  3.799944830482671e-05 3.9799275565603685  326.2323526728818  0.0006820120464889555 32.969425201416016          0 
 18.279647131211853  282.1076474650929 84.71341313827627  -69.0776045152056 4.4192802751098714e-05 2.9517816099924867  65.42050350440825 0.00043629919485894497 38.342960357666016          0 
 396.68844593054547  76.25222516186156 84.70958671247404 -69.07834801210423  5.051387590424864e-05 2.8923674934649553 49.478084356528285  0.0004788307772249441  43.82730484008789          0 
  477.2539257426955  279.5906837350301 84.70877188335592 -69.07761375103117  4.154422433515858e-05 4.2788066272517415  172.0778801111001  0.0008618275928737406  36.04497528076172          0 
  217.4407977754623 29.046654846503305 84.71139941317561 -69.07851842566139   3.49480987503318e-05  4.261706372208026   176.489221076968  0.0007192088491588757 30.321985244750977          0 
  223.0017056830522 440.48901974619406 84.71134279213807 -69.07703266344296  4.504617531866699e-05 3.6452238639618955  358.6792694532382  0.0006782202500536117 39.083370208740234          0 
 414.36600860820187 458.76202981184343 84.70940771038049 -69.07696673069549  4.909649230775091e-05  2.673212690154238  289.5068176499871  0.0003975409888732781   42.5975456237793          0 
  334.7060708424148  525.7567305904438  84.7102131767265 -69.07672478592319 2.1750349017549298e-05 3.6318576007171974  87.74837993034514  0.0003250785208421906 18.871234893798828          0 
  469.5617137981262 128.20424301831895 84.70884974846001 -69.07816042286134 2.5372752157930676e-05  4.149855572517021  309.8014409793291  0.0004951057407873452 22.014137268066406          0 
 275.29611261819076 108.01057510299442 84.71081427507012 -69.07823329672509  2.971458068299676e-05  4.932753129705906 350.58274901802577  0.0008192430919859816 25.781232833862305          0 
  242.9985029980129 137.27901040019864 84.71114085904745 -69.07812759504274 2.4980566531098053e-05 3.0005656228521413 347.08460642325815  0.0002548431487167337 21.673866271972656          0 
  500.2792177646708  358.0324360414368  84.7085390088403 -69.07733049320886  4.868819551065169e-05 3.8334730284475693 151.17795398420978  0.0008107238013076956  42.24329376220703          0 
  256.7319471500105  366.5639350976321 84.71100177798166  -69.0772996260824 2.2235497940238257e-05  4.331502485704251 163.36570492035622  0.0004727030622017831 19.292163848876953          0 
  275.5522721545568 179.84863351565812 84.71081162363689 -69.07797388159295 2.2008857189341077e-05  3.745746340938749  78.80546900070942 0.00034989572843205466 19.095523834228516          0 
 119.14584261118858 302.84255529103217 84.71239313249515 -69.07752968216087 3.4749140220920936e-05 3.7349790679379176  215.9205824486182  0.0005492686706674567 30.149364471435547          0 
 341.59004619151455  129.1877190823431  84.7101438602731 -69.07815684251358 3.3585436586179065e-05  4.117217299405727 202.67921089969855  0.0006450939906961371  29.13970375061035          0 
  176.8825757455795  208.1268581456624 84.71180938304263 -69.07787173295932  3.810196764318931e-05  2.945774393277236   38.0757305922445 0.00037463710563335144  33.05837631225586          0 
 16.806402337941616 192.61469653768742 84.71342815068324 -69.07792768351919  2.579696548653692e-05 2.9130569082040743  64.30257448940999  0.0002480452876488549 22.382198333740234          0 
  584.2753105457844 462.20581702140584 84.70768959629845 -69.07695432369262  4.674277317928079e-05 2.8367500671283357   7.13495271234331  0.0004262074558959681 40.555389404296875          0 
  561.3092493312269  529.5795899356549 84.70792180251338 -69.07671102661169    3.8936540932381e-05  4.749845282508645 31.874860674408524  0.0009953612150008116 33.782474517822266          0 
  517.7141836439076  216.9676640181646 84.70836276741223 -69.07783989663837 2.5854208630639552e-05  4.054142064750666  359.1660618698024  0.0004814970111049586  22.43186378479004          0 
 247.40309578147998 478.50432809627125 84.71109601189855 -69.07689539392757  3.134214079705988e-05 4.0180991558746975 0.7254184154281385  0.0005733692225753158  27.19335174560547          0 
  424.6335215811775  515.3519552904675 84.70930385189571 -69.07676238042126  3.638951319857644e-05  4.164914768794146  226.2044513274573    0.00071524182548598 31.572599411010742          0 
  517.7083701598884 306.84936333580964 84.70836278614962 -69.07751532383487  2.925732699417809e-05  2.658048463425287  88.89089258164272 0.00023422047426486237  25.38450813293457          0 
   565.636733152315  264.2467537122973 84.70787814078628 -69.07766917353435  3.343750395769586e-05 3.2860282159721597 170.11152377414845  0.0004091107087399924 29.011350631713867          0 
  312.2016926255943 453.60569161539064 84.71044079403345 -69.07698532515771 4.4691808115307706e-05  3.767656328792403  111.3678099699239  0.0007188444239174044  38.77591323852539          0 
  325.7753765426456  177.2543145636476 84.71030374917743 -69.07798326444806 2.5035910097132527e-05  4.378064437680282  266.2926682500555  0.0005437410260485928  21.72188377380371          0 
  500.8644843017602 447.56185061284305 84.70853304815557 -69.07700719264473  3.593959800032809e-05 4.4071703532829165  312.1164336017327  0.0007909650813471783 31.182239532470703          0 
 108.43292515251304 106.77553492791768 84.71250168481825 -69.07823769767113 2.5813503834696293e-05  4.574606305770966 232.88321274161382  0.0006120949931536064 22.396547317504883          0 
  612.0726620870204 328.18262385306787 84.70740854989815 -69.07743829942572 5.0809750469878916e-05  4.575465708352344  266.9567460161299  0.0012052637423628017  44.08401870727539          0 
  222.9060805490857  294.3947621916972 84.71134389598865 -69.07756022600518  4.223052871881238e-05 2.6648561140809295 132.49864205904817  0.0003398118100611474  36.64043426513672          0 
  374.0096955241875  420.5037647602375 84.70981581726967  -69.0771048761523  3.732673383779013e-05  3.057736367344191  337.7879838050391  0.0003954435420008629  32.38575744628906          0 
  417.2947018007991 126.58140150965458 84.70937829922659 -69.07816627249402 2.1423534714295938e-05   3.10056802210641 224.64366357526796 0.00023336626481665644 18.587682723999023          0 
  538.2486798841442 418.92180822751726 84.70815503243729 -69.07711062092724  4.078732439646133e-05 3.5446692676033917  58.43188522612358  0.0005806856277743084 35.388267517089844          0 
  420.2148419536666  88.11283623382583 84.70934879271779 -69.07830518739385 3.4877165698388406e-05  4.763892318596217 16.691696255493255  0.0008968699592462232  30.26044273376465          0 
  591.0415760949315 452.50441590463043 84.70762117939213  -69.0769893573248  4.740190842271942e-05 2.7075028646731267  284.6760348710551 0.00039372962830815686  41.12727355957031          0 
  588.6224646531305 475.96251488345433 84.70764563365186 -69.07690464724199 2.2671629169134893e-05 3.5676838198992455  104.4339266050972  0.0003269790044866974 19.670564651489258          0 
  464.6300690106698  286.6964175485551 84.70889953503278 -69.07758808907671  3.078898580808493e-05 3.4897165128609364  55.90287962895539  0.0004248543807652892  26.71341896057129          0 
  266.4062043637153  208.5683401290493 84.71090408756227 -69.07787016874298  5.147567664850737e-05 3.4350821817048436 228.25534416743818  0.0006882413278906488  44.66179275512695          0 
 289.15964737951305  339.6669079466486 84.71067388822229 -69.07739676412048 2.4817152561037964e-05  3.600668539194078  342.9265333797312  0.0003645714528643358  21.53208351135254          0 
  583.7366316537659  397.9383801357964 84.70769506494645 -69.07718640048337  3.607463453756966e-05 2.8157178454742513  85.06415674556996 0.00032407432641637856 31.299402236938477          0 
  491.5041494762719 102.59839652660003 84.70862786827055 -69.07825289239517 4.0052438664188506e-05 3.7422505184201635  258.8382752254378  0.0006355637206636421  34.75066375732422          0 
 486.62854634492186 435.42052030083335 84.70867700743266 -69.07705103386917 4.7407231202004545e-05 3.3990010578767595 331.37988785104193  0.0006205997711587502  41.13188934326172          0 
 282.58194686500843  86.84931620822759 84.71074061460513 -69.07830971457693 3.9352063023358103e-05  4.806490373972491 139.76742367043423  0.0010301206166943267  34.14299392700195          0 
  533.5638223366797 452.65573947138375 84.70820239161512 -69.07698880325874  3.929963780954284e-05  4.095567686727648  298.7911207108461   0.000746932202994585  34.09750747680664          0 
  617.8848769699861  546.7921886830155 84.70734971495679 -69.07664887658606 3.6683799275713487e-05 3.2030665333218042 298.41191610562726  0.0004264524839575963 31.827930450439453          0 
 218.29024027526026 148.94831126364068 84.71139070977132 -69.07808544774667 2.4600184036295228e-05 3.1766442938805204  75.40743569090232  0.0002812807108297013 21.343833923339844          0 
  21.00149168410195 242.85545143402106 84.71338566433498 -69.07774626048577  3.288159567192706e-05 3.8787970453422536  293.4027365409343  0.0005605462058154697 28.529027938842773          0 
 496.33118135136846  291.8013113645298 84.70857896368834 -69.07756966048485   5.14314558149908e-05  2.693818458697359    339.00063088435 0.00042289240640957956  44.62342834472656          0 
  327.5924233180264  332.1209496989539 84.71028525636366 -69.07742402431887 3.5115338146879026e-05 4.6326120952041565   61.0019118279166  0.0008539120627493686  30.46708869934082          0 
   376.547941413146 237.82560289147952 84.70979027489915 -69.07776454790964 3.7398819292082084e-05  3.845753321641767 152.13131717705554  0.0006267367473899621  32.44830322265625          0 
  584.5542331986833 102.86017362488725 84.70768689592694 -69.07825196077009 2.0815755056963882e-05  4.296731051403172 216.52901498703454  0.0004354446208236568 18.060354232788086          0 
  559.4277722385033  238.1336407511473  84.7079409372692 -69.07776347006427 2.9173261014124323e-05  3.986155599701426 232.59934007489255  0.0005252401210876444 25.311569213867188          0 
 150.50493976347096  57.05747724602613 84.71207628297468 -69.07841725151945 4.8134823039809744e-05  4.006709823529512 189.34471459055214  0.0008755875576756209   41.7631721496582          0 
 177.46945974624578  522.7832073218796 84.71180312959113 -69.07673547413924 3.6572782822189126e-05 3.2901181955146064 18.682390327851607  0.0004485857024031343 31.731609344482422          0 
   123.086513012021 486.75585671075413 84.71235308071266 -69.07686555235634 3.4545623522750964e-05 2.8686167064581154  324.8254142567196 0.00032210873542766266 29.972787857055664          0 
  586.0031699574162 139.28528767989923  84.7076722314192 -69.07812042580844 4.1938549870508254e-05  4.252284286494882  269.6429092845865  0.0008592556827654742 36.387107849121094          0 
  522.9795355280293  81.91973514084805  84.7083095813513 -69.07832757054365 2.7999208651301048e-05  3.322043395854292  71.72863470561575  0.0003501231119934494  24.29292869567871          0 
  557.8546605374112  186.9895948614738 84.70795686442823  -69.0779481566844 2.8917894653914057e-05  2.964951891532014 30.154893994962002  0.0002880490144495459  25.09000587463379          0 
 457.59173940906396 196.57335932588913 84.70897075741954 -69.07791353209583 2.6521146521569182e-05 3.2005529995171966 247.12338979528337  0.0003078270368235212 23.010517120361328          0 
 170.36016231202214 313.03094723184364 84.71187523254136 -69.07749291026586 2.8245309624736177e-05 2.8559265382408685  240.9401261681672    0.00026103865573497 24.506452560424805          0 
 147.92424175199127 156.90224359780368 84.71210227452461 -69.07805669999972  3.704135876673756e-05  3.678657766328473 127.72981680249417  0.0005679761535527153 32.138160705566406          0 
  520.0998110882075  526.8412487940556 84.70833850628888 -69.07672090907286 4.1773782230734445e-05  4.033331711661013 28.343420489525748  0.0007700095307981697  36.24414825439453          0 
  540.4369983571123 140.52081220323547 84.70813301764737 -69.07811595817594  2.630005396355662e-05  4.861437966830672 20.512870240840595  0.0007042884346320983 22.818693161010742          0 
 323.57334820064165 375.36702321823515 84.71032586459968 -69.07726785684363 2.6837448042505512e-05 2.7758094998074174  28.73773363456427   0.000234306832193707 23.284950256347656          0 
  78.54851456973876 160.12621730694914 84.71280382892995 -69.07804503012797  4.339184597949302e-05 4.8694744988877225 12.973692305712653  0.0011658340575921304  37.64802932739258          0 
  329.7958111059441  541.3616046910504 84.71026281659678  -69.0766684336657 3.3461535216175745e-05 3.2975736886659197  97.81536958177458  0.0004122866774058976 29.032201766967773          0 
 119.20890485962177  156.3375142469262 84.71239265740711 -69.07805872816391  3.542461810937409e-05  3.498033789742715 142.50464603999004  0.0004911539012272782 30.735429763793945          0 
 108.89225710130312   530.220512503081 84.71249656254973 -69.07670859100291  3.478979366941459e-05 3.5818573539875436 356.72956744022355  0.0005057464533605962  30.18463706970215          0 
  505.5680775682617   391.365663934103 84.70848551178405 -69.07721012410754  2.265469247473358e-05  3.518683029553877 292.94839253582626  0.0003178212156059832  19.65587043762207          0 
   401.911607344028 260.90605006787155 84.70953377491077  -69.0776812078265 3.5746265714099235e-05 3.9647581231490814  273.1587678724138     0.0006366906831715  31.01449966430664          0 
  214.0278353001743  48.66781525393815 84.71143390861957 -69.07844757031471 4.0307630804328327e-05  2.665513462265354  58.50286445586925  0.0003244990673340378  34.97207260131836          0 
  387.6639100689658 214.30450745937065 84.70967788236024  -69.0778494878646  3.370729634382436e-05 3.3138876504951313 119.37948636679901  0.0004194342594109378  29.24542999267578          0 
  207.1298605876796   401.606152533596   84.711503325246 -69.07717306841108 2.7345951885525256e-05  2.993456487091755 141.20211412589384 0.00027765363585052804  23.72614288330078          0 
  90.78189730320531   94.3864736634664 84.71268019567441 -69.07828242874537 4.5626622289140336e-05 2.6975464098021296 350.19275681014295  0.0003762015583113462  39.58698272705078          0 
  268.6446337235656  146.2692579209603 84.71088150539038 -69.07809513833958   4.48128104055838e-05 4.5338861300465965  325.2493702036489  0.0010437772301516823 38.880897521972656          0 
  417.3521490091129 341.33911011799296  84.7093775866674 -69.07739075856072 2.4066703268220673e-05  2.705423685187287  42.33015642199433 0.00019959589234149922 20.880971908569336          0 
 348.08298507585414  487.0979086905555 84.71007793980137 -69.07686439075658 3.3565561689847176e-05 3.9142694387669685 103.33641971905303  0.0005827197978635999 29.122455596923828          0 
  617.1646250368602 300.45027021982503 84.70735706691711 -69.07753844455246  2.411189508305962e-05 4.6417978310714245 292.48482887294773  0.0005886649907525025 20.920181274414062          0 
 148.03035954524046  489.6110712261062 84.71210084812903 -69.07685525150299  4.299023134905848e-05  3.891088353932815 127.72597039901032  0.0007375243903057411  37.29957580566406          0 
 182.12379418181524  34.29258688817486 84.71175655667642 -69.07849946971349  3.582961962468221e-05 3.8515948455210878 261.90736545194073  0.0006022652583121547 31.086820602416992          0 
  276.6843205943469   411.921552053892 84.71079997924801 -69.07713584084462  5.126908065194743e-05  4.642179313162758 119.00102289671858  0.0012518830922630382 44.482547760009766          0 
  273.9107526095074 222.63349058330456 84.71082818689545 -69.07781938022221 3.5290351328976764e-05 2.8117198232478233    342.83839083589 0.00031612910939319796 30.618934631347656          0 
 321.61539720195765  497.3530167233327 84.71034556933057 -69.07682735132957  2.796498615534109e-05  3.531556892872381 318.61944601767453  0.0003951950016782764 24.263235092163086          0 
 484.67892190436163  403.5822892271669 84.70869673793591 -69.07716600491156  3.067854185169947e-05  4.645602692100202 322.41515253268966  0.0007502107163259364  26.61759376525879          0 
 102.31871956557347 472.00738841935487 84.71256309923857 -69.07691880240213  4.548890627725872e-05 3.0325248379214558 330.35183716263856  0.0004740003348902153  39.46749496459961          0 
  54.81193851328147 106.91361918967101 84.71304392839092  -69.0782371765802 2.5591241908369197e-05 3.9621418249725213 61.580690295424205 0.00045521421629266787 22.203704833984375          0 
  94.18446979370555  494.3158823799267 84.71264532642721 -69.07683824062688  4.967953713548626e-05 3.3860260627160086  312.9568422435696   0.000645390479205153  43.10340881347656          0 
  545.6026995593382  39.81842702979842 84.70808081982999 -69.07847960642157  5.168955045371088e-05 3.1806420206363533 26.506411379517118  0.0005925114672945048 44.847354888916016          0 
  42.48453824474776  385.9320281604044 84.71316824419463 -69.07722960470755 2.3081179961124427e-05  4.365337205371819  80.81797327939263  0.0004983770341565431 20.025903701782227          0 
 209.34957307023637  427.2111874549993  84.7114808548613 -69.07708060654757 2.7119117169650646e-05  2.934608074552146 282.07336377649204  0.0002646306747407507 23.529335021972656          0 
 396.59720368141427 143.31669148269862 84.70958759174249 -69.07810583484428 2.3848471179947973e-05 2.6963152606592304  303.1102702166884 0.00019645645514589115 20.691627502441406          0 
 184.11286830999623   427.024694250017 84.71173604845714 -69.07708127115747  4.941421759019215e-05  4.343272316880918  226.8735613030239   0.001056210457944581  42.87321472167969          0 
  561.6875170677166 118.75266170646948 84.70791813047445  -69.0781945683455  3.433027939377938e-05 3.7171584084409424 212.41149925028608  0.0005374819653494955 29.785947799682617          0 
 24.747753088778612  537.2857464043079 84.71334740787019 -69.07668304168469  4.587018443279199e-05  3.209256766517543  253.7249257168433  0.0005353081281263876  39.79830551147461          0 
 201.21335048042695  483.9650085676422 84.71156307306646  -69.0768756593867  3.309557011413925e-05 3.1209596281802416 223.77867095806928 0.00036526712698409453 28.714679718017578          0 
 392.38351303594277 170.97994948682623 84.70963018444495 -69.07800593876662   3.68821032543005e-05 4.7673515201376695 154.95195825206255   0.000949804999372714 31.999984741210938          0 
 255.94439255316203 387.57699285906455  84.7110097232766 -69.07722374534849 2.2025531852497688e-05  3.536567396481545  210.4692963921949  0.0003121437921549054   19.1099910736084          0 
  536.4819889469059  96.99626636408328  84.7081730306025 -69.07827312956631  3.455068896272513e-05 3.8392220385561227  75.75091524062645  0.0005770422227981119 29.977182388305664          0 
  401.7229291627228  395.1454939446675 84.70953559710586 -69.07719645423737 2.6720918168221752e-05  4.794289933038463  233.6224158600634  0.0006959281212726727  23.18384552001953          0 
 339.14095825866855  397.9529413032526 84.71016842688618 -69.07718630078826  3.217126447433087e-05  4.832208463128252  182.7152688819174  0.0008511848292173016   27.9127254486084          0 
   78.4166250659471  27.53321494460566 84.71280531884761 -69.07852383813298   3.78419746287376e-05  3.134857434829613  24.00320655695767  0.0004213798853020016  32.83279800415039          0 
 428.76771227008624 247.24568760205702 84.70926220680239 -69.07773054282315 3.6974188795174354e-05 3.2394651318651353 326.74358651743574  0.0004396526490757871  32.07988357543945          0 
 267.77172403363494  356.6667867549253 84.71089015124046 -69.07733536922012   3.61534480770221e-05 3.6831490712323682 236.30879355627343  0.0005557157909070818 31.367782592773438          0 
 41.714958763700245  56.96147430808311 84.71317643386485 -69.07841755357978 2.1685815469198186e-05  4.582732821016283  134.0959620365335  0.0005160469961241334 18.815244674682617          0 
   588.840401671181 331.88873319507667 84.70764347700297 -69.07742491370082 4.5115360871334535e-05 3.0604049973222054  322.6672800398672  0.0004787917525056298  39.14339828491211          0 
 149.37930930466223  374.1360426318637 84.71208733004964  -69.0772722451703 3.0286783232637605e-05  3.175923766698461  43.14186441028728  0.0003461447174224814 26.277692794799805          0 
 236.93099977355166 399.23763271230814 84.71120197719479 -69.07718163138674  2.531359726624587e-05 3.8962696746767724 199.34469060064043  0.0004354279503942873 21.962812423706055          0 
  14.95735288462443  76.17638818141107 84.71344699846308 -69.07834815433795  3.618333624160222e-05 2.9768910249415237  17.62634960003197  0.0003633280280476444 31.393714904785156          0 
  524.3983213641534  399.0634513996956 84.70829509599979 -69.07718232956852  4.852629649128395e-05  3.863347709939424 125.49283488453612   0.000820671142500303  42.10282516479492          0 
 283.89736890120554  319.2565259664853 84.71072711816893 -69.07747046671582 2.6061229415920116e-05  4.007905741406191 61.967467137336136 0.00047434499003709297 22.611480712890625          0 
  258.4581052621327  58.02903064109911  84.7109845937365  -69.0784137804411 4.6864324739442236e-05  3.074831638513767 301.05307154347963  0.0005020528840653292 40.660850524902344          0 
  297.5843719075177  91.60411470828639  84.7105888977954 -69.07829254889161 3.7930721818236846e-05 2.8753952908256926 254.26427840978167  0.0003553453543084613  32.90979766845703          0 
  169.9278578928147  381.4234445374764  84.7118795339583 -69.07724593720211  4.427757127925382e-05  4.029591790488124 192.55321321844715  0.0008146486033899105 38.416507720947266          0 
   555.741469940953 213.98162493139262 84.70797822352912 -69.07785068517776 4.0841835598663393e-05 3.7557159584257995 267.40191867358453  0.0006527624325548798  35.43556213378906          1 
 296.88522970022416  550.1088817743178 84.71059559482264 -69.07663683703598  4.537263509607028e-05  3.544066704673055  344.7297351753255   0.000645746703015052  39.36661911010742          1 
  513.1121411564189 488.52873462135165 84.70840918176962 -69.07685925870189  4.421423141524736e-05 2.7989988031469117 100.58402854677398 0.00039249300921930224  38.36155319213867          1 
 125.48745899201488 417.72488303701823 84.71232887849045 -69.07711483181515 3.2992244276664074e-05 3.8466111013351476 149.10222512188068  0.0005531371666540852 28.625030517578125          1 
 450.90541267427136  72.58997702262258 84.70903844114353 -69.07836124854774  3.133374958929012e-05   4.11881031440293 15.309081208044542  0.0006023104136069851 27.186073303222656          1 
  82.47701759647053  311.5839603453796 84.71276392480026 -69.07749810104082  3.696270776840715e-05  4.319628448295546  144.9151366112103  0.0007814856081130617  32.06991958618164          1 
  347.8150418442818 135.50069099995932 84.71008090545975 -69.07813404730231 2.9769449971400373e-05  4.183370981163761 124.06684589659001  0.0005903206695317032 25.828840255737305          1 
 255.38147245200796  324.9461655927268  84.7110154708539 -69.07744991204639 2.3157865983394398e-05  4.425028693423474 215.47913824352537  0.0005138012292222654 20.092437744140625          1 
 409.45054633905596 222.00538963716102 84.70945756346839 -69.07782168413564  5.164849862045714e-05 3.9265029191710057  289.5403238964223  0.0009022647096533369 44.811737060546875          1 
 335.33383101867423  263.1668898505878 84.71020702575629 -69.07767302717987  4.943715579596544e-05  3.906182279701888   330.600831876624  0.0008547181148294211  42.89311599731445          1 
  547.3992667468912  86.14785818937708  84.7080626334407 -69.07831230595328  3.828037890369643e-05  3.974222348482897   23.8947057553772  0.0006850858074677744  33.21316909790039          1 
  531.3355595334659  392.6309708003478 84.70822494908252 -69.07720555903255  3.514260599068068e-05  3.885885520215073  97.25114059031696  0.0006012822555781542 30.490747451782227          1 
 491.92262854887406 177.58719724729787 84.70862359974667 -69.07798209957726  3.255119679546423e-05  3.062708785704247  119.5134880013195  0.0003459734638845804  28.24236488342285          1 
  581.8764768146705 237.69843276742398 84.70771392917145 -69.07776504451321 2.5061082499181836e-05  3.227156565671751 129.19454573064965 0.00029573608407236604 21.743724822998047          1 
  591.6201978045189  149.5170463476824 84.70761542607174  -69.0780834784471 2.3853515799997132e-05  4.307109512099689 3.2708682352606067  0.0005014049857601575  20.69600486755371          1 
  161.2521089055977  313.6771144104537  84.7119673341851  -69.0774905735271  3.531548748999749e-05 3.5347422815834464  61.70678510179215  0.0004999713695770351 30.640743255615234          1 
  620.1088817743178 215.39762838098233  84.7073273173677  -69.0778455793837 3.0078511627033456e-05  4.519241425243909  26.81427993401549  0.0006960682874381949  26.09699249267578          1 
  307.5565926530453  534.7160511595465 84.71048770049988 -69.07669242532432 2.2240738305161488e-05 3.3224665534880815 26.684441127728938   0.000278185734713874 19.296710968017578          1 
 476.17484848583365 223.88561374313758 84.70878282392317 -69.07781490802994 4.1776674728332425e-05  4.321790860118437  68.26935647768317  0.0008841496563749344  36.24665832519531          1 
  310.2324945101486  221.1362372504897 84.71046089045358 -69.07782479762894 3.6904087730434304e-05  3.300417285895585  185.7848902278149    0.00045548764410333  32.01905822753906          1 
 174.32305974342404 380.93098766147614 84.71183508986911 -69.07724771712216 5.0050905572472306e-05 2.6966857352289932  9.785256039059348  0.0004124174528062269 43.425621032714844          1 
  482.7842135192486  354.0653157761856  84.7087159222369 -69.07734481586446  3.591023074401579e-05 2.9061210428019932  287.7464863538796  0.0003436449881008319 31.156761169433594          1 
  304.0584494168082  540.9182781034687 84.71052306810456 -69.07667002739589 4.4404872852836996e-05  2.990184340719537  77.36645048092085 0.00044987408544977324  38.52696228027344          1 
   406.470017144441  88.88231961413462 84.70948778758996  -69.0783024056627   4.43485935939736e-05  4.059392316100487  37.69206918659694  0.0008280686115879934  38.47813034057617          1 
   577.861196213924 294.66857134018124 84.70775451326138 -69.07755931852272  3.470065171062778e-05  3.406289435756531 236.97372324901949 0.00045621036369881333 30.107295989990234          1 
 14.891118225682193 192.09131462831573 84.71344751944565  -69.0779295726324 2.1469606000123093e-05 3.1102317550592202 220.57244531280875 0.00023532821311911714 18.627655029296875          1 
 306.23374552612637 362.84389782074896 84.71050121405304 -69.07731307438824 4.2116491541462015e-05 3.8308995564303903 247.86493785854915  0.0007003548434809639   36.5414924621582          1 
    353.29839685117   273.231133183352 84.71002535601667 -69.07763668879198 4.3123754438442844e-05  4.905982118431822  285.7367446468342  0.0011760692815958788  37.41542053222656          1 
   237.305873419958  492.7569099270395  84.7111981010759 -69.07684392300945 5.1265272959853327e-05  3.553399623182563 102.55375383879908   0.000733458926231583  44.47924041748047          1 
  549.0630172112105 421.03637530310056 84.70804567694043 -69.07710298654429 2.8321827100940785e-05 4.2382528261842936  350.0825135032608  0.0005764470328468137 24.572839736938477          1 
  574.5536959663942  274.2072560166392 84.70778796659368 -69.07763320619462  4.915122377557706e-05  4.427472674749423 296.30532502621514  0.0010917181605682145   42.6450309753418          1 
  577.8293735147079  68.34271301523272 84.70775491322695  -69.0783766063395  3.888436890749354e-05 3.9239071521134403  227.7978426062991  0.0006783860677725317  33.73720932006836          1 
  75.97711646298924  62.35332619952415 84.71282994760946 -69.07839809781532  4.844060074417771e-05 4.3247837485932115  4.604378895320185  0.0010266034834961783 42.028472900390625          1 
  359.7916502760402 319.74784946351804 84.70995966163657 -69.07746871341767  3.336836641430413e-05 3.6083498178590028  169.0332631347151  0.0004922850361436061 28.951366424560547          1 
  380.8568127293364 469.13955650274613  84.7097465464188  -69.0769292485661 4.2236967946689096e-05 3.3497785042295605  296.7663923105189  0.0005370186111744945 36.646018981933594          1 
 303.56414112272927  92.01980721720508 84.71052842672513  -69.0782910495043  3.411132607820803e-05 3.4594362290460583  68.31539156575397 0.00046256597245795646 29.595977783203125          1 
   267.715300737353  407.4129113449184 84.71089067804027 -69.07715211930913   3.11172857073925e-05 3.9045290723849044  37.65743279016596  0.0005375309181764928 26.998260498046875          1 
  563.1438900784918 219.95786313159778 84.70790336545839 -69.07782910531161 2.2998468415121682e-05  4.487744898882763 237.24290265797768  0.0005248312173608677 19.954139709472656          1 
 166.02723754363947  317.9013741989327  84.7119190428501 -69.07747532102204  2.746527575946988e-05  3.465835633479411 277.58233758964707  0.0003738215287671981  23.82967185974121          1 
  310.9433498748752  128.6938821100513 84.71045377510194 -69.07815861744423  3.490652126856692e-05 3.7838886923164106  79.77272672637906  0.0005663014783800064  30.28591537475586          1 
 271.24601349683513 139.66017166458442 84.71085520469576 -69.07811900528192 3.2790282541451535e-05 2.8435573488713284 206.28367619678903 0.00030042326534199774  28.44980239868164          1 
 174.99626642711024 257.58668717793125 84.71182840778326 -69.07769312733824   2.31755341381123e-05 2.9478289799020523  291.5562015502009 0.00022819112043133543  20.10776710510254          1 
  484.7538050619862 445.94454833638247 84.70869595951261 -69.07701303010064 4.7917093947356305e-05 3.6047934785092215 162.75626445946895  0.0007055302985684831  41.57426071166992          1 
  589.5846356883891 418.71656244406995 84.70763592290994 -69.07711136884892  3.175495967963686e-05  2.657563173101546  348.0023599282495 0.00025412253551862984  27.55152702331543          1 
  620.1088817743178 453.56334612553394 84.70732725190148 -69.07698553651485    3.5873620747519e-05    4.2889876943475 171.26488097601558  0.0007477376232714372 31.124998092651367          1 
  548.3119534120763  429.4346018075961 84.70805326838739 -69.07707265950962  2.498262808248526e-05  4.217970732369432  346.0905474525546  0.0005036277674277881 21.675655364990234          1 
 410.93084728128963  476.5478480973873 84.70944243544061 -69.07690250336817  3.152530458592567e-05  3.937881884908955 217.48856210352687  0.0005539225973584936 27.352272033691406          1 
  578.5271224481301  282.3330956333093 84.70774778351793 -69.07760386337802  3.988737243650015e-05  4.005959846678588  84.92790055786737  0.0007252922424175797  34.60744094848633          1 
 136.08873231382321  50.48749110633556  84.7122220755824 -69.07844097096184  3.339208855261562e-05  4.576951599547944 224.38337821062015  0.0007926120005355919 28.971946716308594          1 
 294.53632414725865  260.2753920607104 84.71061958342617   -69.077683457283 2.9933027108662523e-05  4.361856961896679 250.00309593692003  0.0006452944036556284 25.970766067504883          1 
 348.63539452416114  398.2440094849642 84.71007241852779  -69.0771852522019  4.765633593183806e-05  3.357976129220538 335.83903549114734  0.0006088920137789743   41.3480224609375          1 
  273.5292405093376 214.79445411302459 84.71083205155774 -69.07784768773769  4.364476018708118e-05 2.8008644726767673 201.36727694413136 0.00038795443548214175 37.867462158203125          1 
 137.63707734055174 181.19414342927266 84.71220627668903  -69.0779689753178  4.481979002543635e-05  3.667149342301186 161.99719966727923  0.0006829539658580444   38.8869514465332          1 
  482.7224473857709  95.05338980207756 84.70871667734514  -69.0782801366954  4.402622524207427e-05  4.688893426763272 58.457654586238526  0.0010967726073812635  38.19843292236328          1 
  306.2830288296402 340.58947727283083 84.71050073345488 -69.07739343758733  4.272927884064005e-05 3.0219659219237034 248.05131158963096  0.0004421494698314649  37.07316589355469          1 
  513.6695085186736 393.55525970577526 84.70840358868725 -69.07720221856204  2.373871522441954e-05 3.6967977354489023 223.81428842087945 0.00036759788996448985 20.596399307250977          1 
 284.02713520963925  80.16654777108137 84.71072600563063 -69.07833384722782  3.331794792907738e-05  4.088270203095447 10.035589258950427  0.0006309890876681542 28.907621383666992          1 
 14.891118225682193  97.28387564719004 84.71344764116638 -69.07827193282574 2.3767479056062487e-05  4.570813794539349   92.3806692300967  0.0005626451751156378 20.621356964111328          1 
 158.58699105536556 320.82428563181907 84.71199427688195 -69.07746476330607 3.5939843989004555e-05  4.809058367394613 150.33371909520523  0.0009418043762265214 31.182453155517578          1 
  495.7147145722161 116.63556397580739 84.70858528201258 -69.07820220335435  4.320626887785513e-05 3.6636831712704505 229.61341456685642  0.0006571235073468374  37.48701477050781          1 
  233.7800033330205  495.5588310817763 84.71123375169363 -69.07683380380762 3.9237866578331334e-05  2.934871658069302 275.06221351124117 0.00038295525644903506 34.043914794921875          1 
 304.08911234643114  199.9801174611501 84.71052303136962 -69.07790119298029  3.122057906752732e-05  4.348763959791229 324.02947728374534    0.00066901683436755 27.087881088256836          1 
 413.30159308167345  364.4017002696956 84.70941853215486 -69.07730747609396  5.092374660674241e-05  4.348914657847583  141.1891226456492   0.001091305990730997  44.18292236328125          1 
    258.69136414973  82.68387942959525 84.71098221324712 -69.07832474911619 2.4251096698102107e-05   4.82856547067926  2.253394054033535  0.0006406665542769247 21.040956497192383          1 
  498.3771995970602  41.86731112499962 84.70855839332899 -69.07847220027894 5.1614223494215746e-05 3.0674708905552444 152.55032095755027  0.0005502939251145391  44.78200149536133          1 
 272.44547444835536  80.54357485582864 84.71084312569421 -69.07833248224702  3.689106537545724e-05  4.028581801066259 172.93119890656615  0.0006784064848915746  32.00776290893555          1 
  582.5000013674123 418.42566640764016  84.7077075628893 -69.07711241846773  2.696806514988421e-05 3.7881913954023423 114.08296879737506  0.0004385085196480322 23.398277282714844          1 
 464.90947847607157  35.41887620508511 84.70889684366973 -69.07849548024961  4.904098809917261e-05  3.691524069290841   144.032132090886  0.0007572426055252761  42.54938507080078          1 
 118.29943481566488  448.1936674677488 84.71240152999984  -69.0770048028124  4.080235806422933e-05 2.7165524122163323 134.43005962422353 0.00034118180320433087  35.40131378173828          1 
  588.2732089576511    482.50322162909 84.70764916315012 -69.07688102798234  4.263000512713179e-05 2.8210109170377757  242.3957376598805  0.0003844052752045849  36.98703384399414          1 
  129.5170623805148  414.5633375137311  84.7122881345557 -69.07712625008445 2.8098230935049042e-05 2.8689659689211533 285.22290600925646 0.00026205605052319087 24.378843307495117          1 
  416.6710917247044 220.61117753370632 84.70938454774189 -69.07782672038925 2.4702288465357522e-05 3.2165333574378026 120.44814232709311   0.000289586111013357 21.432424545288086          1 
  325.1210744676763  261.3673081013287 84.71031030126285 -69.07767952290456 2.9445878094619467e-05  4.098938491989749  5.144473839512953  0.0005605724279275805   25.5481014251709          1 
 289.28962614383374 305.00838334968154 84.71067260249932 -69.07752191994162    2.1075868694239e-05  3.226202039243047  294.6358186209487  0.0002485610227631083 18.286035537719727          1 
 147.07162291556173  65.84851518486008 84.71211099342321 -69.07838550480447  4.668025877976881e-05  4.048340203385918 187.94876581185943  0.0008668654184197422  40.50115203857422          1 
 56.482576090266086 117.41429860720935 84.71302702126806  -69.0781992581858 2.6959003719557005e-05  4.275751636304506  321.0230569621268  0.0005584614507139858  23.39041519165039          1 
  308.4824047695599  226.1873866857023 84.71047858393929 -69.07780655687161 5.0326235692868264e-05 3.1011605124155177   260.455517326982  0.0005484125166391786  43.66450500488281          1 
  555.1468780288398  426.4793093067703 84.70798415482732 -69.07708333234834 4.0291065753209034e-05 3.0064480991271503 139.33728883887613  0.0004126488103728812  34.95770263671875          1 
 169.72205046585594 202.84173010409717 84.71188179826805 -69.07789081553628 5.1298627532287015e-05  4.560630943657276  205.2961717876061  0.0012089825304901754   44.5081787109375          1 
 63.171996887169854 424.50905069133995 84.71295900489419  -69.0770903078108  4.443506097876013e-05 3.5855804912149694  197.1946339964976  0.0006473052856283799  38.55315399169922          1 
  176.6178429462479 433.30118706481966 84.71181183174618 -69.07705860334693 3.8640557593502196e-05  4.319456713053396 167.74049766579083  0.0008168946604629943 33.525672912597656          1 
 285.91216444806327  130.7714579191695 84.71070690102935  -69.0781511078364 4.1453456403683135e-05  4.779510517367117 105.24261770529145  0.0010729809502971863 35.966224670410156          1 
 478.44121129264175 450.44882045566925 84.70875978992493 -69.07699676353342  2.250211513330655e-05 3.3236092931118626  66.00804086562063  0.0002816486617412813  19.52349090576172          1 
  296.8200739801888  533.9338999851885 84.71059626682589 -69.07669524667328  3.420234101065775e-05  3.876675759477144  66.78467215587946   0.000582423929865521 29.674945831298828          1 
 423.76317962181366  476.3430686587498 84.70931267614998 -69.07690324565799 3.7090807176297744e-05 3.7568792544938017  244.3761369250039  0.0005931781964353507 32.181060791015625          1 
  145.1948169166849  314.7044108427947 84.71212970736967 -69.07748685780635 2.3000424345167125e-05 2.6708993826344654  319.3754575669797  0.0001859153824436116  19.95583724975586          1 
 16.291921551101062  91.52523615295503 84.71343348286116 -69.07829272855426  4.429908430830152e-05 3.5163170537977653   131.103562669429  0.0006206335136482065 38.435176849365234          1 
 253.53155787758052 439.30528988058506 84.71103407617764 -69.07703694795954 2.6955876165064277e-05 3.0818967382644384 147.45448485240368 0.00029010421530041515  23.38770294189453          1 
  251.1275487761613  386.4876665301293  84.7110584324601 -69.07722767750295  4.007483376896623e-05 2.9440675549326523  72.45819760345411  0.0003935787954204413  34.77008819580078          1 
  51.41569602385271 163.73440880147513 84.71307820349709 -69.07803198891735  4.598762414738515e-05  3.876484924706049 124.59515578931192  0.0007830357532930572  39.90019989013672          1 
 221.71390034303735  355.1070907655639 84.71135589456219 -69.07734098664258 2.8962660231843713e-05   4.64041530868715 265.72759882137274  0.0007066698645362866 25.128847122192383          1 
  597.2652834180765  458.8745732184267 84.70755824356895 -69.07696635468608 2.1487081367507634e-05  4.773529679619927  37.15505632537009  0.0005547803919490574   18.6428165435791          1 
 138.86994864934647  203.9686850379928 84.71219378486416 -69.07788673439276 4.2969567942156013e-05  3.657738895312818  285.1392335717362  0.0006514045806666409 37.281646728515625          1 
  75.75623786841437  33.16494359505388 84.71283221578047 -69.07850350021403 2.1973963135863037e-05  3.635413992156104 5.2154370786004245  0.0003290641425984077 19.065248489379883          1 
 469.42406878843497  33.48910805664637 84.70885119022556 -69.07850244971104   3.24467310172095e-05   4.83774311688607 216.42617169254365  0.0008604407620296863 28.151729583740234          1 
 423.50093268085527  460.2491434483207 84.70931533766618 -69.07696136255362  3.667122985073804e-05  3.473387916356577  93.50403281848698  0.0005012985791817157 31.817026138305664          1 
 146.74080968606756   314.093989317566  84.7121140746595 -69.07748906269441 3.7074500861181066e-05  2.856301086592308 209.85990817404505 0.00034272651374020566  32.16691589355469          1 
  477.9679873427968  446.7576603592502 84.70876457703356 -69.07701009263621  3.085209263115877e-05  2.923351247932342 1.7274498039705133  0.0002987521552635636 26.768173217773438          1 
 14.891118225682193 431.78435203295163 84.71344721172846 -69.07706401444923  4.215744613470686e-05  3.458819878397868 214.93724146686728  0.0005714715397156549   36.5770263671875          1 
  261.0328619930087  328.0660090700847 84.71095832034774 -69.07743864771729  5.061628143974978e-05  2.924590248829805 225.21415200131779  0.0004905516172599469  43.91615676879883          1 
 440.79350263394446  412.5344070987808 84.70914050363032 -69.07713366940018 4.1543206632360716e-05   3.45250790434756  352.1819503094249  0.0005610916415680262  36.04409408569336          1 
  175.5691129317578  350.4734320992857 84.71182252063304 -69.07735770319138  3.093862986301369e-05  3.678073355637185 238.01880997750425 0.00047424883231357616   26.8432559967041          1 
 140.97577692137114  418.3175134935415 84.71217225983044 -69.07711269777016 3.1064599775636585e-05  4.406685035587348 330.23166771633754   0.000683524686758041  26.95254898071289          1 
  551.4441832412317 218.78212694034085 84.70802167732549 -69.07783334943963 2.9475190507626044e-05  4.040267166718142  291.2156883833145  0.0005451816246593579 25.573532104492188          1 
 433.74839026463405  312.5292112485796 84.70921180249445 -69.07749479781494  3.149847523052731e-05  4.272834843350666 196.56674400792505  0.0006516076350109903  27.32899284362793          1 
  177.9257933573429  321.3488057848961 84.71179871906732 -69.07746287630584 2.6093848622157882e-05 3.8347888693424115  353.6308673972547 0.00043479593507134547 22.639781951904297          1 
  585.1351672853326  405.2059881661813 84.70768092047275 -69.07716015651025  3.492104958977472e-05 3.0175356449462534  313.3487185746736  0.0003602935825302951  30.29851722717285          1 
  77.03212227373442 226.56081973224477 84.71281908494514 -69.07780512676034  4.761298045328372e-05  3.289747940555468  50.09272378954884  0.0005838684870320872  41.31040573120117          1 
 372.92423289484447  316.9388470925259 84.70982686461538 -69.07747886031026  4.026477601457833e-05   2.90481909160039 207.74330626438095 0.00038497088760481094  34.93489074707031          1 
   274.978522737524 210.88636351484263 84.71081739923405 -69.07786180072766  4.906785499147687e-05  3.769059169682753  80.66015759042335  0.0007898186859194737 42.572696685791016          1 
   528.599265412628  431.0638604595884 84.70825260220364 -69.07706677318241 2.2976431358803614e-05  4.446353669892776 144.31236719437797   0.000514700991409888 19.935020446777344          1 
 310.19620883399006 61.070132124384116 84.71046138408879 -69.07840281410725  2.621376601397223e-05   3.59944915381628   305.183099966832  0.0003848273454496949 22.743825912475586          1 
  72.17880786495516 333.63500228587293 84.71286803601757 -69.07741846794039  4.863961321199161e-05 2.6586563707129933 335.55832112179024 0.00038956412022470114 42.201141357421875          1 
 387.12711057843416  69.04539536795556 84.70968340701549  -69.0783740345297 2.9230138958326684e-05 4.8924802621996415  321.4291069755001  0.0007927814228007064 25.360918045043945          1 
 131.06438716268676  490.9473957214054 84.71227240471956 -69.07685041936791  3.576650695922544e-05 3.7894960087532232  21.28650527273665  0.0005819743665730094 31.032062530517578          1 
  507.9086740016964 220.05475525685088 84.70846192267895 -69.07782874722004  3.241043365025415e-05  3.819031395128526  151.3704123698256   0.000535618685620414   28.1202335357666          1 
  604.2870410242458  81.25730038218488 84.70748735372831 -69.07832997338441 2.1724366069902307e-05 4.2651349061212604  50.47206669572162 0.00044779277031112264 18.848691940307617          1 
 295.86732756504864  219.4324174729893 84.71060615726127 -69.07783094618988  3.230195824529779e-05  4.878927296402703  336.8938194298487  0.0008712483421859471 28.026119232177734          1 
 193.09158489477306  427.1015360403266 84.71164525564966 -69.07708099686099  2.134076941671971e-05 3.0242545547074458   94.0988241544532 0.00022116234210644114 18.515872955322266          1 
  525.7347071522748 219.43668713231307 84.70828166004723 -69.07783098197868  4.482059353330438e-05  3.196465268711865  40.34533161688012   0.000518898008117971  38.88764953613281          1 
   83.6750835747335 201.18553569459343 84.71275193880612 -69.07789676251643 2.2736957578775893e-05 3.9806397680445085 178.83284504612766  0.0004082277532091761 19.727245330810547          1 
  515.9809064537578  399.2666891596347 84.70838021315389 -69.07718159432746 2.1700678635518487e-05 3.0588906618278617  57.67981144026579 0.00023007299352713014 18.828140258789062          1 
 473.87770690748386 411.68267956600044   84.708805955983 -69.07713675153629 4.0802880726903266e-05  4.910378758960858  230.6812294144918  0.0011147698929704906 35.401763916015625          1 
 470.29873855008805 330.77853491368495 84.70884218902555 -69.07742890472474  3.208440542919423e-05  3.256466298607374 146.33681526770675  0.0003855241531808738  27.83736228942871          1 
 137.77623638172213  33.13622168179811 84.71220502921437 -69.07850362897433  4.682791450970772e-05  4.401228814077693 21.416214213201748  0.0010278201609745235   40.6292610168457          1 
  77.30546781467525  50.94524167577236 84.71281652798051 -69.07843929423598 2.7856786481437107e-05 2.8682575066886646 248.09234919712907 0.00025967594064084723 24.169357299804688          1 
 14.891118225682193 507.19580392517656 84.71344711492087 -69.07679169531971 4.8723955582209966e-05 4.3402644678752225  266.8276723393694   0.001040014383820508 42.274322509765625          1 
  363.6713221115246 324.41440015434796 84.70992042644515 -69.07745186296226 3.9916258747331865e-05 4.3824238129594955  47.30794341249581  0.0008686463497969866  34.63250732421875          1 
  491.0169862700395 397.78453186374844 84.70863265005784 -69.07718694237875  4.596159283455979e-05 2.8813729078657526 171.88918193524302 0.00043237286267612665  39.87761306762695          1 
 365.21213857118204 437.02206254333163 84.70990476665321 -69.07704522456834  3.210800960623746e-05  3.470175038830329 303.07008065119214 0.00043810737865307165  27.85784149169922          1 
   369.953647649438  329.8598691428645 84.70985689476203 -69.07743220033274 3.0512390764455277e-05  4.797359960491077  286.6294306991056  0.0007956925103975421  26.47343635559082          1 
  80.99365850577598  71.16681995953284 84.71277920697051 -69.07836627342033 3.1320452050006685e-05  3.418362496898998 275.75156733589563  0.0004146948789090895  27.17453384399414          1 
  41.05268742592917 154.79328464284697 84.71318300981908 -69.07806427175218 4.7540801781098344e-05  4.913274944649533 13.593611922769057  0.0013003883129328701  41.24778366088867          1 
  287.2899846558989 259.07909211162183 84.71069286137745 -69.07768777512362 3.5536371299102446e-05 2.6819083083185995 294.78231998726926  0.0002896178669539345 30.832387924194336          1 
 225.79064115289083  410.2002840402479  84.7113146187355 -69.07714204036323 4.5625520418816464e-05 2.7023290953671024  88.17262266516856  0.0003775276162858296 39.586029052734375          1 
  315.5868090750703  533.6531800108048 84.71040650126947 -69.07669626573323  3.358763375884042e-05 3.5195462419958394  273.7720488060586  0.0004714299615784239 29.141605377197266          1 
  132.2954986913682 43.136530960491264 84.71226044311966 -69.07846751462586 3.5418933706802066e-05 2.8057651858224473 104.68487453812223 0.00031593849656794674  30.73049545288086          1 
 354.75492555406134 328.32557567210915 84.71001058771742 -69.07743773701286 4.9812328224493995e-05 3.8785919785366905 175.88154514921408  0.0008490816423991103 43.218624114990234          1 
 402.30328082414013   537.736133294892 84.70952963759892 -69.07668154372878  2.163888705133207e-05 3.5293254766970117  16.71727203276168 0.00030540965513472666  18.77452850341797          1 
  480.2543267599453  339.8542989933333 84.70874151196489  -69.0773961329679  4.976653173883741e-05  4.384811381435426 11.863690627820631  0.0010841855845244652 43.178890228271484          1 
 115.06731116253717  434.8675707923055 84.71243422798389 -69.07705292354196  3.486478901009661e-05  3.212569403829612 238.57489693909295  0.0004077148214288847 30.249704360961914          1 
  146.8758026275475 170.69359777397156 84.71211286213565 -69.07800689748974 2.4186330920008052e-05  4.794399640473086 104.64537671686608  0.0006299453510275483 20.984764099121094          1 
 398.22446792712145 222.48043108557164 84.70957108504132 -69.07781996616086  4.633868298241882e-05 3.9948509962900864 200.77959171177233  0.0008379329665572891  40.20478820800781          1 
   590.550643103562 161.81485630012145 84.70762623791117 -69.07803906956553  2.095552870692267e-05 3.5763904342699733  332.4041959752151 0.00030370566445029094  18.18162727355957          1 
 102.52425573290667 382.17944894256436 84.71256112306736  -69.0772431811538 3.2274795587431834e-05 2.6836776716215973  94.62007722143194 0.00026338353747840934  28.00255012512207          1 
 235.77120262417188 485.55449246055065 84.71121362608426 -69.07686993123802 4.6559150662393815e-05  4.550025241872464 274.84028506113657   0.001092187197619376  40.39607238769531          1 
 180.59437757015823 28.064453807940456 84.71177202940585 -69.07852195964432  4.951571771744183e-05 3.6074227632103306  5.173989233286762  0.0007301323337942852  42.96127700805664          1 
  155.2845253685481  99.68447179247629 84.71202790413236 -69.07826332250538  4.154301602623553e-05 2.7853165792096335  27.30841618000978 0.00036518385761182096  36.04392623901367          1 
  50.26228955230769  209.7824766344079 84.71308981083938 -69.07786570372515  4.272446917921408e-05 3.9116085602564037 242.83639409918192  0.0007407162488061717 37.068992614746094          1 
  526.0197169997098 391.41329061423437 84.70827870368325 -69.07720995539987  4.596341824763776e-05  3.520467040684212 217.12751277565803  0.0006454718473161928  39.87919616699219          1 
