|                 X|                 Y|               RA|               DEC|             Flux_Peak|              FWHM|                PA|       Flux_Integrated|       Flux_to_RMS|IS_OVERLAP|
|            double|            double|           double|            double|                double|            double|            double|                double|            double|      long|
|                  |                  |                 |                  |                      |                  |                  |                      |                  |          |
|              null|              null|             null|              null|                  null|              null|              null|                  null|              null|      null|
  375.9001278691167  55.23411759299664 84.70979695032204 -69.07842390589141 4.7336401530430015e-05 3.3423237568807993 218.35192838492966  0.0005991791496082876 41.070438385009766          0 
  587.7920371142841 303.44784859042113 84.70765408757582 -69.07752761677236 2.5138181538335758e-05 3.1589589673908938 101.00471392135833  0.0002842406895640183 21.810617446899414          0 
  17.33841077014516  235.7854461737494 84.71342271556084 -69.07777178939007  4.536437485562226e-05 4.6344063786720975 262.31937027437345  0.0011039961967550353  39.35945129394531          0 
  591.3426804195115 251.13712452656517 84.70761819964675 -69.07771651702213 3.9969844581647176e-05  3.166167288488626  172.7164384480534 0.00045400913905375837  34.67899703979492          0 
 214.38947547202912  495.7904062704731 84.71142982616713 -69.07683296108925  3.087739712807548e-05  4.502136386444553  73.11011537976192  0.0007091570068627874  26.79012680053711          0 
  431.9037935284439 275.72132633319393 84.70923047706461  -69.0776277147901  4.494274548824874e-05  3.321300554402511 163.14349150776385  0.0005617465005289953  38.99363327026367          0 
   513.750105122907  513.2219773989802 84.70840271958184 -69.07677008876175 2.9307070936150985e-05  4.693684698112644  120.0874306663622  0.0007315847773253328  25.42766761779785          0 
 296.18411139095105  173.2995968041263  84.7106029914293 -69.07799753702274  4.239959427645527e-05  3.513599017147874 245.24799939568635  0.0005931035384671927   36.7871208190918          0 
  516.0302700926479  82.59051073508257 84.70837985598207 -69.07832514720008   3.66993721955445e-05   3.30650651643115  334.8335046419864   0.000454633905454274  31.84144401550293          0 
  282.0360977869774 152.67991759870625  84.7107460793376 -69.07807199279843 3.0187198830706078e-05  4.751360100025847 299.63193124073996  0.0007721881422160601  26.19129180908203          0 
 262.31871846134084  266.7982579697857 84.71094537094675 -69.07765989277368  4.687294589352127e-05  4.175517112482356  324.4908195179525  0.0009259919372395714 40.668331146240234          0 
  528.3497016343634 31.595094278646247 84.70825529670493 -69.07850929924226 3.4224478107863504e-05  2.877781864805237  85.14468220983922  0.0003211567079140997  29.69415283203125          0 
 205.11338671416408 108.33386841866441 84.71152399941312 -69.07823210651448 2.4350993762170775e-05  4.343774023981137   76.7404692601185  0.0005206136581552428  21.12763023376465          0 
  320.6230814727192  340.6545114447723 84.71035572480605 -69.07739320676716  3.452439063757322e-05  3.946347376211539 163.99379281847504  0.0006092296967718379 29.954364776611328          0 
  162.3201778472244  547.6280751512088 84.71195629083871 -69.07664575101433 3.2378739262865835e-05  4.175216712120187 1.3363167766786477  0.0006395616278816965 28.092735290527344          0 
  22.76856432530526  331.9235552118272 84.71336768198722 -69.07742462647208  2.736104025691478e-05 3.0711418605105636 146.66864731577044   0.000292413070137586 23.739234924316406          0 
 53.686356431703636 200.60160019041996 84.71305519664747 -69.07789885838405  4.069161728536479e-05 2.8423283552762117 232.57837153727635 0.00037249278646078895 35.305233001708984          0 
 135.40537733429443  88.80889353835688  84.7122289445914 -69.07830258785648  3.953661638054033e-05  4.199448215076623  71.11218074434785   0.000790038725112415  34.30311584472656          0 
 111.25311434615998  482.2918741342458 84.71247274380842 -69.07688166758889  2.620372965135061e-05  4.961599419937429 277.97155849351435  0.0007309218194981472 22.735118865966797          0 
  616.4084380758361 453.82573908594117 84.70736467053023  -69.0769845886174 5.0359397558232574e-05  3.152067080950762   208.418177813086  0.0005669383679423606  43.69327926635742          0 
  254.9718650441474  391.6949937942356 84.71101955389483 -69.07720887448308 2.4081618282359784e-05  3.510239450564087  9.110917575890038 0.00033622002342626785  20.89391326904297          0 
  433.0088306900435  66.59234401409925 84.70921942537522 -69.07838290301194  2.503098480821381e-05 3.2587937730738568 324.09183980830625  0.0003012007941051387 21.717609405517578          0 
 236.57786220082428 239.16155416230905 84.71120569448357 -69.07775968377464 3.6590797627584567e-05  4.724042878361886  353.3720735532946  0.0009252603646149766  31.74724006652832          0 
 52.977011061984356 115.62686296757317 84.71306247351254  -69.0782057112904 2.2991094079526342e-05  4.072266104205307 28.677743677368387  0.0004320125445175159 19.947742462158203          0 
   156.377227116733 304.63489988680914 84.71201663935905   -69.077523224151  3.143544086271066e-05  3.150775969312522 163.44741702522953  0.0003536055108268391 27.274301528930664          0 
   46.2298168134264 25.283709172643153 84.71313081587712 -69.07853194750027 3.0380845484112728e-05 4.8726356623129075  65.08430276885379  0.0008173200541482154 26.359304428100586          0 
 471.21529038503525  369.0976364485191 84.70883290066739 -69.07729053036313  4.665961081316654e-05   3.57145823878357 185.40800435928028  0.0006743675820664704  40.48323440551758          0 
 190.48163439513482  354.3368775989533 84.71167171956782 -69.07734375720453  4.081252638576235e-05 2.7315886959661477 52.554184997890374  0.0003450551497345557 35.410133361816406          0 
 362.36332243613145 17.088056859941368  84.7099338696917 -69.07856165220326  3.650170278497935e-05 4.7142076538796545 242.53460606651618  0.0009191681391796831 31.669939041137695          0 
  154.2275088856417 148.39933475931576 84.71203854202595 -69.07808740732692  3.114409942089851e-05 3.9539943323409603  9.745366171675794  0.0005517118122054979 27.021526336669922          0 
  398.7323277371921  355.1754648876952 84.70956586394671 -69.07734078976803 3.6300724790405144e-05 3.1660792932447612 257.63637114309137  0.0004123094525506958 31.495563507080078          0 
  535.2016763271648 174.41244875342494 84.70818594558119 -69.07799357094041 2.7297815624628444e-05  2.835776334623583 345.74597614303093 0.00024873463584473946  23.68437957763672          0 
 446.40093843421243  350.6232711702722  84.7090838360805  -69.0773572385302  4.745413332419524e-05  3.981938612172736  269.1396414401601  0.0008525651717227293  41.17258834838867          0 
 233.15272643226282 125.42455556396176 84.71124043514682 -69.07817039959035 2.8315953658918293e-05 2.9357370327192474 194.08981810963442  0.0002765221441534605 24.567745208740234          0 
 347.89446899274515  333.2603249596578  84.7100799581489 -69.07741991531377  2.853950336855507e-05  3.802393455799845  338.5652205474964 0.00046754663906422493 24.761703491210938          0 
 210.42379709377516  543.0988807750706 84.71146988131956 -69.07666212358036  4.414235604587195e-05 3.7967726688044827  48.77137279531239  0.0007210230006100506 38.299190521240234          0 
 360.59414832672445 145.44371215725928 84.70995166996062 -69.07809814522562  2.523529443682587e-05  4.738303596459702 268.22637210229203   0.000641975662468594  21.89487648010254          0 
  63.98427263509012 215.69603817741068 84.71295104214661 -69.07784435514353  3.931204788923921e-05  4.284957739121359 27.495284450075484  0.0008178679213670316   34.1082763671875          0 
  495.4921337826657  83.68583203608118 84.70858754876681  -69.0783211884589 3.4094220040029765e-05  3.002467940210883  138.5216821772517  0.0003482586703889157  29.58113670349121          0 
  370.3685029531522 191.62909231993174  84.7098527952278  -69.0779313671278 2.4262668434516186e-05 2.9961129547817067  356.3988529762421  0.0002467853349726995 21.050996780395508          0 
  66.14080048894175 151.71489292397374  84.7129293112655 -69.07807539909055  2.481214954752819e-05  4.063833090241902 177.64099302546967 0.00046430197924103047 21.527742385864258          0 
 502.04178827229765  541.5228770471757 84.70852109898605 -69.07666788913734  2.992375178669411e-05  4.695240184205194  47.67751213324129  0.0007474740000293239 25.962717056274414          0 
 159.28024571642243  53.95602474352384 84.71198754495336  -69.0784284545008  2.190053660656282e-05  2.893921861756097  93.62235882461445 0.00020782260182142245 19.001541137695312          0 
 373.97417450053996 157.71442155149538 84.70981635652151 -69.07805383765803  2.571083446837082e-05 3.6325486886439085  17.26836309143789 0.00038441779271371283  22.30746841430664          0 
  248.4751632756621  289.9355938948215 84.71108533990252 -69.07757633691863 3.5800645088416796e-05 3.3559953238194744  77.50666171664584  0.0004568756020385554  31.06167984008789          0 
  601.8221466851418 107.14951805876031 84.70751227223988 -69.07823647344257  3.612261891847912e-05   4.19070439319733  1.835462530834504  0.0007188159488034913 31.341035842895508          0 
  342.8236473848139  352.5190243192516 84.71013122086546  -69.0773503686836 2.0624826712082717e-05  3.150469637176222 326.16636189152314 0.00023195584758973136 17.894699096679688          0 
  250.5121381558168 164.20096509538362 84.71106485359246 -69.07803037928106   3.69484090034993e-05  4.289133665495951 227.12473720585805  0.0007701925690301919  32.05751419067383          0 
 234.94763816037303  447.1734058954542 84.71122198907493  -69.0770085293361  3.175408455668918e-05 3.3526386777585064 186.45615792744417  0.0004044245576413849 27.550765991210938          0 
 20.335746343390785  362.6299564909879 84.71339224387293  -69.0773137411405  3.262433735052958e-05 3.9258668310745035 116.52086168934491  0.0005697407032324558 28.305824279785156          0 
  601.9326732945839  81.58370784831662 84.70751116233923 -69.07832879443583   4.66277941255764e-05  4.138400628844194   280.615085613596  0.0009048453385151643  40.45562744140625          0 
  513.6349965912333  369.7380897210368 84.70840394844764 -69.07728822500349  4.564109965216722e-05 4.3949718831208235  57.08078223681097  0.0009989246309947664 39.599544525146484          0 
  459.3132634375249  488.8619453533458 84.70895319002607 -69.07685804587193 3.5484915107929505e-05  4.721088760227078  49.64765822708702  0.0008961743759205247 30.787744522094727          0 
 415.33085437689743 301.40732781844497 84.70939805088413 -69.07753495621951  5.001904504000767e-05 3.6544940439325675  266.3836426025674  0.0007569275857187022  43.39797592163086          0 
 119.24891298509108  497.0572930964086  84.7123918746883 -69.07682835120866  5.019425011237304e-05 3.3466013583896537  269.2409521704755  0.0006369808216466703 43.549991607666016          0 
 289.79491909070885 103.17899518566908 84.71066765949831 -69.07825074843393  4.321441526180569e-05  4.060452549380486  180.8818103703539  0.0008073129900847412 37.494083404541016          0 
 233.72643622285702  510.3908008442631 84.71123427972826 -69.07678024389948 2.1913543744604628e-05  4.377049780483075  96.85360233332622 0.00047570750948398914 19.012826919555664          0 
 390.62608866466945  309.3683952190141 84.70964786527696 -69.07750620230229 4.5875050321498986e-05   3.41484250390631  95.73386890633935   0.000606153100167083 39.802528381347656          0 
  131.3870233628797  261.7393130429716 84.71226939199659 -69.07767811534242 2.9322530790317296e-05 3.2216999540695674  314.5386795921042  0.0003448546236045013  25.44108009338379          0 
 344.54348223673617  374.3875702560036 84.71011381363462 -69.07727139938646  4.165692702105876e-05 3.5265094323993864  27.46765916923644  0.0005870049308578004  36.14276123046875          0 
 318.25005842405176 419.69505254819546 84.71037965964453 -69.07710778193426 2.4298665540199876e-05   4.07927730312583 354.38694094990245 0.00045815591886735245 21.082229614257812          0 
  499.6837282691843  523.1702641111536 84.70854495195405  -69.0767341620629 2.4064339713579816e-05  3.807961763912208  263.7307854810935  0.0003953880397689572 20.878921508789062          0 
   515.671929075416   264.601861421494 84.70838339800696 -69.07766788393295  2.890225503054011e-05 3.9765013608712634  5.051822303682463  0.0005178433696856567  25.07643699645996          0 
  526.1026146931013 333.80861299191463 84.70827789027848 -69.07741797230375 3.3674837259745926e-05 3.6756156788195042  330.3843770087934  0.0005155017176670044 29.217267990112305          0 
  384.4813694068353 28.044166377535248 84.70971018969256 -69.07852209389411  3.841602893026791e-05  4.402837210688866 173.64643699180144  0.0008438051013212525  33.33086395263672          0 
  425.7624517625042  307.3940094139256 84.70929256085971 -69.07751333991042 4.0552704241305504e-05 2.8303567809499306  130.4120480156379 0.00036810067058822417   35.1847038269043          0 
  127.2550739650872 142.80533500488517 84.71231130579825 -69.07810759753633 2.7493720359932026e-05 3.6067628865177315 310.31220648880645  0.0004052594173887306 23.854351043701172          0 
  571.4840831511568  62.89269999801199 84.70781908250213 -69.07839628614745 2.5182522274364307e-05 3.3124140908902286 208.98731043074508 0.00031307824739161577 21.849088668823242          0 
  560.8897061020094 253.79731752123482 84.70792614788967  -69.0777069069828   3.57997844864095e-05  3.371097879911805    290.32630968091  0.0004609858102546543  31.06093406677246          0 
   614.350236232685  180.3281331324381 84.70738556076807 -69.07797221865236 4.9023011493129475e-05 3.7911054249056857  299.9722631205278  0.0007983551481944625 42.533790588378906          0 
 263.33431709022767  95.29234052921015 84.71093525010207 -69.07827922001077  2.887547492331957e-05  3.808481563052439 111.72571506123046  0.0004745667114019811  25.05320167541504          0 
  309.4130839437839  483.5062655201704 84.71046896860086 -69.07687735007622 3.7105660665632775e-05 3.9617073965016307 198.22233394337366  0.0006598867095081834  32.19395065307617          0 
   611.585668429058  238.8807276073583 84.70741350027191 -69.07776077844497 2.1180064418892045e-05  4.301179257777525 200.02189733954845 0.00044398345097892245 18.376440048217773          0 
 192.14847940365283  63.84101342644244 84.71165515134696 -69.07839277063078 3.8533725789436924e-05  3.233706228829561 154.02873152800228 0.00045656913532683214 33.432979583740234          0 
  409.2692666386146  538.7180175858034 84.70945919825971 -69.07667799960802  4.707686940631622e-05  3.511784952491003 135.25197351172713  0.0006578514287668175  40.84526062011719          0 
 36.192885625338434 124.91762701435347 84.71323219160845 -69.07817215391108 2.4894098792407414e-05 3.6996495071300175  1.148305626013184  0.0003860841686244895 21.598844528198242          0 
  82.92059967304137 130.54142477806872 84.71275965111259 -69.07815186593325 2.6486389286142554e-05  4.619226852957323 214.19868079057056  0.0006403623070902405  22.98036003112793          0 
  484.1253829322723 186.92150012156938 84.70870244401137 -69.07794839099398 2.4346135131491704e-05  4.290585846139891  326.7386010006331  0.0005078408594595147 21.123414993286133          0 
  90.95490394799032 223.04689009755978 84.71267829726857 -69.07781782176087  2.801850713403677e-05  3.959746919522296 50.957841610788755  0.0004977878261048417  24.30967140197754          0 
   518.233178339447 408.40968371596466 84.70835743402301 -69.07714857831745 2.7544503234937648e-05  4.849889888859781 13.147454872549185  0.0007341133497381501 23.898412704467773          0 
 320.83864743497963 23.838785926229214 84.71035379012773 -69.07853726360925  4.578565191045068e-05 3.1658292815973224 140.12146903661136  0.0005199586480549355   39.7249641418457          0 
 462.31934043020414  155.9066360504952 84.70892297200457 -69.07806038506662 2.6098581681778573e-05 4.4180892948345445 130.94588844304297  0.0005772318752205988 22.643888473510742          0 
 57.591572102521205  266.4167906254841  84.7130156258441  -69.0776611941161   2.52862261748254e-05  4.563135640392069 174.31647951060572  0.0005965889367759551  21.93906593322754          0 
 216.67685178287678  341.7050777116482 84.71140684246997   -69.077389381104 2.7326610884926864e-05  3.327704006594743  339.8845238982051   0.000342877961945697 23.709362030029297          0 
  77.19512163525943  295.6800875626074 84.71281735508438 -69.07755552947484  3.267817104037049e-05  4.183084401783984 152.38656219415722  0.0006479110945680881  28.35253143310547          0 
 347.74653178150396  26.61568623025161 84.71008167764094 -69.07852724313375 4.8108984628052636e-05  4.262455809167452  35.57436844976893  0.0009903994494008107 41.740753173828125          0 
  181.4782330937823 19.703903389433503 84.71176309968821 -69.07855215083845 3.6936632293197564e-05  4.203245127344162 188.99759492092267   0.000739419930882107  32.04729461669922          0 
  563.9810370189866  16.36846021907279 84.70789497496102 -69.07856428937593  4.848734088573806e-05 3.3850738569790906  68.90938963852504   0.000629548343105855 42.069026947021484          0 
 117.89942141342489  423.6864298491184  84.7124056021718 -69.07709330101108 2.0239348960693672e-05 3.9346565283292376 165.21080753476852  0.0003550378156351129  17.56024742126465          0 
  88.76098337023842 468.41812296498216 84.71270019813949  -69.0769317580739 4.8841013963291754e-05   4.69992517194547 153.49228161769372  0.0012224496454815359 42.375885009765625          0 
  479.7656533560208 113.15992482771844  84.7087465688523 -69.07821475145104 2.8955360562291124e-05 3.1895731132054297 305.73592389839854 0.00033377862488327887 25.122512817382812          0 
 323.94048550922673  435.8999915865014 84.71032210555344 -69.07704926567051  4.488244109316143e-05 4.2292480925026785 30.938814843046842  0.0009096351083862793  38.94131088256836          0 
  577.4647409965701  450.5778410649648 84.70775846836334 -69.07699631277814  4.341720322291556e-05  4.571956055689758 281.96451956647525   0.001028324917868287  37.67002868652344          0 
  501.2450114414007 138.64886143030557 84.70852934640608 -69.07812271183478 4.3043009769028523e-05 3.1272707204416172  281.7431782506584  0.0004769776278567485 37.345367431640625          0 
 147.01952262597837  527.7435518696766  84.7121110290484 -69.07671755049566  4.510077108839657e-05 2.8054523119833332  41.75643123488557 0.00040221120853571444 39.130741119384766          0 
 261.94498237877923  308.1500159631846 84.71094911420676 -69.07751056686524 2.3101742255972616e-05  4.391143412506725  260.3311789854719  0.0005047361338727181 20.043743133544922          0 
  531.2473511782322   374.797230261792  84.7082258485937 -69.07726995863777    3.3830146433493e-05 3.8618813410328485  191.4401643586309  0.0005716973106792667 29.352020263671875          0 
 233.33767376741972  64.48740990172824 84.71123862091191  -69.0783904504538  3.892034036842325e-05  4.780046681145864 106.11438974039149  0.0010076398294200973   33.7684211730957          0 
  157.3536241434052  497.2386254565497  84.7120065643223  -69.0768277110667 2.0205591510658438e-05 4.2682033305428355 54.712779698308836    0.00041708655445416  17.53095817565918          0 
   136.575196805461  502.9121682395522 84.71221666709825 -69.07680721538141 3.2535882615360836e-05  4.275541456536158 41.777627923321766  0.0006739214140889394 28.229076385498047          0 
 259.46055894619394   69.6073914694705 84.71097444616925 -69.07837197000781  3.418703817740702e-05  4.230312844154122  306.4520796476908  0.0006932196570345181 29.661666870117188          0 
 414.15097928902446 492.38094025133677 84.70940986396178  -69.0768453290273 3.4608346838088704e-05  3.606587146310865 356.47301826052103   0.000510079812756602  30.02720832824707          0 
   551.967256419749  61.92963398895568 84.70801644876751 -69.07839976129158 4.7914895022730865e-05  4.073248303077615 134.46061709800267  0.0009007758452019907 41.572357177734375          0 
 436.01811004774504   47.1839999628384 84.70918900504302 -69.07845298932654  3.162597999242918e-05 3.3641663500568897 337.87739447298173 0.00040556767879412113 27.439619064331055          0 
  503.1249687450228 100.22985619088152 84.70851035343861 -69.07826144744777 4.5140715628552434e-05 2.9193297570265035  336.3354124813852  0.0004359123449505302  39.16539764404297          0 
  89.05628491240155  290.4188832169404 84.71269741857525 -69.07757453322415  4.601349670666415e-05  2.874048543425161  295.2574620652447  0.0004306632927832492  39.92264938354492          0 
 174.26876938749615  68.44342729198294 84.71183595701339 -69.07837614439735  4.224505090583559e-05 4.2410409197437104  161.1731505170343  0.0008609643791077519  36.65303421020508          0 
 499.56840661391084 236.98179802519428 84.70854625423958 -69.07776762039143 2.9221605587875626e-05   3.75795165884911 355.25875081771824   0.000467596092531381       25.353515625          0 
 162.30622844668963 368.13502258848183 84.71195661820552 -69.07729392036198   3.34305177673396e-05  4.612970503983587 237.64233977884396  0.0008060627996130371 29.005290985107422          0 
  93.37626193174542 450.79392601965463 84.71265354910607 -69.07699540291344 3.1846191078383015e-05 3.8110898971558385  4.983378483844816  0.0005241074139430431 27.630680084228516          0 
  540.3377860885489  355.4949777789823  84.7081339332473  -69.0773396625647  4.166618811072376e-05 4.0350212558449465 335.88646567309337  0.0007686698455148027  36.15079879760742          0 
 181.12033726169977  469.8854114546018 84.71176626576904 -69.07692649527306  2.777643316496785e-05  4.054956859792109 217.35529229728266  0.0005175035971284414 24.099641799926758          0 
  460.3391167076973  456.1386132494427 84.70894283441879 -69.07697621365843 2.5042928175068853e-05 3.7139949568563093 252.63278120686908  0.0003914102077489969  21.72797203063965          0 
  83.44668730138321 19.092666615087477  84.7127544614091 -69.07855431999903  2.918820938215407e-05 3.5759430887537222 255.59951809629683  0.0004229149815373166 25.324539184570312          0 
  518.1285374921297  525.6816691876043 84.70835843998444 -69.07672509613163  3.798034558710922e-05 2.9672131477849244 359.01333021608366 0.00037889669913795574  32.95285415649414          0 
  597.9449345873244  67.61845219595345 84.70755149298252 -69.07837922408629  4.277588696928747e-05  3.510422514136801 145.25794954881331  0.0005972858501857093  37.11360168457031          0 
 319.93503716047405  53.64037002134623 84.71036290493036 -69.07842964652825  3.181039382688323e-05  2.807761025828554 41.804892565042245  0.0002841539836439707 27.599620819091797          0 
  217.2053476464803 131.29879877409263 84.71140169740927 -69.07814918173064 4.8080846586412546e-05  3.605921568720184 175.01117091418897  0.0007083845471320575 41.716339111328125          0 
 202.29572683704504 218.16256614970786  84.7115523863791 -69.07783550191077  4.049702623045595e-05 3.7597795020864746  40.61744516599217  0.0006486528122557699  35.13639831542969          0 
 448.36083257933683  27.39027989105086 84.70906419879475 -69.07852446916785  3.419506713762855e-05    3.6410207869866  85.65297567902886  0.0005136581672082827  29.66863250732422          0 
 191.36373518550224 150.49454852956003 84.71166300139167 -69.07807985481193  2.223918095563985e-05 2.8656873780344583 100.91857253161358 0.00020693827788030814 19.295360565185547          0 
 336.73885280912333  256.9167635528848  84.7101928224705 -69.07769559745586 2.2780885561165565e-05  4.893309414600584   95.5154328887937    0.00061807386319011 19.765357971191406          0 
  568.2657164328172  518.5991130923603 84.70785146391282 -69.07675067924549 2.0304177121807263e-05    4.3839177179858 102.98862451587628 0.00044215506275286634 17.616493225097656          0 
    563.58936071183   203.340054774684 84.70789886684187  -69.0778891141227 3.7701672505945345e-05   3.76975694391632  234.6747356572364  0.0006070881232618304  32.71106719970703          0 
  466.3072033759881  472.2778783203389  84.7088824768753 -69.07691793412197 2.9937345816134905e-05   4.18826083312712 161.89244620597992   0.000595038622115788 25.974512100219727          0 
 168.72522716258905   86.2820825786476  84.7118919982669 -69.07831172500669 3.1964657858653865e-05  4.282804444192712  216.5437624855329    0.00066434086842707  27.73346519470215          0 
    583.35819333544 190.94580835669635 84.70769896131065 -69.07793387361299 2.5735709047667832e-05 3.8376865036564167  293.9909284538549 0.00042947664123010133 22.329050064086914          0 
  323.9011508860584  520.8000348341922  84.7103224380483  -69.0767426821712  4.415180325943376e-05   4.81555641834068  353.3802412978394  0.0011601277546229502  38.30738830566406          0 
  557.8757195677001 495.91315349430585  84.7079565345064 -69.07683259939355  3.350496342939993e-05  3.175567503851689  80.27705888293657  0.0003828390824856349  29.06987953186035          0 
  90.02519013709718  536.5979794041774 84.71268733559081 -69.07668555356196  3.912200469928761e-05   4.23906625866386  157.8981361257726   0.000796573640339094 33.943389892578125          0 
  448.0996958363698 364.26105546350897 84.70906665037954 -69.07730799131744  2.353384609758543e-05  3.355704885949997 32.148675801305096  0.0003002789232065543 20.418649673461914          0 
  516.0936938835157 297.72902117619867 84.70837911815909 -69.07754825814605   4.60038592465449e-05  4.135398591500477 168.92645319445325  0.0008914427090759058  39.91428756713867          0 
 15.473746823137585 504.44624045199964 84.71344122698862  -69.0768016245658   2.29289280812433e-05  2.704766150849495  359.7289165412366  0.0001900673930187003  19.89380645751953          0 
  347.7955937126804  425.4833960832902  84.7100808907769 -69.07708688753223  3.601228277958181e-05  2.698195858008387  95.84568968301227 0.00029707220144056936 31.245304107666016          0 
 29.574085959954925  56.26702270734398 84.71329921066645 -69.07842005590538  2.724668927697268e-05  4.426447800471996  285.5197488717893  0.0006049073389878863   23.6400203704834          0 
 49.887500465121434  494.1045391647789  84.7130932524207  -69.0768389850101  3.074572353966551e-05  3.568075777898229 333.21535714154845 0.00044352415439805103 26.675884246826172          0 
  202.7408181936951 253.50054910800378 84.71154785116127 -69.07770789268288   4.36383738722314e-05  3.548529158346024  314.1409532317807  0.0006226295600879545  37.86192321777344          0 
 265.92145753074414  121.4417372439518 84.71090906489246 -69.07818479243565  2.223495153180212e-05  2.929369842597911 284.02565011919415 0.00021619667972866053 19.291690826416016          0 
  349.6631550264247  99.40870367093217 84.71006224264588 -69.07826437995834 4.8811867333729276e-05 3.2652909442267957   90.9011223299287  0.0005897033708713713   42.3505973815918          0 
 154.75024712113222  181.1429207684829 84.71203322145324 -69.07796916679658 2.5375030823021215e-05  4.303794542038512 160.89304747959386  0.0005325667638158906 22.016115188598633          0 
  342.6241030807278 126.12523065971149 84.71013340564069 -69.07816790177215   4.34049077716461e-05  4.234903054536418  17.55981523825119  0.0008820439061847302 37.659358978271484          0 
 264.36627779840035 483.35076978266534 84.71092447754658 -69.07687789823126  2.283578761703383e-05 2.6594544852119135 28.983576026620547 0.00018300608891379746   19.8129940032959          0 
   131.539074413962 284.48127821793145 84.71226782964125 -69.07759599163894  4.308235022515743e-05 2.7752323078238397  282.4486844054585 0.00037597805129254824  37.37949752807617          0 
  399.8270816771614  28.36700918855824 84.70955500352122 -69.07852093166184 3.0453484058624155e-05 3.3714721677131614  258.8447285836605  0.0003922297793665036  26.42232894897461          0 
  64.67653453072552 498.82106436799535 84.71294370178241 -69.07682195952036  3.215072982131579e-05  3.412448177318713 311.34238204499155 0.00042421633313354467 27.894906997680664          0 
 452.40979939479405 511.29022060073214 84.70902298467026  -69.0767770535255  3.006304389498595e-05   2.81860182864635  101.3580696148167 0.00027062307843516017  26.08357048034668          0 
 227.57771605720387 403.16248426262007 84.71129655433357 -69.07716745523405 2.0234235587573328e-05  4.705663578327393  16.10444270202862  0.0005076834107118508 17.555810928344727          0 
 16.208238473821055 114.66092895906355 84.71343429945783 -69.07820918295931   3.84084815140945e-05  3.209724115147427  235.1873646719471 0.00044836011126008656  33.32431411743164          0 
 244.50151526315818 114.72339799056752 84.71112568019446 -69.07820904634927  3.157838636960273e-05 3.4885692145326095   338.190184594966  0.0004354607762345705 27.398326873779297          0 
  532.9028843374547 118.97129853695466 84.70820921522187 -69.07819377475023 2.1708419801445528e-05 3.3525359674941866  215.6537832528622 0.00027646459596420765 18.834856033325195          0 
  439.2011468008592  403.9380563676374 84.70915661051738 -69.07716471145072  4.187276209694532e-05  2.714969474313479 107.93153493789683  0.0003497243985282904  36.33002471923828          0 
  546.5454749982412  446.0404993172992  84.7080711243995 -69.07701269351887 2.8151100436037056e-05  3.382244736831378 201.03893727277884 0.00036489663283793654 24.424713134765625          0 
  97.22625684350295  105.1149009568273   84.712615014472 -69.07824368985366 3.3368023855464245e-05 3.3073296033608957 181.48572845924647  0.0004135707962284147 28.951068878173828          0 
   385.184216667816  410.2634364185082 84.70970282727758 -69.07714185781249  3.243880942344019e-05  4.731835638884045 253.64021242256646  0.0008229787631095655 28.144853591918945          0 
  397.0996889022234 283.87356745028796 84.70958241948381 -69.07759826846521  2.502681072717079e-05  4.901504539448912 250.15678735857432  0.0006812848756846452   21.7139892578125          0 
   69.3343255298392 323.55385791348124  84.7128968118768 -69.07745487086311   3.13493728217822e-05  4.588773134492844 201.37568635655677  0.0007479739126819155 27.199626922607422          0 
 179.60355256875485  35.06226166401449 84.71178204221869 -69.07849668942595 3.8275460604794433e-05  3.003136188051793  186.4365983386816  0.0003911424039487277 33.208900451660156          0 
 369.63629174880555  78.92647996798402 84.70986027767371 -69.07833834860138  2.299641890864408e-05  3.480468982005523  340.8875571480512  0.0003156459104591303 19.952362060546875          0 
  383.2802944670858 378.92587694892325 84.70972210076698 -69.07725502076715  4.251191386930465e-05  4.045416234068687 306.22448446289695  0.0007883181093711976  36.88457489013672          0 
 37.155195248908356  515.3215274076263  84.7132219735462 -69.07676236248871 4.7604477555636366e-05  4.309320805148993  136.5278873304387  0.0010016820142098183  41.30302810668945          0 
  404.2829740118441 164.39080645434697 84.70950985626479 -69.07802973563334  4.977309668132306e-05 3.3896130719488875 25.341587493673295  0.0006479766162736177  43.18458557128906          0 
  51.94696091924012  376.2809585761122 84.71307257137546 -69.07726445994781  4.066389795324972e-05 2.6565004372770025  180.3709786753149 0.00032515707685528783  35.28118133544922          0 
 203.05139780449653 143.97719438806303 84.71154481674806 -69.07810339379161 2.6312210334779004e-05 2.6649293033075634  248.8904229810079 0.00021173523589856018 22.829238891601562          0 
  43.92969841209253  316.4955782881479 84.71315371642399 -69.07748034807935 2.1640552353753054e-05 2.7379163047929516  89.87984465007041  0.0001838116772747118 18.775972366333008          0 
  312.6152338198108  511.3802020927752 84.71043656683193 -69.07677669509802  4.417283139492457e-05  3.244547281503419  89.75679285613938  0.0005268996045331853  38.32563018798828          0 
   82.8656231642801 45.632202648265235 84.71276030645441 -69.07845848254348  3.542375721233022e-05 3.3932621095774342 304.78651138494257 0.00046216160018957154  30.73468017578125          0 
 125.22721729152958 121.61229858811845 84.71233183574525 -69.07818412714985  4.482208494146075e-05  4.962057730680429  296.6282432369215  0.0012504896457910088 38.888946533203125          0 
 159.45047822905173 208.38618238244936 84.71198566240538  -69.0778707901094 4.3323304952482495e-05 2.6792382988186945 299.68628214919187  0.0003523779181146584 37.588558197021484          0 
  437.9439845930471  494.5038454065328 84.70916927058842   -69.076837668065  5.040906266027075e-05  3.470628897595446  106.6946605573703  0.0006880015225819482  43.73637008666992          0 
  566.9176649433555 384.04232327614545   84.707865144112 -69.07723657858931 3.2909167571596017e-05  3.472392954655215  227.7139006876128  0.0004496131970489522 28.552949905395508          0 
 15.300556485028547 482.02990978112337 84.71344300702685 -69.07688257234655 5.0030222421202726e-05  4.330309896649526  288.6776239717712  0.0010630037805161735 43.407676696777344          0 
  572.5361979663703  238.0144272650986 84.70780838085543 -69.07776390226654  3.056294498054584e-05  2.899000791381884 28.482500852921717 0.00029104241657596826  26.51729965209961          0 
 268.11415717105575  509.9583548348056  84.7108865564379   -69.076781816443 2.4389705897398195e-05  4.238805116950114 157.14044483908697  0.0004965441659512979 21.161218643188477          0 
 216.76202432575877  95.20301104768244 84.71140621470569 -69.07827952748018  5.042796925420767e-05   3.55698994926712 359.78671974602184   0.000722938203860081  43.75277328491211          0 
  343.8434103036035  297.2373069150803 84.71012094955711 -69.07754999737506 3.4409445367912074e-05  3.692987815862307  122.7846407061958  0.0005317381770934617  29.85463523864746          0 
 265.09749387583884  436.7832402789388 84.71091712392008 -69.07704605898024  3.116492206527842e-05  4.237724867141079   132.158764201376  0.0006341558151337257 27.039594650268555          0 
 455.33687238309386  326.1895766247267 84.70899348825557 -69.07744547309333  3.520024614011697e-05  4.279414303781301  279.5275148639527  0.0007304303135907363  30.54075813293457          0 
   449.591504552542  278.0729286877864 84.70905161325281 -69.07761922651761  4.212633804153774e-05 2.8918947999992133  314.5939848995963 0.00039919317672753706   36.5500373840332          0 
  311.2525555151999 157.59003528891986 84.71045062544025 -69.07805427031207  2.223829939487826e-05 4.3536077786469525  152.4875064538731 0.00047760030335080753 19.294593811035156          0 
 110.44720163102551 165.55001749138222 84.71248124929436 -69.07802545729568 2.6309312224660458e-05   4.95975213839609   55.8180030348033  0.0007333205609123905 22.826723098754883          0 
  319.8732925274131  450.0400711476693 84.71036322196258 -69.07699820315102  3.567655336185084e-05  3.454757514913714  349.7385868064427 0.00048248348472032033  30.95401382446289          0 
  576.0860895586846  483.5082927480977 84.70777239775695 -69.07687739708743 2.1410159645943858e-05  4.102113110452125  24.51490043826048 0.00040822499141562424 18.576078414916992          0 
 403.16267460050716  82.54563951286208 84.70952123731756 -69.07832528736998  3.418859461055643e-05  3.737000191566124 155.95494102541033  0.0005409933281716748  29.66301727294922          0 
  339.3206519109842  77.52041581850472 84.71016684789186 -69.07834341828523 2.5164840419047693e-05  3.184022224503645  285.3562203587612 0.00028907516481625094   21.8337459564209          0 
 36.135495093470006 271.00866818148734 84.71323258958526  -69.0776446029079  4.129103012868126e-05 3.5925363653273146  205.0667250030513  0.0006038408419457458  35.82529830932617          0 
  413.1287563575183 264.33623254865233 84.70942034192956 -69.07766882357717   2.95764517420957e-05  4.385705303263853 325.93145995107903  0.0006445986374647176 25.661388397216797          0 
 403.55943169534413 202.24241853355426 84.70951714896752  -69.0778930490926  3.487491122022387e-05 3.9857795505551348 219.54315822242575  0.0006277750919285364 30.258487701416016          0 
 322.53302250704814  304.3802045331824 84.71033643918345 -69.07752419784637 2.2010938909725674e-05 3.0658116845124916  174.1608424209398 0.00023441960991207203 19.097332000732422          0 
   57.3544908776494  175.1526498763316 84.71301813397939 -69.07799075896355 2.9000800065975025e-05 3.1289222214941104 34.675574296403695  0.0003217095363911262 25.161937713623047          0 
 352.45153140549854 271.58399837192644 84.71003392092021 -69.07764263656092 3.0432087665066066e-05  3.851355836252885  185.1225879365399  0.0005114738784103065 26.403764724731445          0 
  587.6003155270182  429.2901960326806 84.70765598489258  -69.0770731860512 2.6612370102449286e-05  4.212504815529144  354.4417433772601  0.0005350924159685716  23.08966636657715          0 
 269.80221917813014 240.77267187980425 84.71086971818308 -69.07775387636829  3.819625059726393e-05  4.313927981103417 240.64307558896078  0.0008054358112847947 33.140174865722656          0 
  68.08848720830646 385.53282201591617 84.71290933593085 -69.07723105740763  3.796489982408642e-05 3.1347260635362173  81.01763617103279  0.0004227132570060747 32.939449310302734          0 
  351.3306818293762 194.75910372388424 84.71004531077668 -69.07792005950174  3.248737426487573e-05 3.4315557326557036  208.8532098156076  0.0004334720957351265 28.186988830566406          0 
 193.94431568335492   285.201109845688 84.71163677265451 -69.07759341536423  2.531331204519113e-05  2.998369707292523   265.239041118176   0.000257859868126663  21.96256446838379          0 
  289.0106372296584  477.8802495444466 84.71067528075866 -69.07689766034484 3.3926681363666314e-05   4.00388683712974  68.10698375892613  0.0006162676760553436 29.435775756835938          0 
  573.2682414134124   80.8280096084899 84.70780103368958 -69.07833151997757 2.6133426508460936e-05  4.422395136082881  55.00931262880535  0.0005791297350953886  22.67411994934082          0 
   596.261519827176 215.48995722002343 84.70756847014376  -69.0778452434638  3.887171918830228e-05 3.5430113882154872  322.2007578841275   0.000552895767767804 33.726234436035156          0 
  73.07995862746365 361.01073191579496  84.7128588909569 -69.07731961152186 2.7597453849200016e-05 4.7024658388267655 257.75563441483985   0.000691488138266633 23.944353103637695          0 
  512.8079691964282 119.54480048213672 84.70841242495173 -69.07819170063493  3.675385822458227e-05  4.663314956009545 104.41927259847253  0.0009056426204323196 31.888717651367188          0 
  605.0925702876726 398.53083139733366 84.70747911260005 -69.07718426349898  3.236448903395172e-05 2.7174277132634286 208.40712693692643  0.0002708003214243864 28.080371856689453          0 
 490.62137320104137  357.8137849488033 84.70863667012901 -69.07733128111752 3.2051011916993815e-05 4.6763904151654305  96.71009817344968  0.0007941959889950425  27.80838966369629          0 
  556.5502540879696 26.687182883473433 84.70797011615387 -69.07852702632772 4.6284036764313984e-05 2.6616004627390413 250.72723104451964  0.0003715192975658478  40.15737533569336          0 
 473.42488615158965  290.9774798416865 84.70881059760973 -69.07757263133942  4.838847305290441e-05  4.505878266104188 123.32012258675756  0.0011131796200911364 41.983245849609375          0 
  579.9364718528938  344.6017843766722 84.70773351055823 -69.07737900439712 3.0950221006685934e-05 3.4399621161522678 254.31687874826147 0.00041498795774927037  26.85331153869629          0 
 247.43977872126177  93.35689216743582 84.71109598610963 -69.07828620411837 2.9274914632068902e-05 3.4189291268038327  300.4277564932972  0.0003877396856434066 25.399768829345703          0 
  313.5710316278446  87.38892726499219 84.71042723515527 -69.07830777496459 2.3198812906682754e-05  3.126341887306472 222.24336782732416  0.0002569230811026014  20.12796401977539          0 
  459.5456506013279 196.89412620573276 84.70895099855575 -69.07791237415071 2.6066339972778246e-05  4.022856470963521  82.72171789741766  0.0004779842114626983 22.615915298461914          0 
  476.9859346573946  277.1773315437987 84.70877459458539 -69.07762246586495 4.1258933038482844e-05 3.3727227762961536  37.37136133811393  0.0005317943319075389  35.79745101928711          0 
 443.65279936021494  294.6434527327798 84.70911165745203 -69.07755938731792  4.175172969570164e-05  4.103747878306076 281.31294747369856  0.0007967099387677094 36.225013732910156          0 
   383.136358977429 245.56980309225727 84.70972364559131 -69.07773658433143  4.752638082450094e-05  4.775508621303441  257.5352401545827  0.0012281132893001451  41.23527145385742          0 
 271.83819771223153  545.7227090918957 84.71084886888299 -69.07665266852824 4.0291975350346256e-05  4.684843442834829   207.565393781341  0.0010020125119188812  34.95848846435547          0 
  534.4849279520952 404.99532263025645 84.70819309734254 -69.07716091045697  4.428655903496238e-05  3.452895267379059  39.37495101944547  0.0005982781877092959  38.42430877685547          0 
 116.09999144406055 206.16936516981275 84.71242404055587 -69.07787877857945 2.4988843908469102e-05  4.316627687386786 335.27232375275264  0.0005275939036456939 21.681047439575195          0 
  259.4276959803413 201.06069686538544  84.7109746633194  -69.0778972775079 2.8627278284557916e-05 2.9164198798711354 209.76532428536623  0.0002758954765280086 24.837860107421875          0 
  295.1410448841071  397.9053693580342 84.71061335593588 -69.07718646032112 2.1225882640694417e-05  4.284239145702021 339.21286319586926  0.0004414460032593306  18.41619300842285          0 
  460.2634639753792  395.8005254123264  84.7089436320776 -69.07719410118284  2.999025123038725e-05  2.711554276487959  18.96873804087466 0.00024985102085724577 26.020414352416992          0 
  428.9913406134609  94.37123684559516 84.70926003613903 -69.07828258949698  4.098531782520701e-05  4.514359837808552 10.399317102650878  0.0009464225394792908  35.56005096435547          0 
 328.52155455222396  98.69928249912121 84.71027603847853 -69.07826693614471 2.9128547579660966e-05 3.1236223877759692  290.6578683868764  0.0003220329454103407  25.27277374267578          0 
  418.1856305235797 31.766894347912885 84.70936934769715 -69.07850865840823 2.6064706036975547e-05  4.419232448266296  296.4867904637616  0.0005767809964633037 22.614498138427734          0 
  220.1246783474074  519.8721638167507 84.71137180980986 -69.07674600112573  4.771762396114468e-05 2.8671910307617527   157.784256647174 0.00044448436553503533  41.40119934082031          0 
 389.85307931580707   439.089989341262 84.70965559664607 -69.07703776303194 2.5398515807938333e-05  4.245396775532674 322.38386695588093  0.0005186917382786033  22.03649139404297          0 
 320.10923128264085 183.90230424443857 84.71036104241354 -69.07795925626016 3.6439083425050574e-05 3.4385949861324474 125.66668172616356 0.00048819566178467683  31.61560821533203          0 
  566.0800835960147 113.87697456953771 84.70787371238814 -69.07821217557171  3.686117316415091e-05  4.747134235665643  139.3070665512926  0.0009412318150738373  31.98182487487793          0 
  311.1595613985325  371.6659794345914 84.71045139673492 -69.07728121826811  4.117094323658623e-05 3.0184846303103305   89.7008747045782  0.0004250433001443271 35.721107482910156          0 
 115.38399315355375 449.24319282805607 84.71243100965512 -69.07700101170012   4.59636867728802e-05 3.5234225003465514 155.11640186173616  0.0006465598368516477 39.879432678222656          0 
  140.8667095868941  358.4258309039234 84.71217342702973 -69.07732897324748  2.810849513928641e-05  3.521639446985166  324.0060530379701  0.0003949951792583103  24.38774871826172          0 
 392.94869389036046  45.13670714659455 84.70962455135047 -69.07846037282805 4.9357597813504586e-05   3.41854396913258  79.06390392690395  0.0006535830421226496   42.8240852355957          0 
 181.38214361074827  444.7501977878691 84.71176364369445 -69.07701726141602  3.418528300063458e-05  3.550895492775084 19.921529318904277  0.0004884041901167422 29.660144805908203          0 
  540.8094133021696  95.47182841480323 84.70812926995112 -69.07827863511577 2.9135538863895215e-05   3.06873352193397 183.81592804811686  0.0003108893393932377 25.278841018676758          0 
  370.8110005069351  223.7956167191425 84.70984829831058 -69.07781521034366 4.6142153538872256e-05   4.12792297691508 197.71623612460374  0.0008908928032287134  40.03427505493164          0 
 358.64659737418447  521.7614626525478  84.7099710970352 -69.07673921952637 4.8549962643786765e-05 4.4571748365799095  272.7079847029299   0.001092880458186952  42.12335968017578          0 
  599.5456445987895 26.575138644047502 84.70753531834272 -69.07852743622922  4.069163842561783e-05  3.995994359284502  304.1470724370185  0.0007362398663166983  35.30524826049805          0 
 248.11044622912948  316.7087143063787 84.71108900404026 -69.07747965608993  3.452935892701672e-05 3.4457581619309154 327.83840006424776 0.00046453936580160285 29.958675384521484          0 
 63.050219242452464 479.12656965247976 84.71296017057988 -69.07689307783033 3.1617300239230666e-05  2.882322212532111  282.4272248993573  0.0002976283254691442  27.43208885192871          0 
  404.4500975970629 399.76627912827564  84.7095080169176 -69.07717976868872  2.644829967367599e-05  4.951771408762722  66.28815496870396   0.000734824035332939 22.947315216064453          0 
 56.939679044147645 402.36584863141496 84.71302205295736 -69.07717026668357 2.1990269526594183e-05 3.0565166959894823  292.6436153234285 0.00023278152958370685 19.079397201538086          0 
  506.1070820788035 193.52312874164102  84.7084801533237 -69.07792455557303 4.6340377582325906e-05  4.162401295819431 134.74724996364057   0.000909728676160331 40.206260681152344          0 
  17.89983359236326  428.8932827009595  84.7134167913365 -69.07707445579837  2.179322251025313e-05 4.6075526632144355 12.328496947379035  0.0005242355747954657  18.90843391418457          0 
  604.9615991773474  434.7248679350278 84.70748042612291 -69.07705356279757 2.2954456827021267e-05  4.186058703317544  178.3738425927554  0.0004557661529613985  19.91595458984375          0 
 449.23816174534153  117.1727384885732 84.70905527640478 -69.07820025491037 2.1920671740184216e-05  2.678807360528084  130.2825544095473 0.00017823838813946178 19.019012451171875          0 
 159.18184404703425  431.0050816194988 84.71198814668195 -69.07706688843349  4.055191529572832e-05  4.958544518735901 151.67671991292724  0.0011297548773074773  35.18402099609375          0 
 19.375336995966506  216.4179960652324  84.7134021422449 -69.07784172833337 4.5921033755769857e-05  4.022960704005282  236.9792209339874  0.0008421077366682511  39.84242630004883          0 
  71.07083295446876  421.3506288688139 84.71287913563425 -69.07710171659843 3.0005170237470752e-05 3.9180758913025473   97.3551778418932  0.0005219227204773558  26.03335952758789          0 
  386.7362009695801  341.9164160057301 84.70968717895346 -69.07738866686532 3.0032349995168762e-05 4.3947934538244064  91.40798794061993   0.000657250121054904  26.05694007873535          0 
 504.88070964767957  458.2547810521504 84.70849243125168 -69.07696857995937   3.78119158900005e-05  4.421628097769407 43.789649129876594  0.0008376402277488111  32.80671691894531          0 
 22.052213546568613 440.21928818583945 84.71337478810244 -69.07703355822552   3.46505216333214e-05 2.8112671224871555  72.62161098727898 0.00031029760563596414 30.063800811767578          0 
  489.7921861639499  39.81672530827749 84.70864521145877 -69.07847960368527   5.00746917106289e-05  4.591494793745834  115.4246988956813  0.0011961644662625225 43.446258544921875          0 
  416.3617194901185  345.6784010937208 84.70938759936003 -69.07737508868186 4.6103439868023735e-05  3.308029432841009 271.77615719549533  0.0005716582565489761  40.00068664550781          0 
 153.10486832174885  255.5769636387587 84.71204978177822 -69.07770037658081 4.1189958155904514e-05  4.573511236152187  344.8276494524013  0.0009762370184384797  35.73760223388672          0 
  227.6714054131355  150.7095806635414 84.71129584149678 -69.07807909074599 2.0541664460605012e-05  4.728403612426893 115.82188556621394  0.0005203902273600489  17.82254409790039          0 
  432.5111714798918  447.7676862593483 84.70922423401443 -69.07700643639707  3.502711632471685e-05 3.6035760660528138 293.62229867976833  0.0005153902430259841  30.39054298400879          0 
 61.740513130920455    281.37623526923 84.71297365262826 -69.07760717569126  3.317314934683928e-05  3.653496475796851 319.02840164658375  0.0005017281979321918  28.78199005126953          0 
  39.99079871807394   69.8710200303823 84.71319385359067 -69.07837093501233 2.1536433850314458e-05  2.658894892876081 312.26012671824355 0.00017252043776473056 18.685636520385742          0 
  84.98153914916514  394.7133656699164 84.71273850160371  -69.0771979125693  3.393514467440002e-05  4.328052004952769 145.01181200250474  0.0007202762028694923 29.443119049072266          0 
  619.0747719669247  260.2121861295715   84.707337762249 -69.07768374893462  2.309359505471785e-05 3.8672773632800053  45.41022576905925    0.00039135114481314  20.03667449951172          0 
  553.1385526825353 384.84476201014616 84.70800447909599  -69.0772336790485 2.5561957731104775e-05 3.3787951025994802 175.86661422798608 0.00033066044412755237 22.178298950195312          0 
  179.2630691034194   313.107143991305 84.71178520462924  -69.0774926383449 2.3080232429216064e-05  3.129919296230672 173.21252740508754 0.00025619513444010875 20.025081634521484          0 
  286.2898604636622 455.43134312355375 84.71070281166972 -69.07697872503441  4.929078168079551e-05  4.859777932863759  40.19658693376593  0.0013190552146018885 42.766117095947266          0 
 143.15910641899967  327.1088145686225 84.71215027957163  -69.0774420633499 4.8284338625226215e-05 4.0009512604927435  111.4358235786515  0.0008757844484652632  41.89289474487305          0 
  482.7016297400516 475.98872735595415 84.70871669589366 -69.07690453686409  2.172758894047764e-05 3.1454481985510614 32.247414601927254 0.00024357966638050414  18.85148811340332          0 
 193.80546080702325  333.1086235040224  84.7116381295722 -69.07742041596143  4.905220616903043e-05 2.7171379099251096 209.75809788189906 0.00041034233835797544 42.559120178222656          0 
  210.8519279904424 434.73289004551594 84.71146565585833 -69.07705344535809  4.134695113906526e-05  2.729370508078361 342.61690300516466  0.0003490060055740709 35.873817443847656          0 
  547.7801366219772  370.3265041558462 84.70805866948743 -69.07728610534255  4.143950464694931e-05 2.7176980926421854  297.1540158596183  0.0003468018414609916  35.95411682128906          0 
 216.00073545154982  20.81753659713121 84.71141398383962  -69.0785481414344 4.6587115830310546e-05  4.493711221572587 127.47725681073075   0.001065959157240607  40.42033767700195          0 
 306.27745622606716  342.7545525354644   84.710500788078 -69.07738561925844  3.926410866089696e-05 3.0627255945681613 306.57852855668085  0.0004173268612395712 34.066680908203125          0 
  401.7509689023766 237.73270089006587 84.70953541413581 -69.07776488932834 2.9268836197451415e-05  4.828203374405301 267.73406844298415  0.0007731094554955716 25.394493103027344          0 
  88.78459326941986 178.18840354928892 84.71270029624128 -69.07797980984078  2.383331383076749e-05  3.072471427452612  338.5371836427521 0.00025493212008861487 20.678476333618164          0 
 269.68954264927277  359.4109952255929 84.71087075568704 -69.07732546016787 2.2171460269042618e-05 3.1422639809997666 288.94777772623394  0.0002480527536833415 19.236602783203125          0 
 396.34765342773176 139.67651688495496 84.70959011766989 -69.07811897986146  4.855840584644063e-05 3.5627999399216708 197.58940422338551  0.0006984120334595626  42.13068389892578          0 
  294.4334687047729 236.53142127179146 84.71062064294645 -69.07776919936938 4.6181169713905544e-05  3.464522689279851 194.28086675876838  0.0006280817421442594   40.0681266784668          0 
  296.9545529596948  76.34173313790622 84.71059527929155 -69.07834766286419  2.924267399601855e-05  4.191812165780008 14.291735120620555   0.000582217332991781 25.371793746948242          0 
  604.8230906988906   269.342266433417 84.70748187639185 -69.07765077773202  4.572780058486357e-05  4.179084293178816 345.16433547277353  0.0009049133506622888  39.67477035522461          0 
  567.5347682407647 354.70939498449013 84.70785891455625 -69.07734250313248 2.3529281211878858e-05  3.333647630651692  75.11184641114284  0.0002962869107702067 20.414688110351562          0 
 210.26651420145285  199.3477027024166 84.71147180107396 -69.07790344721899  4.846770317062144e-05 3.6203805591299987 100.99223835606499  0.0007198223185152814   42.0519905090332          0 
 489.99808660231776  261.7980078669654 84.70864302009005 -69.07767800464704  4.654393307885337e-05 2.8197358811037088  38.83440102545777 0.00041931882608845135 40.382869720458984          0 
 242.74603576341931 215.26882392347346 84.71114334161399 -69.07784596508039  3.228977650089297e-05 2.7743263689225754  230.5086380859312 0.00028160772150399816 28.015548706054688          0 
  570.6193859929722  545.6703682968473 84.70782765430457 -69.07665292223713 2.2047751520174366e-05  4.886301883401646  89.51696100305955  0.0005964709757441931 19.129270553588867          0 
   252.755067310293 24.989748206744355 84.71104229565019 -69.07853308716305  3.537029490923219e-05  4.721065655739323 177.30919044571948  0.0008932708904105407 30.688297271728516          0 
  577.4301319539256  270.8225672458984 84.70775888052731 -69.07764542903975  2.301573022525156e-05 3.1953714695263407  210.3701111651205   0.000266275914631336 19.969118118286133          0 
 405.54905182600805  445.2369858899512  84.7094968754869 -69.07701556916328  3.732420647251857e-05   4.03585191109536 143.65179876276662  0.0006888512452448743 32.383567810058594          0 
 107.08491517622247 300.26895374921867 84.71251509793049 -69.07753897089785  3.220962092782782e-05 3.0604457056415675 27.806502171061283  0.0003418372550592108 27.946002960205078          0 
 360.09570605543155 379.00334086730334 84.70995654499997 -69.07725473533188   4.63137706344757e-05 3.1240758462968716  295.5132215858514  0.0005121742015769683  40.18317413330078          0 
 180.66686847981256  128.8757861436404 84.71177119475985 -69.07815791875015  3.484942038379578e-05  4.138157020973438  354.0180853690515  0.0006761980456334892 30.236371994018555          0 
  349.9538955902187  402.9245179898297 84.71005908239472 -69.07716835070768 2.0591107880829842e-05   4.46153306418885 123.93377109766273  0.0004644215526023728  17.86544418334961          0 
 429.23360465929926  322.0872265596215  84.7092574511745 -69.07746028180959  4.450772190312019e-05 3.5246638430176476  329.7948927598617  0.0006265203660128531  38.61619186401367          0 
  46.95009469738574  102.6128875538062 84.71312343679828  -69.0782527035639 2.3396776128480285e-05 2.9924611174463176  52.83979140656908 0.00023739822752661744 20.299724578857422          0 
 15.322757686087842  161.9182891538903 84.71344319325708 -69.07803853097684  3.729265037579156e-05 3.8311362469726316 50.698376216608665  0.0006202158549092275   32.3561897277832          0 
 140.40830343226955  444.9103119311898 84.71217796955314 -69.07701666800315 2.8653820386278796e-05  4.237525059927933  78.10284618647181  0.0005830039720626722  24.86088752746582          0 
  74.46537294334877  525.1436650148271 84.71284468709877 -69.07672690985429 4.3880378204362576e-05  2.737714000323472  73.50796479888561  0.0003726584182050363  38.07189178466797          0 
 276.02959527188796 284.53910608332717 84.71080670792212 -69.07759583281052   3.86719274051928e-05  2.915475691677756  173.2928570690135  0.0003724595272110871 33.552886962890625          0 
  250.8263622208775  224.5484584002895 84.71106162228203  -69.0778124578784  2.086927709468992e-05 2.8283231419504187 282.04282146660313 0.00018916025024404864  18.10679054260254          0 
 474.04641619303504  539.4015010454924 84.70880418378958 -69.07667554471293  2.294744542316203e-05  2.991566083717972 192.84838493422956  0.0002326997773005695  19.90987205505371          0 
  295.2488018903899  307.3376811177972 84.71061234023365  -69.0775135103366  2.563508817420059e-05   4.90811062886032  275.8971630319552   0.000699725856222887 22.241748809814453          0 
 128.35061179823845 25.573972001429993  84.7123003555452  -69.0785309334397 2.2848132029401804e-05 2.8413597724072996 191.50190118425226 0.00020901024531897426  19.82370376586914          0 
  543.0939039639695 420.94051532834254 84.70810603667876 -69.07710333185635  2.896841546000667e-05  4.150784758391059  8.844475309887315  0.0005655221079165423 25.133840560913086          0 
  99.70559460052945  31.49914303672333 84.71259002619865 -69.07850952554651 2.4460118745552324e-05  4.180973157695213 31.160681462365677  0.0004844821045876522 21.222309112548828          0 
 357.30547284050255  462.0778671664969 84.70998470081783 -69.07695474327966 4.4431997205825275e-05   3.65227580459649 304.50600168888366  0.0006715639700233545  38.55049133300781          0 
  610.4159531580817  520.4236804540528 84.70742524685556 -69.07674409543942  3.160943030702061e-05  3.156184974874551  335.1106294070096  0.0003567845051310317 27.425260543823242          0 
  479.9873126122882  152.4951870258018 84.70874430731726 -69.07807270748918 3.1870618841579995e-05   3.81601320315886   68.6746442307106  0.0005258654693274969  27.65187644958496          0 
  343.9241834972316  542.6433412244467 84.71011995232432 -69.07666380894172  3.866132288185696e-05  4.029523260719559 212.31264450042883  0.0007112928855228957   33.5436897277832          0 
  288.6376068004771  263.6649181415926   84.710679230058 -69.07767121559509 4.1331035657134846e-05  4.077508114333367  336.8680264872897   0.000778628643400176 35.860008239746094          0 
   175.411559754658 178.26459506919184 84.71182428883228 -69.07797956837553  5.015785534074876e-05  4.036870099674965  266.4693847974611  0.0009261747318829578  43.51841354370117          0 
   593.355948759995 198.69523950977324 84.70759785765266 -69.07790589072647 3.9253692184897804e-05  2.975658729817821 50.312846886218225  0.0003938321589679742  34.05764389038086          0 
  36.95267900517394 207.78787571311534 84.71322440485328 -69.07787290057624  3.771148533530151e-05  4.035192773985847 269.70295400995565  0.0006957714961197164 32.719581604003906          0 
 102.74023708448068  529.8279621708333 84.71255877112957 -69.07671000605848  2.432331851404843e-05  2.922553955416641 328.09740001433573 0.00023540317859732846 21.103618621826172          0 
    595.73352102288 176.71823894089596 84.70757382168445 -69.07798525238691   4.68224034567143e-05  4.104332872078151 349.53863475561093  0.0008937237004914966  40.62447738647461          0 
  411.5720351527073  431.6985561952119  84.7094359797234 -69.07706445928677  4.678289553166681e-05  3.225514292131492 275.12414419578784  0.0005515050068533094   40.5901985168457          0 
  432.5838190191705 474.16205992426933 84.70922348389985 -69.07691112339648  4.229361403801224e-05  2.706291884123807  64.84994341631361 0.00035098494489916676 36.695167541503906          0 
 57.007137037889045  517.9471668511651 84.71302123055898 -69.07675288973351  4.015051392968027e-05  4.079800289172793 307.41744853227766  0.0007572396355353134  34.83575439453125          0 
  549.7356384674108  527.9914699903164 84.70803883344661 -69.07671675990822 4.7928445888178775e-05  4.884809909529329 148.06945271425917  0.0012958451368824517  41.58411407470703          0 
  378.0436389715574  518.4965430344727 84.70977495953656 -69.07675101432493  4.135047844966547e-05  4.700478655160594  257.1955724529077  0.0010352115982438133  35.87687683105469          0 
  375.6535302205793  265.3252843847143 84.70979930069623  -69.0776652432868  3.746122260791603e-05  2.728056904776143 173.95405989965207 0.00031590261258252183 32.502445220947266          0 
  334.3459368214643  492.5728249467602 84.71021684326826 -69.07684461659665 2.5081223667109308e-05  4.873278406103505 32.674289614437974    0.00067492511208978 21.761199951171875          0 
   515.420055531719 431.41267028822284 84.70838587005545 -69.07706551152806  4.548804665172689e-05 3.6173943257002743  302.2306981540931  0.0006744556762904404  39.46675109863281          0 
 319.64208174640817 265.60054962001084 84.71036570303562 -69.07766423469019  2.664943108975201e-05 2.9484155302072956   80.0389529070966 0.00026250026289206547 23.121822357177734          0 
 235.93411395167053 178.40938403953612 84.71121225987302 -69.07797906639986  4.231150507700049e-05  2.873794104330894  87.02618335766135 0.00039594438940256273    36.710693359375          0 
  546.8251454954233  18.00403845315679 84.70806846633654  -69.0785583807762  2.121721348760073e-05  2.908952493388202  331.8602289022053  0.0002034351643541749  18.40867042541504          0 
 22.594027972978402  522.0223484201715  84.7133692053281 -69.07673815853421 2.5238697668042378e-05  3.850457321767841  270.0526768180374 0.00042399036713601827 21.897829055786133          0 
 385.15585076435735 173.33633389102263 84.70970327203997 -69.07799742789584  3.704864217540515e-05  3.048921193455137  260.9055420633131   0.000390237602158037  32.14447784423828          0 
  283.8837408283823  137.1671000672743 84.71072740809632 -69.07812801185815  3.283511543918445e-05  3.819062277540809 197.64074867012388  0.0005426458034827441  28.48870086669922          0 
  602.4865469456633   319.284704274596 84.70750548892818 -69.07747042978775 2.9484057474916595e-05  4.680484996655305 29.058094772047607   0.000731869054485423 25.581226348876953          0 
   600.534843612906  477.2999917434048 84.70752517630225  -69.0768998188148  4.802930652194771e-05  4.345158613779173 211.30848080475397  0.0010275004130291933  41.67162322998047          0 
 253.75552574685847 235.13312263492497 84.71103199223413 -69.07777423640886  4.576505850639918e-05  2.681425375225707 239.08400860398635  0.0003728463295693487  39.70709228515625          0 
  561.2742174247854  295.1171101257215  84.7079222441915 -69.07755769667206 4.6884858825823094e-05 2.7883104968260883 49.801784446252235  0.0004130278154859443  40.67866897583008          0 
  500.1454312912878  490.7315680360238  84.7085402986925 -69.07685130187693 3.1470664607448945e-05  4.822370514581213  91.21431761505693  0.0008292614664818981  27.30486297607422          0 
  92.85152402267734 326.46853403735304 84.71265899867913 -69.07744435549851 3.9227693383099956e-05 3.1722778469647146  162.7723072232755 0.00044730075290027633  34.03508758544922          0 
  542.9351069950119  209.2196609584197 84.70810772787013 -69.07786787936209  4.991710670041581e-05 2.9469930917494294 330.33773754774273  0.0004912154982490549 43.309532165527344          0 
 154.30494694252283 465.01951980935684 84.71203742604501 -69.07694405669454 4.0888640653279896e-05  2.756556820974023  36.94563240430811   0.000352047278224095 35.476173400878906          0 
  38.39870268683074   434.926885289544 84.71320949944318 -69.07705267702498  5.013494852129742e-05  4.227416551656808  23.38246344018877  0.0010152081149952291 43.498538970947266          0 
 190.19549691834595 267.60231439712635 84.71167469902552 -69.07765696524645   3.74675000280682e-05 3.0889411124412556  94.22741964147596  0.0004050777552063962  32.50789260864258          0 
  89.95680627389959 507.82566048717587 84.71268806041046 -69.07678945357347 4.6968867990537045e-05  4.642829123748201  68.16172438432362  0.0011472020480721582 40.751556396484375          0 
  237.6481896338509  80.77319172746726 84.71119501553318 -69.07833164209654 2.4480915455150565e-05 3.2414826281870557 157.98949437160564  0.0002914603427723935 21.240354537963867          0 
  49.77195938492288  43.23221331170625 84.71309497337847 -69.07846713501225  3.917096424512667e-05  2.881662951211431 150.25273595980275 0.00036856581269235065 33.985870361328125          0 
  36.65440847870521   384.966220159602 84.71322720003798 -69.07723308976034 2.6501088721180192e-05 3.5228384061504667  84.07082242695002  0.0003726606877781341  22.99311637878418          0 
   411.658848416577 118.44993651859605 84.70943529682859 -69.07819563487433 3.0280246480223718e-05  4.207232708971198  47.65097450892745  0.0006073190370570854 26.272022247314453          0 
 29.156721934293316  409.9169943022804 84.71330298569005 -69.07714298638646 4.8246377464823583e-05 2.8909201063289482  76.67545508050031  0.0004568791192109101  41.85995864868164          0 
 21.446038171470228   99.1766646502268 84.71338135184043 -69.07826510074683 5.0445511549949836e-05  3.602807286137485  64.33340230877046   0.000741940392531921  43.76799392700195          0 
 154.79253482735692 111.23656396157851 84.71203286726923 -69.07822160643272 4.1439166858717585e-05 3.6324745955986693  9.136731802117124  0.0006195560566454473  35.95382308959961          0 
 182.57301969935844 115.54338302915309 84.71175193221214  -69.0782060642236  4.165696191272974e-05  2.800868360712367 144.02367061682372 0.00037028609944205377 36.142791748046875          0 
 169.68595923187655 247.00318782530718 84.71188211793587 -69.07773134359331  4.589355373323453e-05 3.0413932001688537  175.1926702498121  0.0004810179131568646 39.818580627441406          0 
 178.30027768861765  364.1209288656509 84.71179488895912 -69.07730842155308 4.0143099253305436e-05 3.2913124100903604  46.89352575469623  0.0004927351383482244  34.82931900024414          0 
   527.832912041452 245.98542588099878 84.70826043090305 -69.07773511185584  4.986365241595408e-05  4.617648697354943 353.14706163579535  0.0012047315551518298 43.263153076171875          0 
 433.51187606714194  523.6648097209207 84.70921407046119 -69.07673236366148  3.093335416570983e-05   4.44450442889799 124.89010982237136  0.0006923698071512697  26.83867835998535          0 
  547.4595149324263  313.1454119790523 84.70806193428527 -69.07749259257427 2.5404703529658442e-05 2.9763197098656473   95.2015367090814 0.00025499855072410774 22.041858673095703          0 
   555.029795237419  157.7087878440656 84.70798544180667 -69.07805389254744  3.700017291928488e-05 3.0268507153065674  83.45322287490905  0.0003841051924231099  32.10242462158203          0 
 372.33591416898713 175.54552568520978 84.70983291106926 -69.07798944715829 3.6212730335753616e-05 2.7335519779603343  81.50278275126952   0.000306605798258701 31.419219970703125          0 
  590.4185170832611 510.56280747703846 84.70762746090342 -69.07677970195006  4.167828489395089e-05   3.59016983195784 189.63995540693725  0.0006087013231319931 36.161293029785156          0 
   551.997673841106 474.07107880092803 84.70801598108066 -69.07691147274704 2.0898533880247057e-05   4.89656395098397  68.73249739119599  0.0005677577900674124 18.132177352905273          0 
  455.5553656558283  82.32734112036613 84.70899141274913 -69.07832608676254  4.106669202895493e-05 3.9443740763844475 178.31451772101144   0.000723952935257876 35.630653381347656          0 
  556.8653389582773 380.06942507851755 84.70796679540781 -69.07725092383099 4.3732430391047116e-05  3.991344997483985  8.165492036366985  0.0007894171740301985  37.94352722167969          1 
  585.5593820294418 444.25497007119804 84.70767661781791 -69.07701914634839  2.627978069155929e-05  3.613623327186355 245.74769470441953 0.00038884088162517786 22.801101684570312          1 
 24.894101648097838 444.25930150696524 84.71334604588966 -69.07701897057694 2.0523685841212584e-05 2.7436163688213653 231.45405164471222 0.00017505178719822594 17.806947708129883          1 
 246.66030620448598  99.23387060801596 84.71110386329039 -69.07826498144668  5.031799089344072e-05  3.298885489150567  62.71819848174593  0.0006204720082612649 43.657352447509766          1 
  83.89649540287053 222.80514681745447 84.71274967453854  -69.0778186917915 2.6354503626949825e-05  3.823088538523622 272.52365809261664  0.0004364635423416911 22.865934371948242          1 
  598.0147681204464  35.16154056803098 84.70755079690248 -69.07849642960815  4.336873401190543e-05 3.3019265098876915  128.1166991470169  0.0005357670135386749  37.62797546386719          1 
 185.20027064102334  471.2285308675084 84.71172500845425 -69.07692164658135  3.950329106843387e-05  2.702660803825178 130.88325412778747  0.0003269495812448104  34.27420425415039          1 
 116.17488691761648  307.1857751778285 84.71242317055487 -69.07751399713113 2.2626402577191316e-05  4.920797090846516 195.55776829132503  0.0006207987657899823 19.631324768066406          1 
    245.33210465137 167.20197861264268 84.71111723363188 -69.07801954063162  3.493334311828344e-05  2.855213373129414  91.23514077820614 0.00032268717728679884  30.30918312072754          1 
 152.98126445413956  365.3542961260081  84.7120509160341 -69.07730395839161  4.702458649029052e-05  3.751587872704573  348.4649811996716  0.0007499281434600147  40.79990005493164          1 
  55.79583422760868 479.03818386754847 84.71303352635745 -69.07689339386783 4.9844430978413045e-05 3.4506629577752213  104.9017421755508  0.0006724904888574009  43.24647903442383          1 
  352.7100291129719 395.59070854810244 84.71003121756209 -69.07719483461987  5.016849042584303e-05   2.76146882860436 119.39998428985629 0.00043348666697898573  43.52764129638672          1 
 465.98261978867805  541.9280314348366 84.70888572199998 -69.07666641961896 3.4497417812350715e-05  4.115222450333226 122.53556466816465  0.0006619689838657019  29.93096351623535          1 
  331.2117699562697  81.80397774680176 84.71024884634488 -69.07832794769615     3.326226225153e-05  3.973919345213019 147.14031277717848  0.0005951881836346216  28.85930633544922          1 
   94.0207236229988   540.328511361918 84.71264692921179 -69.07667208384488  4.101967243376469e-05 2.7027350113705224 163.04779734482858   0.000339518578070106  35.58986282348633          1 
 138.21897239314788  262.3135034834311   84.712200304865 -69.07767604452138  3.278921278164263e-05   2.91654067316942 126.77825593337327   0.000316032309620963  28.44887351989746          1 
 165.78652253601354 306.78344165644154 84.71192148847919  -69.0775154690228  4.883958013738522e-05  4.778353264636141 288.24786583739643  0.0012635512166010259  42.37464141845703          1 
 495.91676111841895 46.096549428754095 84.70858327281076 -69.07845692760789  3.079893540672296e-05 3.0352898745879346  237.2053978767896  0.0003215144316054304   26.7220516204834          1 
 380.80360030101707  156.1864947963695 84.70974729536937 -69.07805935682855  2.269423242817389e-05  4.054937976658493 130.67510653809015  0.0004228130179257618 19.690176010131836          1 
  572.3189653611164  69.68137684229467 84.70781063726398 -69.07837177158702  3.538749060734838e-05 3.7603625121729594 240.14225625798923  0.0005669876722676232 30.703214645385742          1 
  507.0861125600448   527.245933255585 84.70847009838346 -69.07671944560974  4.892073175318501e-05  4.831573832720793  17.30259237232763  0.0012940009819676342  42.44504928588867          1 
  392.9730395682521  173.9772463784999 84.70962422094547 -69.07799511533224 2.2120828260133827e-05  4.682982629312204  77.27104047265641   0.000549681218237007  19.19267463684082          1 
 334.86456880901136  87.95396727170757 84.71021190254577 -69.07830574038356 2.1133080560915925e-05 3.1916510185247002   65.1793743739186 0.00024392596187859664 18.335676193237305          1 
 409.74143005200926  261.3072496400833 84.70945459736787 -69.07767976081767 2.8965093091713477e-05 2.7838732397489143   330.385037152571  0.0002543538183298882 25.130956649780273          1 
 16.648648260154577 325.99703777267473   84.713429575105 -69.07744602499673 2.2656800263155515e-05  2.959618197539579  87.59290027154856  0.0002248714779622603 19.657699584960938          1 
  427.9448460757605  315.2648379379853 84.70927048738038 -69.07748491793946 3.7773129497323596e-05  3.520521214979688 13.473918703946573  0.0005304706001940209 32.773067474365234          1 
  246.7627337753362 390.16962241279236 84.71110256643635 -69.07721438015832 2.2577814744362675e-05  4.409102312002853 313.17424311905734  0.0004973323146068328 19.589168548583984          1 
  489.5390657971856   84.5261935903393 84.70864774915061 -69.07831815278338 2.8912289128059405e-05 3.5653668811133112  48.50366646679084 0.00041644279300252963 25.085142135620117          1 
  44.03874461699412  95.28953869496779 84.71315288697484  -69.0782791477084  3.174117154681164e-05 3.5390789463378693 136.76053784780646 0.00045047207468607313  27.53956413269043          1 
 283.49208000805965  261.2298574294124 84.71073126503322 -69.07768000734151 2.6662703301757232e-05  3.587441982347962  85.12673975091944 0.00038881084731163477 23.133337020874023          1 
  339.6574877565832  77.16312634376811 84.71016344187866 -69.07834470858657  4.202380995585986e-05  4.895557365383177  47.40150884400967  0.0011412062250216691  36.46107864379883          1 
  409.0633349826367  37.53213143847014 84.70946159469645 -69.07848783747968 4.2756395886069046e-05  4.879286676692161  290.3507631197974  0.0011533953084807333  37.09669494628906          1 
 275.77706093911934  538.5011123761225 84.71080904602931  -69.0766787477149  3.203134286553099e-05  2.950900816213411  36.30031992130077 0.00031604490364362995 27.791322708129883          1 
 163.52054794734943 48.807182163983434 84.71194466973871 -69.07844704911756  2.372185295716424e-05 3.3957889139525066 31.515841408218446  0.0003099519708806607 20.581769943237305          1 
  475.8482850137948  527.9898534684195 84.70878596952028 -69.07671675377281  3.681059442609134e-05  4.234538142764686 47.325316645699424  0.0007479100157835825 31.937942504882812          1 
 178.71080180434458  61.26996369253044 84.71179104380205  -69.0784020501805  3.259988547475037e-05  3.509961873638309  280.2882063653423 0.00045507742579111593  28.28460693359375          1 
 102.01489076702948 117.60779481597837 84.71256657503812 -69.07819857858007  4.281783714836312e-05 4.5466467760772575 254.20925013826073  0.0010029322063822566  37.14999771118164          1 
  455.0625828477198  354.3971815781659 84.70899624640145 -69.07734361224402 2.8777586400150794e-05  4.104989051113117  49.15055589604836  0.0005494684909290509  24.96826934814453          1 
  547.7550868479902  419.0982921143408 84.70805890350456  -69.0771099849938  2.347429428129056e-05  2.970704807789336 249.10595481061898 0.00023473398042324096 20.366981506347656          1 
  83.24290499204979   29.1858482138526 84.71275651038451 -69.07851787231394 2.3134006184432627e-05  4.951703838631277  226.7776672704742  0.0006427241090899958 20.071735382080078          1 
  256.1701819807367  489.0377531330687 84.71100735063887 -69.07685735934238  2.190134794131861e-05  3.645405504378521 1.6701571653340563  0.0003297820057667862  19.00224494934082          1 
  206.6663403211352  440.2634279214644 84.71150797511184 -69.07703347253559 2.9916567176773768e-05 3.0884497118091354  225.1593658003461 0.00032333837182828425 25.956483840942383          1 
  599.7848928470036 232.93209642332178 84.70753283518722 -69.07778225835341 2.7240455651057145e-05  4.824156555861898 139.38814686171307  0.0007183259810362948 23.634611129760742          1 
  591.0099507237991 219.19198504102792 84.70762157463614 -69.07783187443175  3.739695275499547e-05 3.6630846354710385 31.353504551688115  0.0005685838793547076  32.44668197631836          1 
 382.81177641549704 169.46771801722508 84.70972697889195 -69.07801139733795   3.79374765421905e-05  3.743571982401299 14.228259942071633  0.0006024281216510257  32.91565704345703          1 
 194.04231599033443  216.0960237267477 84.71163584973284 -69.07784296154169  3.512901483658752e-05  3.100021158470701  54.02099001915008 0.00038252489701842517 30.478954315185547          1 
  617.3869106129274 441.08476348722627 84.70735477982493 -69.07703059779385  3.965460147047167e-05  4.892800420158259  51.56272589944402  0.0010756550288166704 34.405487060546875          1 
 102.03513720251286  167.5254023899272 84.71256631345997  -69.0780183205622  2.336507386700981e-05  3.867399220673277 357.38864641436146 0.00039597666119528004    20.272216796875          1 
 440.85046325939805  442.1471471785621 84.70913991065504 -69.07702673451732   3.30096274714308e-05 4.3513177965048095  55.99920117321224  0.0007081848786796963 28.640111923217773          1 
 169.41094484787888  74.12953574469364 84.71188507637609 -69.07835560945477  3.436276332237354e-05 4.8357279454213735  340.5487692862616  0.0009104921813760036 29.814130783081055          1 
  238.5212645895144 164.57518043599163 84.71118611015156 -69.07802902408969 2.0943925508219243e-05 3.0776575784433065  67.71595420400817 0.00022478281291186177 18.171558380126953          1 
  607.9910981137424  265.7817025217905 84.70744984173638 -69.07766363566073  2.098123637766707e-05  2.722232082501004  28.35328526220983 0.00017617561366864898  18.20393180847168          1 
  526.0914726899452 125.08575455428354 84.70827809303738 -69.07817169373412  5.044437563194606e-05 3.1672315106083255  79.45057678310204  0.0005733724086832893 43.767005920410156          1 
  275.8737794501895 150.39076478550635  84.7108083974275 -69.07808025732707  3.079208520934963e-05 3.6695538031604795 243.88649360294204 0.00046981841963568866 26.716108322143555          1 
  355.1348110496471  382.1383458183489  84.7100067076933  -69.0772434132185 2.1279599362543724e-05 3.2850488669966262  165.5801440345397 0.00026020254264228474 18.462799072265625          1 
  199.0146749834241 156.27421928427904 84.71158562595816 -69.07805898646522 2.6001615842317294e-05  3.976744457030033  92.24984877141713   0.000465929412385887 22.559757232666016          1 
  294.3577196983688 243.22907984295028 84.71062140346577 -69.07774501335805  3.842534000061004e-05 3.1395491767887247 151.28720817329864  0.0004291575126098256  33.33894348144531          1 
 164.90691434146518 245.82333271953152 84.71193044626487 -69.07773560242376  4.136101347750956e-05  2.798825914955859  264.9794638913757  0.0003671194255478129 35.886016845703125          1 
  254.9831812449964 219.24886330592764 84.71101959183095 -69.07783159662176 4.9124749775343245e-05  4.049328222047662  297.1060349420855  0.0009127056358076052   42.6220588684082          1 
 226.04128843880366  131.1079858851469 84.71131234424729 -69.07814987374068 3.5806418209524915e-05  3.759992339995922  82.20131811442658  0.0005735868952760539 31.066688537597656          1 
  78.11493661854287 15.537822144712269 84.71280838385722 -69.07856715470194 2.9820597388097353e-05 3.7818547500827493 224.06391697988084 0.00048327068224954744 25.873218536376953          1 
  303.7910160062845  73.33405748507715 84.71052614743171 -69.07835852588754  4.288160243784114e-05 3.4104280335352004 3.8349646630631273  0.0005651363020162491 37.205326080322266          1 
  308.6828525066527  347.9972559918919 84.71047646022352 -69.07736668795756  3.433648269712585e-05  3.149565474332132  57.12401318932021  0.0003859415244937263  29.79132843017578          1 
  609.7900832987364 111.45742542212157 84.70743169500166 -69.07822091796048  4.270497643744855e-05  3.295327503455166 210.66773186521255  0.0005254604979721735  37.05208206176758          1 
 292.98994701237353   229.966218554316 84.71063524567306 -69.07779290662359 2.5270845388830815e-05  4.574141898922426  65.04330379835464  0.0005991057079079331  21.92572021484375          1 
 111.62034345318173  315.0440750909581 84.71246921816126 -69.07748561811758  4.864352824915796e-05  3.099887616929478 160.26789375246523  0.0005296407437978781  42.20454025268555          1 
  426.5184435374697  89.37335950070643 84.70928504641881  -69.0783006368614 2.5195692074115503e-05  3.307689196055972   92.1214005637392  0.0003123489870019374 21.860515594482422          1 
  515.9359542764676  303.6678981773532  84.7083807105913 -69.07752681217607  2.798500887380143e-05  3.110716037872771 168.52949590657667 0.00030683903331811313 24.280607223510742          1 
 150.44687692054484  367.4797906854751 84.71207654175873 -69.07729628203914  4.333385985074362e-05  4.445758334056852  164.9099118649881  0.0009704730896906524  37.59771728515625          1 
  600.5716028874735 19.103186869961995 84.70752494547074 -69.07855441839023 4.2331139018851476e-05  2.731040328652409   236.208027538009 0.00035775078986577884 36.727725982666016          1 
  56.68653368490129 113.35810265121492 84.71302496366981  -69.0782139056484  4.380621329436614e-05  2.678266703229098  8.340933927211566 0.00035604736657988555 38.007545471191406          1 
 21.889580532025192   65.7166904186927 84.71337690906914 -69.07838592863209  4.968028736044462e-05  4.545822270010207 236.93616499544214  0.0011632509700840686 43.104061126708984          1 
  474.1085993738642  181.8146405990878 84.70880374032728 -69.07796683060705 3.7889589304018746e-05 3.9349111454269265 226.59027927315418  0.0006647436204699522  32.87411117553711          1 
 253.12543596334845 400.94567889808195  84.7110382168822 -69.07717546864782  2.662579082966977e-05  4.537695780426089  307.0116061012039  0.0006212089278703723  23.10131072998047          1 
 282.42087763950855 470.29614877638625 84.71074192216588 -69.07692504541667  3.866860377389675e-05  4.673900628582865 245.85209354998216  0.0009571540927463747  33.55000686645508          1 
  288.3969564213751 257.33166636765617 84.71068166882192 -69.07769408559975 3.5382667486229125e-05  3.401663082903765   182.002173463462  0.0004639141133891461 30.699031829833984          1 
  379.0211231082456  372.0527742736597 84.70976517447708 -69.07727983928055 3.9303393488974734e-05  4.904716482441272 132.04098634242357  0.0010713275806668436  34.10076904296875          1 
  317.9492340025714  158.8774867053798 84.71038290465442  -69.0780496230573  3.212810358660585e-05  2.922198882218378  9.167725455237266  0.0003108630131772478 27.875276565551758          1 
 492.83788998739334   93.8760353520448 84.70861438502104 -69.07828439004301  3.155317903169198e-05   4.22079853766325 214.20253402053405  0.0006369374557312746  27.37645721435547          1 
  263.8107980271377  315.6522555889881  84.7109302402014 -69.07748347602443  3.864547156536744e-05  4.004641350037437 202.03716802933144  0.0007022476363855544  33.52993392944336          1 
  45.07468872310218  516.6432603550264  84.7131418912085  -69.0767575930712 3.1750697026646456e-05  4.018814998225052  207.5117802268159  0.0005810502774891358 27.547826766967773          1 
  41.94943474324027 386.77098411193305 84.71317365415565 -69.07722657490778 3.7618996442288366e-05  3.510745491488002  80.76361731684808  0.0005253761088862784  32.63933563232422          1 
  434.3089097878578  437.1359092846087 84.70920606157196 -69.07704482930123 2.2782538150463136e-05 3.4559400199051966 11.160241093835225  0.0003083180278258577  19.76679229736328          1 
  491.0643517249535   467.298216682821 84.70863213703602 -69.07693592074779 2.2058358207634878e-05  4.588920784352429  83.87366560930822  0.0005263307296803026 19.138473510742188          1 
  543.1756161807099 216.03678809060014 84.70810529300697 -69.07784326199322 2.6834387752666937e-05  4.066859259536464  78.71223093648365  0.0005028916187144536  23.28229522705078          1 
  596.5677500904685  433.3813531817452 84.70756530499268 -69.07705841345802 4.4623257645304386e-05  3.667642545539151 358.82455120348936  0.0006801421600997024  38.71643829345703          1 
  528.5316544836555 263.03077312580155 84.70825335772471 -69.07767355931996  2.304440018884405e-05  4.961916240720633 104.84599809244611  0.0006428781817198409  19.99399185180664          1 
  324.7339092110925    417.38138473752 84.71031409667754 -69.07711613863479 3.1447070494598995e-05   3.73941283404457 12.350529809983817  0.0004982547447146668 27.284393310546875          1 
  614.6743019089148 271.41694195162273 84.70738225782006   -69.077643286876   2.83347615857995e-05  3.460335686117165  168.8893867100408  0.0003844328101794571 24.584062576293945          1 
 122.48863790943824  311.4737045611955  84.7123593199434 -69.07749851544379  3.764343768780583e-05 2.6748029615341418 208.30132454932937  0.0003051668033536533  32.66054153442383          1 
  370.3617516722938  202.3226990567284 84.70985285610746 -69.07789275132416 2.0477207947611263e-05  4.297312459016108  84.35613952543856  0.0004284784911273717 17.766620635986328          1 
  164.2285210897132   58.9123274887759 84.71193749981367   -69.078410558577 3.3189637755356965e-05 3.2695103767488547  172.7131064848955  0.0004020058498372593 28.796295166015625          1 
 15.302687168776073 325.85515751937976 84.71344318586462 -69.07744653672589  4.852421008496103e-05  4.728242182500486 217.54888334711387   0.001229199347430763  42.10101318359375          1 
  413.2037269316431  124.6641396545401 84.70941967037912 -69.07817319503906 2.0790873354872033e-05 3.0726785928314344 58.222341264823726 0.00022241876386210012 18.038766860961914          1 
   57.5529019849198  280.0806399977406 84.71301600031636 -69.07761185242146  4.193414503478568e-05  2.647392572583956 290.74383799786455  0.0003330189179932738  36.38328552246094          1 
  611.4607498256947  259.9811162248785 84.70741475738292 -69.07768458258434  3.912259672578649e-05  3.174476006358998  303.2778967119196 0.00044672081719743673 33.943904876708984          1 
  77.81088268508503  30.35831562431942 84.71281144118365 -69.07851363612569 2.6317171987275278e-05  4.675819135939558  5.152868089499862   0.000651957141568279  22.83354377746582          1 
   245.370622689182 27.447043599356107 84.71111696985132 -69.07852421124029 2.5326225664391465e-05 3.5824429129064113 34.648115465145054 0.00036829298743001985 21.973770141601562          1 
 221.08960004190882  449.8660385427988 84.71136211848219 -69.07699880134557 4.6454675483369725e-05  4.956982173661129 162.97086434141607  0.0012933872192390362  40.30542755126953          1 
 204.33209224575054  489.8102658601706  84.7115315310054 -69.07685455259423  2.830915545138948e-05  4.799958467959602 197.72986379103102  0.0007390371886070294 24.561847686767578          1 
 268.42538668496934  353.4672566684939 84.71088354408596 -69.07734692327985 3.8255040015572614e-05 2.8353032413865513 55.496824232975726  0.0003484593399633279 33.191184997558594          1 
  570.1189094828096  88.87629696512936 84.70783287865096 -69.07830245631779 4.0557702138193275e-05 3.5210629675050984 326.34296671585366    0.00056975132656321  35.18904113769531          1 
  541.9413282027037  374.3155443497556 84.70811771042142 -69.07727169964049 2.6622412405554395e-05 3.8321141667863627  34.76570643901286  0.0004429846783399803 23.098379135131836          1 
 212.78873808591513  435.9760360252677 84.71144606968464 -69.07704895688067 2.6921006242404175e-05 3.8841872438736855  89.07889709611655 0.00046020997143277493  23.35744857788086          1 
  52.88890306297361 187.73328016854586 84.71306327649832 -69.07794532696973  4.070654092357517e-05  4.737852284597113  345.4594367235308  0.0010353606431747606 35.318180084228516          1 
 304.86140068888255  355.1651686238033 84.71051509748919 -69.07734080274078 2.3301273988069977e-05  4.355823166417925 14.376203289113638  0.0005009386806450173  20.21686363220215          1 
  582.4772841534897  445.8792391168716 84.70770778333768 -69.07701328056363  2.324190740343555e-05 2.7668731274481706  79.52331403531466  0.0002016112107526519 20.165355682373047          1 
 21.944373993454963 211.44733846100226 84.71337616957848 -69.07785967909912  3.266010170056239e-05  2.784054142081855  204.0651605217904  0.0002868384101914613  28.33685302734375          1 
  206.7020447075947  337.0690753216813 84.71150771355104 -69.07740611881927  2.180173233673221e-05  4.514623458821528  142.7630458369156  0.0005034988600325175 18.915817260742188          1 
  243.1315658545185    90.691330919638 84.71113955553848 -69.07829582837189 2.7987512625991787e-05  4.348113975015858  286.2134451281525  0.0005995571159700108 24.282779693603516          1 
   588.300110568515 219.81032751589836 84.70764897726086 -69.07782964121324  4.361553901784824e-05 4.5046426515529046  278.9371856430787  0.0010028277738806646  37.84210968017578          1 
  593.6551410517977  65.10584950469944 84.70759487472277  -69.0783882968906 5.0245956838430344e-05  2.913771680950658 115.74582908408614 0.00048336653262930784 43.594852447509766          1 
 289.14362148407315  396.3408813720217 84.71067400343212 -69.07719210810139  3.410950163486484e-05 2.8258268187861297   329.777941479081  0.0003086248411896303  29.59439468383789          1 
  55.99684879672386  46.13065489113683 84.71303201982654 -69.07845667113087 2.1443438452180203e-05  3.434444490015385 200.48289262704512 0.00028659713773499857 18.604949951171875          1 
  379.5099842778874 159.61476243901927 84.70976037467393 -69.07804697666143  4.182756694824037e-05  4.821661912555804  301.2321712002144  0.0011018450715286493  36.29081344604492          1 
  490.6076887688499  76.53390897752462 84.70863694655358 -69.07834701399872  4.541042732562806e-05  3.683449748047699   67.6625151031384  0.0006981190800237422  39.39940643310547          1 
  84.91106012257494 24.332865700272382 84.71273964656724 -69.07853539766897 2.2566542273090825e-05  3.263332317680465 238.87770863840942 0.00027230276055891824 19.579387664794922          1 
 14.891118225682193  487.5412708685629 84.71344714015166  -69.0768626700218  3.342626444761552e-05  2.647932904030432  348.5653511226172 0.00026556217545615124  29.00160026550293          1 
   602.420531958093   35.0787635187037 84.70750624298992 -69.07849672900996  4.303222281148092e-05 3.1146882188947327  314.9441798440955  0.0004730285575564316  37.33600616455078          1 
  351.9696542050929  518.3403156272676  84.7100386156624 -69.07675157196046  4.759207355279145e-05 2.7243482994292822  344.6925845714325  0.0004002435181979984 41.292266845703125          1 
  392.3874245449186 433.58667348623777 84.70962997301395 -69.07705763671116  3.769278627649007e-05   3.88090613556739 143.98009281699947  0.0006432635455534753   32.7033576965332          1 
  606.3610462656507  41.64948248169742 84.70746639199942 -69.07847300183744 2.3409498607370377e-05 3.4484780694851263   94.8415598406294  0.0003154361541785913 20.310762405395508          1 
  597.2912734015869  245.6517231582085 84.70755804747976 -69.07773632609121   2.12585339874996e-05 3.1945881045288615  45.25843904082895  0.0002458258063821924 18.444522857666016          1 
 108.20077369625798 492.71729946307727 84.71250359701695  -69.0768440189929 3.5419970886518494e-05 3.6440189847765745  57.48484384481827  0.0005329345569816703 30.731395721435547          1 
  508.1998711625975   514.120030049298 84.70845884230503 -69.07676684488847  3.862518175976532e-05 2.7006570061222464   156.537140733551 0.00031920803714746324   33.5123291015625          1 
 14.891118225682193 212.36442708646726 84.71344749341812  -69.0778563641714  4.501378294712371e-05   3.57057495779072  308.7344920589028  0.0006502588060201253 39.055267333984375          1 
  402.5528620192283  283.3326607713721 84.70952727607117 -69.07760022298973  3.669563689507261e-05 3.3242895012906115   62.9154811349284  0.0004594904887789364  31.83820152282715          1 
 14.891118225682193  502.0455456797456  84.7134471215323 -69.07681029347431  2.923767818738948e-05 3.7428854551379676     83.38509930811  0.0004641094108844389 25.367460250854492          1 
 252.05476970449945 176.37527366936837 84.71104924301834 -69.07798641699043 3.5607307144112606e-05  4.281528494221309  343.8285302746947  0.0007396073670197681  30.89393424987793          1 
 195.03130275753588  223.9109588736236 84.71162584107026 -69.07781474129035 3.9970978929337865e-05   3.73815659482484 314.77369214302837  0.0006328841012581721  34.67998504638672          1 
  278.0169717013728  259.6749371756707 84.71078663212518 -69.07768562068776  2.423771371254436e-05  4.086799906799872  290.7904723565517 0.00045869374866404345  21.02934455871582          1 
 328.78859565189435  496.5387440093501 84.71027303544801 -69.07683029372221   3.35460738950456e-05  3.471087818853686 55.867522345747986 0.00045797030875616737  29.10555076599121          1 
  520.9807370528096  78.22574669901162 84.70832979596629 -69.07834090963337  4.850496420969841e-05  3.128079250421595  214.1944892027515  0.0005377818040440231  42.08431625366211          1 
 162.26245201004005  550.1088817743178 84.71195687197527 -69.07663679252464 3.4928522022358623e-05 2.7947470898196176  76.68122972245546 0.00030912181496729914 30.305002212524414          1 
 402.38821287812755  361.7344221513342 84.70952889103525  -69.0773171054813  3.636711656873881e-05 3.2826103639746247 12.895903375378968 0.00044402964037010886  31.55316734313965          1 
  388.1378154524936 173.77633904544734 84.70967311687747 -69.07799583969552 4.8646999273427454e-05 3.5366501484481274 252.60160776582433   0.000689453020235984 42.207550048828125          1 
  427.2177388399036  302.9612731936579 84.70927784735849   -69.077529347324 3.1507630969146806e-05  2.837679156443616 112.16694521899193  0.0002874794139700289 27.336938858032227          1 
 494.79491068987676  517.0476889921165 84.70859438982856 -69.07675627052446  3.329803323497454e-05 3.3002899520056768 348.62104044350787  0.0004109483083933703 28.890342712402344          1 
  502.1580759682066    46.455399046125 84.70852015653693 -69.07845563282459  2.187467268675903e-05 3.7181699180718666  242.7596537968718 0.00034266081967812215 18.979101181030273          1 
   72.6837962211097  205.7152899489027 84.71286308140067 -69.07788040044571  3.494826913318596e-05  4.749536514997017  97.96583818778404  0.0008932901674669298 30.322134017944336          1 
  548.1089276247401   425.982720068635 84.70805532274531 -69.07708512460948  4.230834904889403e-05 3.3212667724420672  325.9074250468715  0.0005288080043096498  36.70795440673828          1 
  588.4368262256314  201.0209417131483 84.70764760090276   -69.077897491789 3.4943687983838784e-05 3.5335233632455227 125.10723107118837  0.0004943665679854948 30.318161010742188          1 
  435.1451356048591 306.10152480940354  84.7091976820955 -69.07751800919627  4.851529134933712e-05  4.068003759180295 35.950372835040305  0.0009097158369513223  42.09327697753906          1 
  157.7982930624668 246.57542188834105 84.71200232996412 -69.07773288390705 3.0899164233287204e-05  4.052543197451284 244.42597179290775   0.000574998164972049  26.80901527404785          1 
 235.60331707057864  86.93278512348229  84.7112156888116 -69.07830939845289  3.559091663438637e-05  4.650906892184615 163.47087083610606  0.0008723261351757557 30.879714965820312          1 
  80.44419280653922 364.99451828118976 84.71278441837316 -69.07730522873162 4.4226398498186767e-05   3.40668403903685  154.3076878654392  0.0005815803260926121 38.372108459472656          1 
 371.88553112839594  72.49622568473195 84.70983753650111 -69.07836156951869   3.87366055968689e-05 3.1637457141270446   172.682741264699 0.00043932824119734455 33.609004974365234          1 
  330.6605672527772  434.2262141382002 84.71025415349143 -69.07705531169783 2.6110811053078284e-05 3.4578425320378785  61.24463016351164 0.00035374898805436226 22.654499053955078          1 
  484.4981909350216   87.6773968447044 84.70869872374873 -69.07830677254408  4.027124107034638e-05  3.948261527188124 207.12557808305442  0.0007113302176316667  34.94049835205078          1 
  326.6396699419291  516.4854350103508 84.71029474988353 -69.07675826341998 3.3454786961453666e-05 3.2098774716277854  256.3285797736859  0.0003905706445178281  29.02634620666504          1 
