Z	Bz
0.	0.
0.001	0.009677245474850346
0.002	0.019491820503177697
0.003	0.029441780432760283
0.004	0.03952531503021097
0.005	0.04974073434012511
0.006	0.06008645338427014
0.007	0.0705609758267803
0.008	0.08116287673009084
0.009000000000000001	0.09189078452971962
0.01	0.10274336235460697
0.011	0.11371928882047282
0.012	0.12481723842372965
0.013000000000000001	0.13603586166247564
0.014	0.14737376501138572
0.015	0.15882949087520765
0.016	0.1704014976462131
0.017	0.18208813998771908
0.018000000000000002	0.1938876494658514
0.019	0.2057981156484875
0.02	0.21781746778916905
0.021	0.22994345720995502
0.022	0.2421736404950746
0.023	0.25450536360294107
0.024	0.26693574700013284
0.025	0.27946167191662225
0.026000000000000002	0.29207976781704487
0.027	0.3047864011684585
0.028	0.31757766560141526
0.029	0.3304493735197691
0.03	0.34339704924428943
0.031	0.3564159237134514
0.032	0.36950093085091323
0.033	0.3826467055649582
0.034	0.39584758345735827
0.035	0.4090976022496733
0.036000000000000004	0.4223905049109603
0.037	0.4357197445216141
0.038	0.44907849080122436
0.039	0.4624596383164742
0.04	0.47585581631298973
0.041	0.4892594000910129
0.042	0.5026625239195525
0.043000000000000003	0.5160570953207467
0.044	0.5294348107404576
0.045	0.5427871724074508
0.046	0.5561055063437624
0.047	0.5693809813713404
0.048	0.5826046290081186
0.049	0.5957673640932664
0.05	0.6088600060561435
0.051000000000000004	0.6218733006179515
0.052000000000000005	0.6347979418459542
0.053	0.6476245943839817
0.054	0.6603439156909483
0.055	0.6729465782099241
0.056	0.6854232912434002
0.057	0.6977648224706432
0.058	0.7099620189281853
0.059000000000000004	0.7220058273492787
0.06	0.7338873137394544
0.061	0.745597682086685
0.062	0.757128292109996
0.063	0.7684706759450326
0.064	0.7796165537024736
0.065	0.790557847861903
0.066	0.801286696380943
0.067	0.811795464583753
0.068	0.8220767556873317
0.069	0.832123420059109
0.07	0.8419285631470621
0.07100000000000001	0.85148555207969
0.07200000000000001	0.8607880210266542
0.073	0.8698298752853675
0.074	0.878605294168315
0.075	0.887108732733844
0.076	0.8953349224458951
0.077	0.9032788707813679
0.078	0.9109358599213461
0.079	0.9183014445422015
0.08	0.925371448848145
0.081	0.9321419628852835
0.082	0.9386093382760771
0.083	0.9447701834115887
0.084	0.9506213582404165
0.085	0.9561599687184128
0.08600000000000001	0.9613833610180159
0.08700000000000001	0.9662891155906779
0.088	0.9708750411705317
0.089	0.9751391687807281
0.09	0.9790797458653097
0.091	0.9826952305626454
0.092	0.9859842862593176
0.093	0.9889457764244612
0.094	0.9915787598474196
0.095	0.9938824862653628
0.096	0.9958563925010608
0.097	0.9975000990974588
0.098	0.9988134074998005
0.099	0.9997962978547469
0.1	1.0004489273703996
0.101	1.0007716293253692
0.10200000000000001	1.000764912710866
0.10300000000000001	1.0004294624951255
0.10400000000000001	0.9997661405181844
0.105	0.9987759870223476
0.106	0.9974602227542446
0.107	0.9958202516812074
0.108	0.9938576642178054
0.109	0.9915742409945889
0.11	0.9889719570621982
0.111	0.986052986538857
0.112	0.9828197076050903
0.113	0.979274707786909
0.114	0.9754207895114313
0.115	0.9712609757773591
0.116	0.9667985159483163
0.117	0.9620368915381754
0.11800000000000001	0.9569798219242682
0.11900000000000001	0.9516312699003373
0.12	0.9459954469757458
0.121	0.9400768183408152
0.122	0.9338801073914531
0.123	0.9274102997489663
0.124	0.9206726466495254
0.125	0.9136726676391761
0.126	0.9064161524942682
0.127	0.8989091622551222
0.128	0.8911580293275259
0.129	0.8831693565559076
0.13	0.874950015209422
0.131	0.8665071418355451
0.132	0.8578481339117309
0.133	0.8489806442497236
0.134	0.8399125741525263
0.135	0.8306520652519087
0.136	0.8212074900878871
0.137	0.8115874413313502
0.138	0.8018007197700249
0.139	0.7918563210043613
0.14	0.7817634209147721
0.14100000000000001	0.7715313599750105
0.14200000000000002	0.761169626419701
0.14300000000000002	0.7506878383835464
0.14400000000000002	0.7400957250789847
0.145	0.7294031070844107
0.146	0.7186198758925407
0.147	0.7077559727830186
0.148	0.6968213671474742
0.149	0.6858260344246193
0.15	0.6747799337201688
0.151	0.6636929852851996
0.152	0.6525750479624597
0.153	0.6414358967608816
0.154	0.6302852006491176
0.155	0.6191325007630745
0.156	0.6079871890862105
0.157	0.5968584877815504
0.158	0.585755429255546
0.159	0.5746868371006876
0.16	0.5636613079809678
0.161	0.552687194585735
0.162	0.5417725897160391
0.163	0.5309253115782566
0.164	0.5201528903758088
0.165	0.5094625562043134
0.166	0.49886122833564384
0.167	0.48835550587753757
0.168	0.47795165987553057
0.169	0.46765562681448103
0.17	0.4574730035597475
0.171	0.4474090436792597
0.17200000000000001	0.4374686551678498
0.17300000000000001	0.4276563995070701
0.17400000000000002	0.4179764920284454
0.17500000000000002	0.4084328035454372
0.176	0.39902886318200376
0.177	0.389767862320297
0.178	0.380652659654143
0.179	0.3716857872014012
0.18	0.3628694572832151
0.181	0.35420557030989813
0.182	0.3456957233681093
0.183	0.3373412194597478
0.184	0.32914307737920956
0.185	0.3211020420981279
0.186	0.31321859559616777
0.187	0.30549296807643883
0.188	0.29792514945334897
0.189	0.29051490107817307
0.19	0.28326176761686833
0.191	0.27616508900267633
0.192	0.2692240124368022
0.193	0.2624375043176464
0.194	0.2558043621351522
0.195	0.24932322618267336
0.196	0.24299259111416563
0.197	0.23681081727063236
0.198	0.23077614174962316
0.199	0.22488668918389004
0.2	0.21914048220166402
0.201	0.21353545154387119
0.202	0.2080694458188722
0.203	0.20274024087760212
0.20400000000000001	0.19754554879658565
0.20500000000000002	0.19248302645899693
0.20600000000000002	0.18755028372687427
0.20700000000000002	0.18274489120131004
0.20800000000000002	0.17806438756877388
0.209	0.1735062865351977
0.21	0.1690680833509479
0.211	0.16474726093226708
0.212	0.1605412955857557
0.213	0.15644766234470833
0.214	0.15246383992694593
0.215	0.14858731532525626
0.216	0.1448155880418734
0.217	0.14114617398005827
0.218	0.1375766090057602
0.219	0.13410445219282188
0.22	0.13072728876612408
0.221	0.12744273275671922
0.222	0.1242484293830034
0.223	0.12114205717229667
0.224	0.11812132983762852
0.225	0.11518399792265627
0.226	0.112327850229674
0.227	0.10955071504307798
0.228	0.10685046116255252
0.229	0.1042249987579947
0.23	0.10167228005881225
0.231	0.09919029988942694
0.232	0.09677709606270876
0.233	0.09443074964197157
0.234	0.0921493850821074
0.23500000000000001	0.08993117026011563
0.23600000000000002	0.08777431640416188
0.23700000000000002	0.08567707793035495
0.23800000000000002	0.08363775219584217
0.23900000000000002	0.08165467917604895
0.24	0.07972624107372861
0.241	0.07785086186703383
0.242	0.07602700680296669
0.243	0.0742531818426978
0.244	0.07252793306457725
0.245	0.07084984602996557
0.246	0.06921754511711992
0.247	0.06762969282775616
0.248	0.06608498907050712
0.249	0.06458217042536339
0.25	0.06312000939264933
0.251	0.06169731362997958
0.252	0.06031292517997411
0.253	0.05896571969217719
0.254	0.057654605640969914
0.255	0.056378523542254096
0.256	0.055136445171177835
0.257	0.053927372781997863
0.258	0.05275033833288315
0.259	0.05160440271638105
0.26	0.0504886549969882
0.261	0.049402211657615665
0.262	0.048344215855242435
0.263	0.047313836687225885
0.264	0.04631026846891056
0.265	0.04533273002322964
0.266	0.04438046398283323
0.267	0.043452736105464664
0.268	0.042548834602771805
0.269	0.04166806948295403
0.27	0.04080977190769887
0.271	0.039973293563354925
0.272	0.03915800604647465
0.273	0.038363300264234464
0.274	0.03758858584914447
0.275	0.03683329058855552
0.276	0.036096859868696214
0.277	0.03537875613326679
0.278	0.03467845835616244
0.279	0.033995461528833544
0.28	0.0333292761612946
0.281	0.032679427797502936
0.28200000000000003	0.03204545654403891
0.28300000000000003	0.03142691661246149
0.28400000000000003	0.03082337587493854
0.28500000000000003	0.030234415432831337
0.28600000000000003	0.029659629197992927
0.28700000000000003	0.02909862348670014
0.28800000000000003	0.02855101662576531
0.289	0.028016438570426915
0.29	0.027494530534339777
0.291	0.026984944630526884
0.292	0.026487343523752316
0.293	0.026001400093660892
0.294	0.025526797108444042
0.295	0.025063226908831737
0.296	0.02461039110219668
0.297	0.024168000266167163
0.298	0.0237357736619596
0.299	0.023313438956768327
0.3	0.022900731955135204
0.301	0.02249739633900525
0.302	0.022103183416161052
0.303	0.02171785187688386
0.304	0.021341167558536697
0.305	0.020972903217762486
0.306	0.020612838310208926
0.307	0.020260758777424948
0.308	0.019916456840792525
0.309	0.01957973080217062
0.31	0.019250384851120406
0.311	0.01892822887852214
0.312	0.0186130782962578
0.313	0.01830475386291946
0.314	0.018003081515204123
0.315	0.017707892204912302
0.316	0.017419021741320564
0.317	0.017136310638759814
0.318	0.016859603969247065
0.319	0.016588751219948975
0.32	0.01632360615537302
0.321	0.016064026684136732
0.322	0.015809874730095916
0.323	0.015561016107698406
0.324	0.015317320401563233
0.325	0.015078660849868676
0.326	0.014844914231727995
0.327	0.014615960758168373
0.328	0.014391683966755693
0.329	0.014171970619608803
0.33	0.013956710604867324
0.331	0.01374579684128186
0.332	0.013539125185993317
0.333	0.013336594345293037
0.334	0.013138105788307665
0.335	0.01294356366351254
0.336	0.012752874717934794
0.337	0.012565948219014035
0.338	0.012382695878957751
0.339	0.012203031781607391
0.34	0.012026872311606865
0.341	0.011854136085897424
0.342	0.011684743887424126
0.343	0.01151861860096573
0.34400000000000003	0.011355685150991838
0.34500000000000003	0.011195870441600739
0.34600000000000003	0.011039103298276185
0.34700000000000003	0.01088531441160198
0.34800000000000003	0.010734436282675322
0.34900000000000003	0.01058640317034975
0.35000000000000003	0.010441151040083346
0.35100000000000003	0.010298617514464318
0.352	0.010158741825229642
0.353	0.010021464766878284
0.354	0.009886728651705383
0.355	0.009754477266238685
0.356	0.009624655829061204
0.357	0.009497210949948041
0.358	0.009372090590282543
0.359	0.009249244024706492
0.36	0.009128621803934828
0.361	0.009010175718791
0.362	0.008893858765259955
0.363	0.00877962511070302
0.364	0.008667430061066362
0.365	0.008557230029131141
0.366	0.008448982503690484
0.367	0.008342646019712059
0.368	0.00823818012939006
0.369	0.008135545374073303
0.37	0.008034703257074715
0.371	0.007935616217263424
0.372	0.0078382476034822
0.373	0.007742561649734106
0.374	0.007648523451082321
0.375	0.00755609894035391
0.376	0.007465254865407183
0.377	0.007375958767235061
0.378	0.007288178958581269
0.379	0.007201884503280363
0.38	0.007117045196161332
0.381	0.007033631543581554
0.382	0.006951614744500279
0.383	0.00687096667211837
0.384	0.006791659856068252
0.385	0.006713667465124712
0.386	0.006636963290396465
0.387	0.006561521729019869
0.388	0.006487317768336082
0.389	0.006414326970516947
0.39	0.006342525457620897
0.391	0.00627188989710293
0.392	0.006202397487722561
0.393	0.0061340259458630975
0.394	0.006066753492251563
0.395	0.00600055883902051
0.396	0.005935421177186496
0.397	0.005871320164433064
0.398	0.005808235913286332
0.399	0.005746148979589763
0.4	0.005685040351326132
0.401	0.005624891437714626
0.402	0.005565684058665836
0.403	0.005507400434493175
0.404	0.005450023175918102
0.405	0.005393535274361131
0.406	0.005337920092486588
0.40700000000000003	0.005283161355027827
0.40800000000000003	0.005229243139852821
0.40900000000000003	0.005176149869251451
0.41000000000000003	0.005123866301529955
0.41100000000000003	0.005072377522749614
0.41200000000000003	0.005021668938751221
0.41300000000000003	0.004971726267377214
0.41400000000000003	0.004922535530888785
0.41500000000000004	0.004874083048612689
0.41600000000000004	0.004826355429777699
0.417	0.004779339566530013
0.418	0.004733022627156993
0.419	0.0046873920494711705
0.42	0.004642435534394568
0.421	0.004598141039695267
0.422	0.004554496773876228
0.423	0.0045114911902777765
0.424	0.004469112981273586
0.425	0.004427351072656289
0.426	0.004386194618169998
0.427	0.004345632994163019
0.428	0.004305655794408835
0.429	0.00426625282503393
0.43	0.004227414099600526
0.431	0.004189129834301508
0.432	0.004151390443286217
0.433	0.004114186534106447
0.434	0.0040775089032772825
0.435	0.004041348531944788
0.436	0.004005696581689903
0.437	0.003970544390401796
0.438	0.003935883468282085
0.439	0.0039017054939612453
0.44	0.0038680023106577514
0.441	0.0038347659225108307
0.442	0.0038019884909372566
0.443	0.0037696623311323763
0.444	0.003737779908627225
0.445	0.0037063338359177612
0.446	0.0036753168692409996
0.447	0.0036447219053538215
0.448	0.0036145419784426565
0.449	0.0035847702571079566
0.45	0.0035554000413780492
0.451	0.0007716293253692597