           0
   10000.000000000000     
   20000.000000000000     
   30000.000000000000     
   40000.000000000000     
   50000.000000000000     
   60000.000000000000     
   70000.000000000000     
   80000.000000000000     
   90000.000000000000     
   100000.00000000000     
   110000.00000000000     
   120000.00000000000     
   130000.00000000000     
   140000.00000000000     
   150000.00000000000     
   160000.00000000000     
   170000.00000000000     
   180000.00000000000     
   190000.00000000000     
   200000.00000000000     
   210000.00000000000     
   220000.00000000000     
   230000.00000000000     
   240000.00000000000     
   250000.00000000000     
   260000.00000000000     
   270000.00000000000     
   280000.00000000000     
   290000.00000000000     
   300000.00000000000     
