z	Wx	Wy
0.	0.	0.
5.e-6	4.65217727e11	4.65217727e11
0.00001	9.27889436e11	9.27889436e11
0.000015	1.3880394e12	1.3880394e12
0.00002	1.84569189e12	1.84569189e12
0.000025	2.30087117e12	2.30087117e12
0.00003	2.75360152e12	2.75360152e12
0.000035	3.20390721e12	3.20390721e12
0.00004	3.6518125e12	3.6518125e12
0.000045	4.09734167e12	4.09734167e12
0.00005	4.54051899e12	4.54051899e12
0.000055	4.98136873e12	4.98136873e12
0.00006	5.41991516e12	5.41991516e12
0.000065	5.85618255e12	5.85618255e12
0.00007	6.29019517e12	6.29019517e12
0.000075	6.7219773e12	6.7219773e12
0.00008	7.1515532e12	7.1515532e12
0.000085	7.57894714e12	7.57894714e12
0.00009	8.00418339e12	8.00418339e12
0.000095	8.42728623e12	8.42728623e12
0.0001	8.84827993e12	8.84827993e12
0.000105	9.26718875e12	9.26718875e12
0.00011	9.68403697e12	9.68403697e12
0.000115	1.00988489e13	1.00988489e13
0.00012	1.05116487e13	1.05116487e13
0.000125	1.09224607e13	1.09224607e13
0.00013	1.13313092e13	1.13313092e13
0.000135	1.17382185e13	1.17382185e13
0.00014	1.21432128e13	1.21432128e13
0.000145	1.25463164e13	1.25463164e13
0.00015	1.29475535e13	1.29475535e13
0.000155	1.33469485e13	1.33469485e13
0.00016	1.37445256e13	1.37445256e13
0.000165	1.4140309e13	1.4140309e13
0.00017	1.45343231e13	1.45343231e13
0.000175	1.49265921e13	1.49265921e13
0.00018	1.53171403e13	1.53171403e13
0.000185	1.5705992e13	1.5705992e13
0.00019	1.60931714e13	1.60931714e13
0.000195	1.64787028e13	1.64787028e13
0.0002	1.68626104e13	1.68626104e13
0.000205	1.72449186e13	1.72449186e13
0.00021	1.76256516e13	1.76256516e13
0.000215	1.80048337e13	1.80048337e13
0.00022	1.83824891e13	1.83824891e13
0.000225	1.87586422e13	1.87586422e13
0.00023	1.91333172e13	1.91333172e13
0.000235	1.95065383e13	1.95065383e13
0.00024	1.98783298e13	1.98783298e13
0.000245	2.02487161e13	2.02487161e13
0.00025	2.06177213e13	2.06177213e13
0.000255	2.09853698e13	2.09853698e13
0.00026	2.13516858e13	2.13516858e13
0.000265	2.17166936e13	2.17166936e13
0.00027	2.20804175e13	2.20804175e13
0.000275	2.24428817e13	2.24428817e13
0.00028	2.28041104e13	2.28041104e13
0.000285	2.31641281e13	2.31641281e13
0.00029	2.35229589e13	2.35229589e13
0.000295	2.38806271e13	2.38806271e13
0.0003	2.4237157e13	2.4237157e13
0.000305	2.45925694e13	2.45925694e13
0.00031	2.49468714e13	2.49468714e13
0.000315	2.53000665e13	2.53000665e13
0.00032	2.56521583e13	2.56521583e13
0.000325	2.60031506e13	2.60031506e13
0.00033	2.63530467e13	2.63530467e13
0.000335	2.67018505e13	2.67018505e13
0.00034	2.70495653e13	2.70495653e13
0.000345	2.7396195e13	2.7396195e13
0.00035	2.7741743e13	2.7741743e13
0.000355	2.80862129e13	2.80862129e13
0.00036	2.84296084e13	2.84296084e13
0.000365	2.87719331e13	2.87719331e13
0.00037	2.91131905e13	2.91131905e13
0.000375	2.94533842e13	2.94533842e13
0.00038	2.97925179e13	2.97925179e13
0.000385	3.01305952e13	3.01305952e13
0.00039	3.04676196e13	3.04676196e13
0.000395	3.08035948e13	3.08035948e13
0.0004	3.11385244e13	3.11385244e13
0.000405	3.14724118e13	3.14724118e13
0.00041	3.18052609e13	3.18052609e13
0.000415	3.21370751e13	3.21370751e13
0.00042	3.2467858e13	3.2467858e13
0.000425	3.27976133e13	3.27976133e13
0.00043	3.31263446e13	3.31263446e13
0.000435	3.34540554e13	3.34540554e13
0.00044	3.37807494e13	3.37807494e13
0.000445	3.41064301e13	3.41064301e13
0.00045	3.44311012e13	3.44311012e13
0.000455	3.47547664e13	3.47547664e13
0.00046	3.50774301e13	3.50774301e13
0.000465	3.53990968e13	3.53990968e13
0.00047	3.5719771e13	3.5719771e13
0.000475	3.60394573e13	3.60394573e13
0.00048	3.63581602e13	3.63581602e13
0.000485	3.66758842e13	3.66758842e13
0.00049	3.6992634e13	3.6992634e13
0.000495	3.73084139e13	3.73084139e13
0.0005	3.76232285e13	3.76232285e13
0.000505	3.79370824e13	3.79370824e13
0.00051	3.82499801e13	3.82499801e13
0.000515	3.8561926e13	3.8561926e13
0.00052	3.88729249e13	3.88729249e13
0.000525	3.91829811e13	3.91829811e13
0.00053	3.94920992e13	3.94920992e13
0.000535	3.98002837e13	3.98002837e13
0.00054	4.01075392e13	4.01075392e13
0.000545	4.04138702e13	4.04138702e13
0.00055	4.07192813e13	4.07192813e13
0.000555	4.10237768e13	4.10237768e13
0.00056	4.13273615e13	4.13273615e13
0.000565	4.16300398e13	4.16300398e13
0.00057	4.19318162e13	4.19318162e13
0.000575	4.22326953e13	4.22326953e13
0.00058	4.25326816e13	4.25326816e13
0.000585	4.28317797e13	4.28317797e13
0.00059	4.3129994e13	4.3129994e13
0.000595	4.34273291e13	4.34273291e13
0.0006	4.37237895e13	4.37237895e13
0.000605	4.40193795e13	4.40193795e13
0.00061	4.43141019e13	4.43141019e13
0.000615	4.46079596e13	4.46079596e13
0.00062	4.4900955e13	4.4900955e13
0.000625	4.51930909e13	4.51930909e13
0.00063	4.54843699e13	4.54843699e13
0.000635	4.57747947e13	4.57747947e13
0.00064	4.60643678e13	4.60643678e13
0.000645	4.6353092e13	4.6353092e13
0.00065	4.664097e13	4.664097e13
0.000655	4.69280043e13	4.69280043e13
0.00066	4.72141976e13	4.72141976e13
0.000665	4.74995526e13	4.74995526e13
0.00067	4.77840718e13	4.77840718e13
0.000675	4.80677581e13	4.80677581e13
0.00068	4.83506139e13	4.83506139e13
0.000685	4.8632642e13	4.8632642e13
0.00069	4.89138451e13	4.89138451e13
0.000695	4.91942257e13	4.91942257e13
0.0007	4.94737865e13	4.94737865e13
0.000705	4.97525302e13	4.97525302e13
0.00071	5.00304593e13	5.00304593e13
0.000715	5.03075767e13	5.03075767e13
0.00072	5.05838849e13	5.05838849e13
0.000725	5.08593865e13	5.08593865e13
0.00073	5.11340843e13	5.11340843e13
0.000735	5.14079808e13	5.14079808e13
0.00074	5.16810787e13	5.16810787e13
0.000745	5.19533808e13	5.19533808e13
0.00075	5.22248895e13	5.22248895e13
0.000755	5.24956075e13	5.24956075e13
0.00076	5.27655368e13	5.27655368e13
0.000765	5.30346793e13	5.30346793e13
0.00077	5.33030369e13	5.33030369e13
0.000775	5.35706117e13	5.35706117e13
0.00078	5.38374054e13	5.38374054e13
0.000785	5.41034201e13	5.41034201e13
0.00079	5.43686576e13	5.43686576e13
0.000795	5.46331199e13	5.46331199e13
0.0008	5.4896809e13	5.4896809e13
0.000805	5.51597266e13	5.51597266e13
0.00081	5.54218749e13	5.54218749e13
0.000815	5.56832556e13	5.56832556e13
0.00082	5.59438707e13	5.59438707e13
0.000825	5.62037222e13	5.62037222e13
0.00083	5.6462812e13	5.6462812e13
0.000835	5.67211419e13	5.67211419e13
0.00084	5.6978714e13	5.6978714e13
0.000845	5.72355302e13	5.72355302e13
0.00085	5.74915923e13	5.74915923e13
0.000855	5.77469023e13	5.77469023e13
0.00086	5.80014622e13	5.80014622e13
0.000865	5.82552738e13	5.82552738e13
0.00087	5.85083391e13	5.85083391e13
0.000875	5.876066e13	5.876066e13
0.00088	5.90122385e13	5.90122385e13
0.000885	5.92630764e13	5.92630764e13
0.00089	5.95131758e13	5.95131758e13
0.000895	5.97625384e13	5.97625384e13
0.0009	6.00111663e13	6.00111663e13
0.000905	6.02590614e13	6.02590614e13
0.00091	6.05062254e13	6.05062254e13
0.000915	6.07526603e13	6.07526603e13
0.00092	6.09983678e13	6.09983678e13
0.000925	6.12433499e13	6.12433499e13
0.00093	6.14876082e13	6.14876082e13
0.000935	6.17311447e13	6.17311447e13
0.00094	6.19739611e13	6.19739611e13
0.000945	6.22160594e13	6.22160594e13
0.00095	6.24574412e13	6.24574412e13
0.000955	6.26981086e13	6.26981086e13
0.00096	6.29380632e13	6.29380632e13
0.000965	6.31773069e13	6.31773069e13
0.00097	6.34158415e13	6.34158415e13
0.000975	6.36536689e13	6.36536689e13
0.00098	6.38907908e13	6.38907908e13
0.000985	6.41272092e13	6.41272092e13
0.00099	6.43629259e13	6.43629259e13
0.000995	6.45979426e13	6.45979426e13
0.001	6.48322612e13	6.48322612e13
0.001005	6.50658835e13	6.50658835e13
0.00101	6.52988114e13	6.52988114e13
0.001015	6.55310466e13	6.55310466e13
0.00102	6.57625911e13	6.57625911e13
0.001025	6.59934466e13	6.59934466e13
0.00103	6.62236149e13	6.62236149e13
0.001035	6.6453098e13	6.6453098e13
0.00104	6.66818975e13	6.66818975e13
0.001045	6.69100154e13	6.69100154e13
0.00105	6.71374535e13	6.71374535e13
0.001055	6.73642135e13	6.73642135e13
0.00106	6.75902969e13	6.75902969e13
0.001065	6.78157051e13	6.78157051e13
0.00107	6.80404395e13	6.80404395e13
0.001075	6.82645015e13	6.82645015e13
0.00108	6.84878924e13	6.84878924e13
0.001085	6.87106138e13	6.87106138e13
0.00109	6.89326669e13	6.89326669e13
0.001095	6.91540533e13	6.91540533e13
0.0011	6.93747742e13	6.93747742e13
0.001105	6.95948311e13	6.95948311e13
0.00111	6.98142254e13	6.98142254e13
0.001115	7.00329584e13	7.00329584e13
0.00112	7.02510316e13	7.02510316e13
0.001125	7.04684464e13	7.04684464e13
0.00113	7.06852042e13	7.06852042e13
0.001135	7.09013064e13	7.09013064e13
0.00114	7.11167543e13	7.11167543e13
0.001145	7.13315493e13	7.13315493e13
0.00115	7.1545693e13	7.1545693e13
0.001155	7.17591866e13	7.17591866e13
0.00116	7.19720316e13	7.19720316e13
0.001165	7.21842293e13	7.21842293e13
0.00117	7.23957812e13	7.23957812e13
0.001175	7.26066886e13	7.26066886e13
0.00118	7.2816953e13	7.2816953e13
0.001185	7.30265758e13	7.30265758e13
0.00119	7.32355583e13	7.32355583e13
0.001195	7.34439019e13	7.34439019e13
0.0012	7.36516081e13	7.36516081e13
0.001205	7.38586783e13	7.38586783e13
0.00121	7.40651141e13	7.40651141e13
0.001215	7.42709171e13	7.42709171e13
0.00122	7.44760891e13	7.44760891e13
0.001225	7.46806317e13	7.46806317e13
0.00123	7.48845466e13	7.48845466e13
0.001235	7.50878354e13	7.50878354e13
0.00124	7.52904997e13	7.52904997e13
0.001245	7.54925413e13	7.54925413e13
0.00125	7.56939618e13	7.56939618e13
0.001255	7.58947629e13	7.58947629e13
0.00126	7.60949462e13	7.60949462e13
0.001265	7.62945134e13	7.62945134e13
0.00127	7.64934662e13	7.64934662e13
0.001275	7.66918062e13	7.66918062e13
0.00128	7.68895351e13	7.68895351e13
0.001285	7.70866545e13	7.70866545e13
0.00129	7.72831662e13	7.72831662e13
0.001295	7.74790717e13	7.74790717e13
0.0013	7.76743727e13	7.76743727e13
0.001305	7.7869071e13	7.7869071e13
0.00131	7.80631681e13	7.80631681e13
0.001315	7.82566657e13	7.82566657e13
0.00132	7.84495656e13	7.84495656e13
0.001325	7.86418692e13	7.86418692e13
0.00133	7.88335784e13	7.88335784e13
0.001335	7.90246948e13	7.90246948e13
0.00134	7.921522e13	7.921522e13
0.001345	7.94051556e13	7.94051556e13
0.00135	7.95945035e13	7.95945035e13
0.001355	7.97832651e13	7.97832651e13
0.00136	7.99714418e13	7.99714418e13
0.001365	8.01590348e13	8.01590348e13
0.00137	8.03460455e13	8.03460455e13
0.001375	8.05324749e13	8.05324749e13
0.00138	8.07183245e13	8.07183245e13
0.001385	8.09035954e13	8.09035954e13
0.00139	8.1088289e13	8.1088289e13
0.001395	8.12724064e13	8.12724064e13
0.0014	8.1455949e13	8.1455949e13
0.001405	8.16389179e13	8.16389179e13
0.00141	8.18213145e13	8.18213145e13
0.001415	8.20031399e13	8.20031399e13
0.00142	8.21843955e13	8.21843955e13
0.001425	8.23650826e13	8.23650826e13
0.00143	8.25452022e13	8.25452022e13
0.001435	8.27247558e13	8.27247558e13
0.00144	8.29037446e13	8.29037446e13
0.001445	8.30821698e13	8.30821698e13
0.00145	8.32600327e13	8.32600327e13
0.001455	8.34373345e13	8.34373345e13
0.00146	8.36140765e13	8.36140765e13
0.001465	8.379026e13	8.379026e13
0.00147	8.39658862e13	8.39658862e13
0.001475	8.41409564e13	8.41409564e13
0.00148	8.43154717e13	8.43154717e13
0.001485	8.44894336e13	8.44894336e13
0.00149	8.46628431e13	8.46628431e13
0.001495	8.48357017e13	8.48357017e13
0.0015	8.50080105e13	8.50080105e13
0.001505	8.51797708e13	8.51797708e13
0.00151	8.53509842e13	8.53509842e13
0.001515	8.55216521e13	8.55216521e13
0.00152	8.5691776e13	8.5691776e13
0.001525	8.58613574e13	8.58613574e13
0.00153	8.60303979e13	8.60303979e13
0.001535	8.6198899e13	8.6198899e13
0.00154	8.63668621e13	8.63668621e13
0.001545	8.65342889e13	8.65342889e13
0.00155	8.67011807e13	8.67011807e13
0.001555	8.68675391e13	8.68675391e13
0.00156	8.70333657e13	8.70333657e13
0.001565	8.71986619e13	8.71986619e13
0.00157	8.73634292e13	8.73634292e13
0.001575	8.75276692e13	8.75276692e13
0.00158	8.76913834e13	8.76913834e13
0.001585	8.78545732e13	8.78545732e13
0.00159	8.80172402e13	8.80172402e13
0.001595	8.81793859e13	8.81793859e13
0.0016	8.83410119e13	8.83410119e13
0.001605	8.85021195e13	8.85021195e13
0.00161	8.86627104e13	8.86627104e13
0.001615	8.8822786e13	8.8822786e13
0.00162	8.89823479e13	8.89823479e13
0.001625	8.91413975e13	8.91413975e13
0.00163	8.92999364e13	8.92999364e13
0.001635	8.94579661e13	8.94579661e13
0.00164	8.96154881e13	8.96154881e13
0.001645	8.9772504e13	8.9772504e13
0.00165	8.99290151e13	8.99290151e13
0.001655	9.0085023e13	9.0085023e13
0.00166	9.02405292e13	9.02405292e13
0.001665	9.03955348e13	9.03955348e13
0.00167	9.05500413e13	9.05500413e13
0.001675	9.070405e13	9.070405e13
0.00168	9.08575622e13	9.08575622e13
0.001685	9.10105793e13	9.10105793e13
0.00169	9.11631026e13	9.11631026e13
0.001695	9.13151335e13	9.13151335e13
0.0017	9.14666733e13	9.14666733e13
0.001705	9.16177234e13	9.16177234e13
0.00171	9.1768285e13	9.1768285e13
0.001715	9.19183596e13	9.19183596e13
0.00172	9.20679484e13	9.20679484e13
0.001725	9.22170529e13	9.22170529e13
0.00173	9.23656743e13	9.23656743e13
0.001735	9.2513814e13	9.2513814e13
0.00174	9.26614734e13	9.26614734e13
0.001745	9.28086537e13	9.28086537e13
0.00175	9.29553563e13	9.29553563e13
0.001755	9.31015827e13	9.31015827e13
0.00176	9.3247334e13	9.3247334e13
0.001765	9.33926117e13	9.33926117e13
0.00177	9.3537417e13	9.3537417e13
0.001775	9.36817514e13	9.36817514e13
0.00178	9.38256162e13	9.38256162e13
0.001785	9.39690127e13	9.39690127e13
0.00179	9.41119422e13	9.41119422e13
0.001795	9.42544061e13	9.42544061e13
0.0018	9.43964058e13	9.43964058e13
0.001805	9.45379426e13	9.45379426e13
0.00181	9.46790183e13	9.46790183e13
0.001815	9.48196346e13	9.48196346e13
0.00182	9.49597932e13	9.49597932e13
0.001825	9.50994959e13	9.50994959e13
0.00183	9.52387446e13	9.52387446e13
0.001835	9.53775409e13	9.53775409e13
0.00184	9.55158866e13	9.55158866e13
0.001845	9.56537835e13	9.56537835e13
0.00185	9.57912333e13	9.57912333e13
0.001855	9.59282379e13	9.59282379e13
0.00186	9.60647989e13	9.60647989e13
0.001865	9.62009181e13	9.62009181e13
0.00187	9.63365973e13	9.63365973e13
0.001875	9.64718383e13	9.64718383e13
0.00188	9.66066427e13	9.66066427e13
0.001885	9.67410125e13	9.67410125e13
0.00189	9.68749492e13	9.68749492e13
0.001895	9.70084548e13	9.70084548e13
0.0019	9.71415309e13	9.71415309e13
0.001905	9.72741794e13	9.72741794e13
0.00191	9.74064019e13	9.74064019e13
0.001915	9.75382003e13	9.75382003e13
0.00192	9.76695762e13	9.76695762e13
0.001925	9.78005316e13	9.78005316e13
0.00193	9.79310681e13	9.79310681e13
0.001935	9.80611874e13	9.80611874e13
0.00194	9.81908914e13	9.81908914e13
0.001945	9.83201819e13	9.83201819e13
0.00195	9.84490605e13	9.84490605e13
0.001955	9.85775289e13	9.85775289e13
0.00196	9.87055882e13	9.87055882e13
0.001965	9.88332392e13	9.88332392e13
0.00197	9.89604829e13	9.89604829e13
0.001975	9.90873203e13	9.90873203e13
0.00198	9.92137521e13	9.92137521e13
0.001985	9.93397793e13	9.93397793e13
0.00199	9.94654029e13	9.94654029e13
0.001995	9.95906238e13	9.95906238e13
0.002	9.97154428e13	9.97154428e13
0.002005	9.98398609e13	9.98398609e13
0.00201	9.9963879e13	9.9963879e13
0.002015	1.00087498e14	1.00087498e14
0.00202	1.00210719e14	1.00210719e14
0.002025	1.00333542e14	1.00333542e14
0.00203	1.0045597e14	1.0045597e14
0.002035	1.00578002e14	1.00578002e14
0.00204	1.00699639e14	1.00699639e14
0.002045	1.00820883e14	1.00820883e14
0.00205	1.00941734e14	1.00941734e14
0.002055	1.01062193e14	1.01062193e14
0.00206	1.01182261e14	1.01182261e14
0.002065	1.0130194e14	1.0130194e14
0.00207	1.01421229e14	1.01421229e14
0.002075	1.0154013e14	1.0154013e14
0.00208	1.01658644e14	1.01658644e14
0.002085	1.01776772e14	1.01776772e14
0.00209	1.01894515e14	1.01894515e14
0.002095	1.02011873e14	1.02011873e14
0.0021	1.02128847e14	1.02128847e14
0.002105	1.02245439e14	1.02245439e14
0.00211	1.0236165e14	1.0236165e14
0.002115	1.02477483e14	1.02477483e14
0.00212	1.02592938e14	1.02592938e14
0.002125	1.02708018e14	1.02708018e14
0.00213	1.02822726e14	1.02822726e14
0.002135	1.02937062e14	1.02937062e14
0.00214	1.03051028e14	1.03051028e14
0.002145	1.03164627e14	1.03164627e14
0.00215	1.03277861e14	1.03277861e14
0.002155	1.03390731e14	1.03390731e14
0.00216	1.03503239e14	1.03503239e14
0.002165	1.03615387e14	1.03615387e14
0.00217	1.03727177e14	1.03727177e14
0.002175	1.03838611e14	1.03838611e14
0.00218	1.0394969e14	1.0394969e14
0.002185	1.04060418e14	1.04060418e14
0.00219	1.04170795e14	1.04170795e14
0.002195	1.04280823e14	1.04280823e14
0.0022	1.04390505e14	1.04390505e14
0.002205	1.04499842e14	1.04499842e14
0.00221	1.04608836e14	1.04608836e14
0.002215	1.04717489e14	1.04717489e14
0.00222	1.04825803e14	1.04825803e14
0.002225	1.0493378e14	1.0493378e14
0.00223	1.05041422e14	1.05041422e14
0.002235	1.0514873e14	1.0514873e14
0.00224	1.05255707e14	1.05255707e14
0.002245	1.05362354e14	1.05362354e14
0.00225	1.05468673e14	1.05468673e14
0.002255	1.05574666e14	1.05574666e14
0.00226	1.05680334e14	1.05680334e14
0.002265	1.05785678e14	1.05785678e14
0.00227	1.05890697e14	1.05890697e14
0.002275	1.05995393e14	1.05995393e14
0.00228	1.06099766e14	1.06099766e14
0.002285	1.06203817e14	1.06203817e14
0.00229	1.06307546e14	1.06307546e14
0.002295	1.06410954e14	1.06410954e14
0.0023	1.06514042e14	1.06514042e14
0.002305	1.06616809e14	1.06616809e14
0.00231	1.06719258e14	1.06719258e14
0.002315	1.06821387e14	1.06821387e14
0.00232	1.06923199e14	1.06923199e14
0.002325	1.07024693e14	1.07024693e14
0.00233	1.0712587e14	1.0712587e14
0.002335	1.07226731e14	1.07226731e14
0.00234	1.07327276e14	1.07327276e14
0.002345	1.07427506e14	1.07427506e14
0.00235	1.07527422e14	1.07527422e14
0.002355	1.07627023e14	1.07627023e14
0.00236	1.07726311e14	1.07726311e14
0.002365	1.07825287e14	1.07825287e14
0.00237	1.0792395e14	1.0792395e14
0.002375	1.08022301e14	1.08022301e14
0.00238	1.08120342e14	1.08120342e14
0.002385	1.08218072e14	1.08218072e14
0.00239	1.08315493e14	1.08315493e14
0.002395	1.08412604e14	1.08412604e14
0.0024	1.08509407e14	1.08509407e14
0.002405	1.08605902e14	1.08605902e14
0.00241	1.08702091e14	1.08702091e14
0.002415	1.08797978e14	1.08797978e14
0.00242	1.08893563e14	1.08893563e14
0.002425	1.0898885e14	1.0898885e14
0.00243	1.0908384e14	1.0908384e14
0.002435	1.09178537e14	1.09178537e14
0.00244	1.09272943e14	1.09272943e14
0.002445	1.09367059e14	1.09367059e14
0.00245	1.09460889e14	1.09460889e14
0.002455	1.09554435e14	1.09554435e14
0.00246	1.09647699e14	1.09647699e14
0.002465	1.09740684e14	1.09740684e14
0.00247	1.09833391e14	1.09833391e14
0.002475	1.09925824e14	1.09925824e14
0.00248	1.10017984e14	1.10017984e14
0.002485	1.10109874e14	1.10109874e14
0.00249	1.10201497e14	1.10201497e14
0.002495	1.10292855e14	1.10292855e14
0.0025	1.10383949e14	1.10383949e14
0.002505	1.10474784e14	1.10474784e14
0.00251	1.1056536e14	1.1056536e14
0.002515	1.1065568e14	1.1065568e14
0.00252	1.10745747e14	1.10745747e14
0.002525	1.10835564e14	1.10835564e14
0.00253	1.10925131e14	1.10925131e14
0.002535	1.11014453e14	1.11014453e14
0.00254	1.11103531e14	1.11103531e14
0.002545	1.11192367e14	1.11192367e14
0.00255	1.11280964e14	1.11280964e14
0.002555	1.11369324e14	1.11369324e14
0.00256	1.11457449e14	1.11457449e14
0.002565	1.11545339e14	1.11545339e14
0.00257	1.11632995e14	1.11632995e14
0.002575	1.11720418e14	1.11720418e14
0.00258	1.1180761e14	1.1180761e14
0.002585	1.1189457e14	1.1189457e14
0.00259	1.11981301e14	1.11981301e14
0.002595	1.12067803e14	1.12067803e14
0.0026	1.12154077e14	1.12154077e14
0.002605	1.12240124e14	1.12240124e14
0.00261	1.12325945e14	1.12325945e14
0.002615	1.12411541e14	1.12411541e14
0.00262	1.12496913e14	1.12496913e14
0.002625	1.12582062e14	1.12582062e14
0.00263	1.12666989e14	1.12666989e14
0.002635	1.12751695e14	1.12751695e14
0.00264	1.1283618e14	1.1283618e14
0.002645	1.12920447e14	1.12920447e14
0.00265	1.13004495e14	1.13004495e14
0.002655	1.13088326e14	1.13088326e14
0.00266	1.13171941e14	1.13171941e14
0.002665	1.1325534e14	1.1325534e14
0.00267	1.13338525e14	1.13338525e14
0.002675	1.13421497e14	1.13421497e14
0.00268	1.13504257e14	1.13504257e14
0.002685	1.13586805e14	1.13586805e14
0.00269	1.13669142e14	1.13669142e14
0.002695	1.1375127e14	1.1375127e14
0.0027	1.1383319e14	1.1383319e14
0.002705	1.13914902e14	1.13914902e14
0.00271	1.13996407e14	1.13996407e14
0.002715	1.14077705e14	1.14077705e14
0.00272	1.14158797e14	1.14158797e14
0.002725	1.14239683e14	1.14239683e14
0.00273	1.14320363e14	1.14320363e14
0.002735	1.14400838e14	1.14400838e14
0.00274	1.14481108e14	1.14481108e14
0.002745	1.14561174e14	1.14561174e14
0.00275	1.14641035e14	1.14641035e14
0.002755	1.14720693e14	1.14720693e14
0.00276	1.14800148e14	1.14800148e14
0.002765	1.14879399e14	1.14879399e14
0.00277	1.14958448e14	1.14958448e14
0.002775	1.15037295e14	1.15037295e14
0.00278	1.1511594e14	1.1511594e14
0.002785	1.15194383e14	1.15194383e14
0.00279	1.15272626e14	1.15272626e14
0.002795	1.15350668e14	1.15350668e14
0.0028	1.15428509e14	1.15428509e14
0.002805	1.15506151e14	1.15506151e14
0.00281	1.15583593e14	1.15583593e14
0.002815	1.15660835e14	1.15660835e14
0.00282	1.15737879e14	1.15737879e14
0.002825	1.15814725e14	1.15814725e14
0.00283	1.15891372e14	1.15891372e14
0.002835	1.15967822e14	1.15967822e14
0.00284	1.16044075e14	1.16044075e14
0.002845	1.16120131e14	1.16120131e14
0.00285	1.1619599e14	1.1619599e14
0.002855	1.16271653e14	1.16271653e14
0.00286	1.16347123e14	1.16347123e14
0.002865	1.16422399e14	1.16422399e14
0.00287	1.16497486e14	1.16497486e14
0.002875	1.16572384e14	1.16572384e14
0.00288	1.16647096e14	1.16647096e14
0.002885	1.16721623e14	1.16721623e14
0.00289	1.16795968e14	1.16795968e14
0.002895	1.16870132e14	1.16870132e14
0.0029	1.16944118e14	1.16944118e14
0.002905	1.17017927e14	1.17017927e14
0.00291	1.17091561e14	1.17091561e14
0.002915	1.17165022e14	1.17165022e14
0.00292	1.17238313e14	1.17238313e14
0.002925	1.17311434e14	1.17311434e14
0.00293	1.17384389e14	1.17384389e14
0.002935	1.17457178e14	1.17457178e14
0.00294	1.17529805e14	1.17529805e14
0.002945	1.1760227e14	1.1760227e14
0.00295	1.17674576e14	1.17674576e14
0.002955	1.17746725e14	1.17746725e14
0.00296	1.17818718e14	1.17818718e14
0.002965	1.17890558e14	1.17890558e14
0.00297	1.17962247e14	1.17962247e14
0.002975	1.18033786e14	1.18033786e14
0.00298	1.18105177e14	1.18105177e14
0.002985	1.18176423e14	1.18176423e14
0.00299	1.18247526e14	1.18247526e14
0.002995	1.18318486e14	1.18318486e14
0.003	1.18389307e14	1.18389307e14
0.003005	1.1845999e14	1.1845999e14
0.00301	1.18530535e14	1.18530535e14
0.003015	1.18600945e14	1.18600945e14
0.00302	1.18671218e14	1.18671218e14
0.003025	1.18741357e14	1.18741357e14
0.00303	1.18811361e14	1.18811361e14
0.003035	1.18881232e14	1.18881232e14
0.00304	1.18950969e14	1.18950969e14
0.003045	1.19020575e14	1.19020575e14
0.00305	1.19090049e14	1.19090049e14
0.003055	1.19159393e14	1.19159393e14
0.00306	1.19228606e14	1.19228606e14
0.003065	1.1929769e14	1.1929769e14
0.00307	1.19366646e14	1.19366646e14
0.003075	1.19435473e14	1.19435473e14
0.00308	1.19504173e14	1.19504173e14
0.003085	1.19572747e14	1.19572747e14
0.00309	1.19641196e14	1.19641196e14
0.003095	1.19709519e14	1.19709519e14
0.0031	1.19777717e14	1.19777717e14
0.003105	1.19845792e14	1.19845792e14
0.00311	1.19913744e14	1.19913744e14
0.003115	1.19981574e14	1.19981574e14
0.00312	1.20049283e14	1.20049283e14
0.003125	1.2011687e14	1.2011687e14
0.00313	1.20184338e14	1.20184338e14
0.003135	1.20251686e14	1.20251686e14
0.00314	1.20318915e14	1.20318915e14
0.003145	1.20386027e14	1.20386027e14
0.00315	1.20453021e14	1.20453021e14
0.003155	1.20519898e14	1.20519898e14
0.00316	1.20586659e14	1.20586659e14
0.003165	1.20653302e14	1.20653302e14
0.00317	1.20719828e14	1.20719828e14
0.003175	1.20786236e14	1.20786236e14
0.00318	1.20852525e14	1.20852525e14
0.003185	1.20918696e14	1.20918696e14
0.00319	1.20984748e14	1.20984748e14
0.003195	1.2105068e14	1.2105068e14
0.0032	1.21116493e14	1.21116493e14
0.003205	1.21182186e14	1.21182186e14
0.00321	1.21247758e14	1.21247758e14
0.003215	1.21313209e14	1.21313209e14
0.00322	1.2137854e14	1.2137854e14
0.003225	1.21443748e14	1.21443748e14
0.00323	1.21508835e14	1.21508835e14
0.003235	1.215738e14	1.215738e14
0.00324	1.21638643e14	1.21638643e14
0.003245	1.21703362e14	1.21703362e14
0.00325	1.21767959e14	1.21767959e14
0.003255	1.21832431e14	1.21832431e14
0.00326	1.2189678e14	1.2189678e14
0.003265	1.21961005e14	1.21961005e14
0.00327	1.22025104e14	1.22025104e14
0.003275	1.22089079e14	1.22089079e14
0.00328	1.22152929e14	1.22152929e14
0.003285	1.22216653e14	1.22216653e14
0.00329	1.22280251e14	1.22280251e14
0.003295	1.22343722e14	1.22343722e14
0.0033	1.22407067e14	1.22407067e14
0.003305	1.22470285e14	1.22470285e14
0.00331	1.22533379e14	1.22533379e14
0.003315	1.22596352e14	1.22596352e14
0.00332	1.22659206e14	1.22659206e14
0.003325	1.22721945e14	1.22721945e14
0.00333	1.22784572e14	1.22784572e14
0.003335	1.22847089e14	1.22847089e14
0.00334	1.22909499e14	1.22909499e14
0.003345	1.22971805e14	1.22971805e14
0.00335	1.23034011e14	1.23034011e14
0.003355	1.23096118e14	1.23096118e14
0.00336	1.23158131e14	1.23158131e14
0.003365	1.23220051e14	1.23220051e14
0.00337	1.23281882e14	1.23281882e14
0.003375	1.23343627e14	1.23343627e14
0.00338	1.23405288e14	1.23405288e14
0.003385	1.23466869e14	1.23466869e14
0.00339	1.23528372e14	1.23528372e14
0.003395	1.235898e14	1.235898e14
0.0034	1.23651157e14	1.23651157e14
0.003405	1.23712445e14	1.23712445e14
0.00341	1.23773666e14	1.23773666e14
0.003415	1.23834825e14	1.23834825e14
0.00342	1.23895924e14	1.23895924e14
0.003425	1.23956965e14	1.23956965e14
0.00343	1.24017952e14	1.24017952e14
0.003435	1.24078888e14	1.24078888e14
0.00344	1.24139775e14	1.24139775e14
0.003445	1.24200617e14	1.24200617e14
0.00345	1.24261416e14	1.24261416e14
0.003455	1.24322174e14	1.24322174e14
0.00346	1.2438289e14	1.2438289e14
0.003465	1.24443562e14	1.24443562e14
0.00347	1.24504186e14	1.24504186e14
0.003475	1.24564761e14	1.24564761e14
0.00348	1.24625284e14	1.24625284e14
0.003485	1.24685753e14	1.24685753e14
0.00349	1.24746165e14	1.24746165e14
0.003495	1.24806518e14	1.24806518e14
0.0035	1.24866809e14	1.24866809e14
0.003505	1.24927036e14	1.24927036e14
0.00351	1.24987197e14	1.24987197e14
0.003515	1.25047288e14	1.25047288e14
0.00352	1.25107309e14	1.25107309e14
0.003525	1.25167255e14	1.25167255e14
0.00353	1.25227126e14	1.25227126e14
0.003535	1.25286918e14	1.25286918e14
0.00354	1.25346628e14	1.25346628e14
0.003545	1.25406255e14	1.25406255e14
0.00355	1.25465797e14	1.25465797e14
0.003555	1.2552525e14	1.2552525e14
0.00356	1.25584612e14	1.25584612e14
0.003565	1.25643881e14	1.25643881e14
0.00357	1.25703054e14	1.25703054e14
0.003575	1.2576213e14	1.2576213e14
0.00358	1.25821104e14	1.25821104e14
0.003585	1.25879976e14	1.25879976e14
0.00359	1.25938743e14	1.25938743e14
0.003595	1.25997401e14	1.25997401e14
0.0036	1.2605595e14	1.2605595e14
0.003605	1.26114387e14	1.26114387e14
0.00361	1.26172713e14	1.26172713e14
0.003615	1.26230932e14	1.26230932e14
0.00362	1.26289045e14	1.26289045e14
0.003625	1.26347055e14	1.26347055e14
0.00363	1.26404964e14	1.26404964e14
0.003635	1.26462775e14	1.26462775e14
0.00364	1.26520489e14	1.26520489e14
0.003645	1.2657811e14	1.2657811e14
0.00365	1.2663564e14	1.2663564e14
0.003655	1.26693081e14	1.26693081e14
0.00366	1.26750435e14	1.26750435e14
0.003665	1.26807706e14	1.26807706e14
0.00367	1.26864894e14	1.26864894e14
0.003675	1.26922003e14	1.26922003e14
0.00368	1.26979035e14	1.26979035e14
0.003685	1.27035993e14	1.27035993e14
0.00369	1.27092878e14	1.27092878e14
0.003695	1.27149693e14	1.27149693e14
0.0037	1.27206441e14	1.27206441e14
0.003705	1.27263123e14	1.27263123e14
0.00371	1.27319743e14	1.27319743e14
0.003715	1.27376302e14	1.27376302e14
0.00372	1.27432804e14	1.27432804e14
0.003725	1.27489249e14	1.27489249e14
0.00373	1.27545642e14	1.27545642e14
0.003735	1.27601983e14	1.27601983e14
0.00374	1.27658276e14	1.27658276e14
0.003745	1.27714523e14	1.27714523e14
0.00375	1.27770726e14	1.27770726e14
0.003755	1.27826887e14	1.27826887e14
0.00376	1.27883006e14	1.27883006e14
0.003765	1.27939083e14	1.27939083e14
0.00377	1.27995118e14	1.27995118e14
0.003775	1.28051109e14	1.28051109e14
0.00378	1.28107057e14	1.28107057e14
0.003785	1.28162961e14	1.28162961e14
0.00379	1.2821882e14	1.2821882e14
0.003795	1.28274635e14	1.28274635e14
0.0038	1.28330404e14	1.28330404e14
0.003805	1.28386128e14	1.28386128e14
0.00381	1.28441806e14	1.28441806e14
0.003815	1.28497437e14	1.28497437e14
0.00382	1.28553021e14	1.28553021e14
0.003825	1.28608559e14	1.28608559e14
0.00383	1.28664048e14	1.28664048e14
0.003835	1.28719489e14	1.28719489e14
0.00384	1.28774882e14	1.28774882e14
0.003845	1.28830226e14	1.28830226e14
0.00385	1.2888552e14	1.2888552e14
0.003855	1.28940764e14	1.28940764e14
0.00386	1.28995958e14	1.28995958e14
0.003865	1.29051102e14	1.29051102e14
0.00387	1.29106194e14	1.29106194e14
0.003875	1.29161235e14	1.29161235e14
0.00388	1.29216224e14	1.29216224e14
0.003885	1.29271161e14	1.29271161e14
0.00389	1.29326044e14	1.29326044e14
0.003895	1.29380875e14	1.29380875e14
0.0039	1.29435652e14	1.29435652e14
0.003905	1.29490375e14	1.29490375e14
0.00391	1.29545043e14	1.29545043e14
0.003915	1.29599656e14	1.29599656e14
0.00392	1.29654212e14	1.29654212e14
0.003925	1.29708712e14	1.29708712e14
0.00393	1.29763154e14	1.29763154e14
0.003935	1.29817538e14	1.29817538e14
0.00394	1.29871864e14	1.29871864e14
0.003945	1.29926129e14	1.29926129e14
0.00395	1.29980335e14	1.29980335e14
0.003955	1.30034479e14	1.30034479e14
0.00396	1.30088562e14	1.30088562e14
0.003965	1.30142583e14	1.30142583e14
0.00397	1.30196541e14	1.30196541e14
0.003975	1.30250435e14	1.30250435e14
0.00398	1.30304264e14	1.30304264e14
0.003985	1.30358029e14	1.30358029e14
0.00399	1.30411727e14	1.30411727e14
0.003995	1.3046536e14	1.3046536e14
0.004	1.30518925e14	1.30518925e14
0.004005	1.30572422e14	1.30572422e14
0.00401	1.30625851e14	1.30625851e14
0.004015	1.30679211e14	1.30679211e14
0.00402	1.30732501e14	1.30732501e14
0.004025	1.3078572e14	1.3078572e14
0.00403	1.30838868e14	1.30838868e14
0.004035	1.30891944e14	1.30891944e14
0.00404	1.30944948e14	1.30944948e14
0.004045	1.30997878e14	1.30997878e14
0.00405	1.31050734e14	1.31050734e14
0.004055	1.31103516e14	1.31103516e14
0.00406	1.31156224e14	1.31156224e14
0.004065	1.31208859e14	1.31208859e14
0.00407	1.31261422e14	1.31261422e14
0.004075	1.31313915e14	1.31313915e14
0.00408	1.31366337e14	1.31366337e14
0.004085	1.31418691e14	1.31418691e14
0.00409	1.31470977e14	1.31470977e14
0.004095	1.31523195e14	1.31523195e14
0.0041	1.31575348e14	1.31575348e14
0.004105	1.31627435e14	1.31627435e14
0.00411	1.31679459e14	1.31679459e14
0.004115	1.31731419e14	1.31731419e14
0.00412	1.31783316e14	1.31783316e14
0.004125	1.31835153e14	1.31835153e14
0.00413	1.31886929e14	1.31886929e14
0.004135	1.31938646e14	1.31938646e14
0.00414	1.31990304e14	1.31990304e14
0.004145	1.32041905e14	1.32041905e14
0.00415	1.32093449e14	1.32093449e14
0.004155	1.32144938e14	1.32144938e14
0.00416	1.32196372e14	1.32196372e14
0.004165	1.32247752e14	1.32247752e14
0.00417	1.3229908e14	1.3229908e14
0.004175	1.32350356e14	1.32350356e14
0.00418	1.32401581e14	1.32401581e14
0.004185	1.32452756e14	1.32452756e14
0.00419	1.32503883e14	1.32503883e14
0.004195	1.32554961e14	1.32554961e14
0.0042	1.32605993e14	1.32605993e14
0.004205	1.32656978e14	1.32656978e14
0.00421	1.32707917e14	1.32707917e14
0.004215	1.32758807e14	1.32758807e14
0.00422	1.32809649e14	1.32809649e14
0.004225	1.32860441e14	1.32860441e14
0.00423	1.32911182e14	1.32911182e14
0.004235	1.32961872e14	1.32961872e14
0.00424	1.3301251e14	1.3301251e14
0.004245	1.33063094e14	1.33063094e14
0.00425	1.33113624e14	1.33113624e14
0.004255	1.33164099e14	1.33164099e14
0.00426	1.33214517e14	1.33214517e14
0.004265	1.33264879e14	1.33264879e14
0.00427	1.33315182e14	1.33315182e14
0.004275	1.33365427e14	1.33365427e14
0.00428	1.33415612e14	1.33415612e14
0.004285	1.33465736e14	1.33465736e14
0.00429	1.33515798e14	1.33515798e14
0.004295	1.33565798e14	1.33565798e14
0.0043	1.33615735e14	1.33615735e14
0.004305	1.33665607e14	1.33665607e14
0.00431	1.33715414e14	1.33715414e14
0.004315	1.33765155e14	1.33765155e14
0.00432	1.33814828e14	1.33814828e14
0.004325	1.33864433e14	1.33864433e14
0.00433	1.3391397e14	1.3391397e14
0.004335	1.33963436e14	1.33963436e14
0.00434	1.34012832e14	1.34012832e14
0.004345	1.34062156e14	1.34062156e14
0.00435	1.34111407e14	1.34111407e14
0.004355	1.34160585e14	1.34160585e14
0.00436	1.3420969e14	1.3420969e14
0.004365	1.34258722e14	1.34258722e14
0.00437	1.34307682e14	1.34307682e14
0.004375	1.34356571e14	1.34356571e14
0.00438	1.34405388e14	1.34405388e14
0.004385	1.34454135e14	1.34454135e14
0.00439	1.34502812e14	1.34502812e14
0.004395	1.3455142e14	1.3455142e14
0.0044	1.34599958e14	1.34599958e14
0.004405	1.34648428e14	1.34648428e14
0.00441	1.3469683e14	1.3469683e14
0.004415	1.34745164e14	1.34745164e14
0.00442	1.34793431e14	1.34793431e14
0.004425	1.34841632e14	1.34841632e14
0.00443	1.34889766e14	1.34889766e14
0.004435	1.34937836e14	1.34937836e14
0.00444	1.3498584e14	1.3498584e14
0.004445	1.35033779e14	1.35033779e14
0.00445	1.35081655e14	1.35081655e14
0.004455	1.35129467e14	1.35129467e14
0.00446	1.35177216e14	1.35177216e14
0.004465	1.35224903e14	1.35224903e14
0.00447	1.35272528e14	1.35272528e14
0.004475	1.35320091e14	1.35320091e14
0.00448	1.35367593e14	1.35367593e14
0.004485	1.35415035e14	1.35415035e14
0.00449	1.35462416e14	1.35462416e14
0.004495	1.35509739e14	1.35509739e14
0.0045	1.35557002e14	1.35557002e14
0.004505	1.35604207e14	1.35604207e14
0.00451	1.35651352e14	1.35651352e14
0.004515	1.35698436e14	1.35698436e14
0.00452	1.35745459e14	1.35745459e14
0.004525	1.35792419e14	1.35792419e14
0.00453	1.35839314e14	1.35839314e14
0.004535	1.35886145e14	1.35886145e14
0.00454	1.3593291e14	1.3593291e14
0.004545	1.35979607e14	1.35979607e14
0.00455	1.36026237e14	1.36026237e14
0.004555	1.36072796e14	1.36072796e14
0.00456	1.36119286e14	1.36119286e14
0.004565	1.36165703e14	1.36165703e14
0.00457	1.36212048e14	1.36212048e14
0.004575	1.36258319e14	1.36258319e14
0.00458	1.36304515e14	1.36304515e14
0.004585	1.36350635e14	1.36350635e14
0.00459	1.36396679e14	1.36396679e14
0.004595	1.36442643e14	1.36442643e14
0.0046	1.36488529e14	1.36488529e14
0.004605	1.36534334e14	1.36534334e14
0.00461	1.36580058e14	1.36580058e14
0.004615	1.36625699e14	1.36625699e14
0.00462	1.36671257e14	1.36671257e14
0.004625	1.36716729e14	1.36716729e14
0.00463	1.36762116e14	1.36762116e14
0.004635	1.36807416e14	1.36807416e14
0.00464	1.36852628e14	1.36852628e14
0.004645	1.36897751e14	1.36897751e14
0.00465	1.36942783e14	1.36942783e14
0.004655	1.36987724e14	1.36987724e14
0.00466	1.37032573e14	1.37032573e14
0.004665	1.3707733e14	1.3707733e14
0.00467	1.37121994e14	1.37121994e14
0.004675	1.37166564e14	1.37166564e14
0.00468	1.3721104e14	1.3721104e14
0.004685	1.37255422e14	1.37255422e14
0.00469	1.37299708e14	1.37299708e14
0.004695	1.37343899e14	1.37343899e14
0.0047	1.37387993e14	1.37387993e14
0.004705	1.3743199e14	1.3743199e14
0.00471	1.3747589e14	1.3747589e14
0.004715	1.37519692e14	1.37519692e14
0.00472	1.37563395e14	1.37563395e14
0.004725	1.37607e14	1.37607e14
0.00473	1.37650504e14	1.37650504e14
0.004735	1.37693909e14	1.37693909e14
0.00474	1.37737213e14	1.37737213e14
0.004745	1.37780415e14	1.37780415e14
0.00475	1.37823516e14	1.37823516e14
0.004755	1.37866514e14	1.37866514e14
0.00476	1.3790941e14	1.3790941e14
0.004765	1.37952202e14	1.37952202e14
0.00477	1.3799489e14	1.3799489e14
0.004775	1.38037473e14	1.38037473e14
0.00478	1.38079951e14	1.38079951e14
0.004785	1.38122323e14	1.38122323e14
0.00479	1.3816459e14	1.3816459e14
0.004795	1.38206749e14	1.38206749e14
0.0048	1.38248801e14	1.38248801e14
0.004805	1.38290745e14	1.38290745e14
0.00481	1.38332583e14	1.38332583e14
0.004815	1.38374315e14	1.38374315e14
0.00482	1.38415942e14	1.38415942e14
0.004825	1.38457466e14	1.38457466e14
0.00483	1.38498887e14	1.38498887e14
0.004835	1.38540207e14	1.38540207e14
0.00484	1.38581427e14	1.38581427e14
0.004845	1.38622547e14	1.38622547e14
0.00485	1.3866357e14	1.3866357e14
0.004855	1.38704495e14	1.38704495e14
0.00486	1.38745324e14	1.38745324e14
0.004865	1.38786059e14	1.38786059e14
0.00487	1.388267e14	1.388267e14
0.004875	1.38867248e14	1.38867248e14
0.00488	1.38907705e14	1.38907705e14
0.004885	1.38948071e14	1.38948071e14
0.00489	1.38988348e14	1.38988348e14
0.004895	1.39028536e14	1.39028536e14
0.0049	1.39068638e14	1.39068638e14
0.004905	1.39108653e14	1.39108653e14
0.00491	1.39148583e14	1.39148583e14
0.004915	1.39188429e14	1.39188429e14
0.00492	1.39228193e14	1.39228193e14
0.004925	1.39267875e14	1.39267875e14
0.00493	1.39307476e14	1.39307476e14
0.004935	1.39346997e14	1.39346997e14
0.00494	1.3938644e14	1.3938644e14
0.004945	1.39425806e14	1.39425806e14
0.00495	1.39465095e14	1.39465095e14
0.004955	1.39504309e14	1.39504309e14
0.00496	1.39543445e14	1.39543445e14
0.004965	1.39582504e14	1.39582504e14
0.00497	1.39621482e14	1.39621482e14
0.004975	1.39660379e14	1.39660379e14
0.00498	1.39699193e14	1.39699193e14
0.004985	1.39737922e14	1.39737922e14
0.00499	1.39776564e14	1.39776564e14
0.004995	1.39815119e14	1.39815119e14
0.005	1.39853584e14	1.39853584e14
0.005005	1.39891958e14	1.39891958e14
0.00501	1.39930239e14	1.39930239e14
0.005015	1.39968426e14	1.39968426e14
0.00502	1.40006517e14	1.40006517e14
0.005025	1.40044511e14	1.40044511e14
0.00503	1.40082406e14	1.40082406e14
0.005035	1.40120199e14	1.40120199e14
0.00504	1.40157891e14	1.40157891e14
0.005045	1.40195479e14	1.40195479e14
0.00505	1.40232961e14	1.40232961e14
0.005055	1.40270336e14	1.40270336e14
0.00506	1.40307603e14	1.40307603e14
0.005065	1.40344759e14	1.40344759e14
0.00507	1.40381804e14	1.40381804e14
0.005075	1.40418735e14	1.40418735e14
0.00508	1.40455552e14	1.40455552e14
0.005085	1.40492251e14	1.40492251e14
0.00509	1.40528833e14	1.40528833e14
0.005095	1.40565295e14	1.40565295e14
0.0051	1.40601635e14	1.40601635e14
0.005105	1.40637853e14	1.40637853e14
0.00511	1.40673949e14	1.40673949e14
0.005115	1.40709923e14	1.40709923e14
0.00512	1.40745777e14	1.40745777e14
0.005125	1.40781512e14	1.40781512e14
0.00513	1.40817128e14	1.40817128e14
0.005135	1.40852626e14	1.40852626e14
0.00514	1.40888007e14	1.40888007e14
0.005145	1.40923271e14	1.40923271e14
0.00515	1.40958421e14	1.40958421e14
0.005155	1.40993455e14	1.40993455e14
0.00516	1.41028377e14	1.41028377e14
0.005165	1.41063185e14	1.41063185e14
0.00517	1.41097881e14	1.41097881e14
0.005175	1.41132466e14	1.41132466e14
0.00518	1.41166941e14	1.41166941e14
0.005185	1.41201306e14	1.41201306e14
0.00519	1.41235563e14	1.41235563e14
0.005195	1.41269712e14	1.41269712e14
0.0052	1.41303754e14	1.41303754e14
0.005205	1.4133769e14	1.4133769e14
0.00521	1.41371521e14	1.41371521e14
0.005215	1.41405247e14	1.41405247e14
0.00522	1.41438869e14	1.41438869e14
0.005225	1.41472389e14	1.41472389e14
0.00523	1.41505807e14	1.41505807e14
0.005235	1.41539124e14	1.41539124e14
0.00524	1.41572341e14	1.41572341e14
0.005245	1.41605458e14	1.41605458e14
0.00525	1.41638477e14	1.41638477e14
0.005255	1.41671398e14	1.41671398e14
0.00526	1.41704219e14	1.41704219e14
0.005265	1.41736939e14	1.41736939e14
0.00527	1.41769556e14	1.41769556e14
0.005275	1.41802068e14	1.41802068e14
0.00528	1.41834474e14	1.41834474e14
0.005285	1.41866771e14	1.41866771e14
0.00529	1.41898958e14	1.41898958e14
0.005295	1.41931033e14	1.41931033e14
0.0053	1.41962995e14	1.41962995e14
0.005305	1.41994841e14	1.41994841e14
0.00531	1.4202657e14	1.4202657e14
0.005315	1.4205818e14	1.4205818e14
0.00532	1.42089669e14	1.42089669e14
0.005325	1.42121035e14	1.42121035e14
0.00533	1.42152278e14	1.42152278e14
0.005335	1.42183394e14	1.42183394e14
0.00534	1.42214382e14	1.42214382e14
0.005345	1.42245241e14	1.42245241e14
0.00535	1.42275968e14	1.42275968e14
0.005355	1.42306562e14	1.42306562e14
0.00536	1.42337021e14	1.42337021e14
0.005365	1.42367343e14	1.42367343e14
0.00537	1.42397527e14	1.42397527e14
0.005375	1.4242757e14	1.4242757e14
0.00538	1.42457472e14	1.42457472e14
0.005385	1.42487229e14	1.42487229e14
0.00539	1.42516841e14	1.42516841e14
0.005395	1.42546306e14	1.42546306e14
0.0054	1.42575621e14	1.42575621e14
0.005405	1.42604786e14	1.42604786e14
0.00541	1.42633802e14	1.42633802e14
0.005415	1.4266267e14	1.4266267e14
0.00542	1.42691393e14	1.42691393e14
0.005425	1.42719973e14	1.42719973e14
0.00543	1.4274841e14	1.4274841e14
0.005435	1.42776708e14	1.42776708e14
0.00544	1.42804867e14	1.42804867e14
0.005445	1.4283289e14	1.4283289e14
0.00545	1.42860779e14	1.42860779e14
0.005455	1.42888535e14	1.42888535e14
0.00546	1.4291616e14	1.4291616e14
0.005465	1.42943656e14	1.42943656e14
0.00547	1.42971025e14	1.42971025e14
0.005475	1.42998269e14	1.42998269e14
0.00548	1.43025389e14	1.43025389e14
0.005485	1.43052388e14	1.43052388e14
0.00549	1.43079266e14	1.43079266e14
0.005495	1.43106027e14	1.43106027e14
0.0055	1.43132671e14	1.43132671e14
0.005505	1.43159202e14	1.43159202e14
0.00551	1.43185619e14	1.43185619e14
0.005515	1.43211926e14	1.43211926e14
0.00552	1.43238124e14	1.43238124e14
0.005525	1.43264215e14	1.43264215e14
0.00553	1.43290201e14	1.43290201e14
0.005535	1.43316083e14	1.43316083e14
0.00554	1.43341864e14	1.43341864e14
0.005545	1.43367545e14	1.43367545e14
0.00555	1.43393128e14	1.43393128e14
0.005555	1.43418615e14	1.43418615e14
0.00556	1.43444004e14	1.43444004e14
0.005565	1.43469295e14	1.43469295e14
0.00557	1.43494487e14	1.43494487e14
0.005575	1.43519578e14	1.43519578e14
0.00558	1.43544568e14	1.43544568e14
0.005585	1.43569455e14	1.43569455e14
0.00559	1.43594238e14	1.43594238e14
0.005595	1.43618916e14	1.43618916e14
0.0056	1.43643488e14	1.43643488e14
0.005605	1.43667953e14	1.43667953e14
0.00561	1.4369231e14	1.4369231e14
0.005615	1.43716557e14	1.43716557e14
0.00562	1.43740694e14	1.43740694e14
0.005625	1.43764719e14	1.43764719e14
0.00563	1.43788631e14	1.43788631e14
0.005635	1.43812429e14	1.43812429e14
0.00564	1.43836113e14	1.43836113e14
0.005645	1.4385968e14	1.4385968e14
0.00565	1.4388313e14	1.4388313e14
0.005655	1.43906462e14	1.43906462e14
0.00566	1.43929675e14	1.43929675e14
0.005665	1.43952766e14	1.43952766e14
0.00567	1.43975737e14	1.43975737e14
0.005675	1.43998584e14	1.43998584e14
0.00568	1.44021308e14	1.44021308e14
0.005685	1.44043906e14	1.44043906e14
0.00569	1.44066379e14	1.44066379e14
0.005695	1.44088724e14	1.44088724e14
0.0057	1.44110941e14	1.44110941e14
0.005705	1.44133029e14	1.44133029e14
0.00571	1.44154988e14	1.44154988e14
0.005715	1.44176818e14	1.44176818e14
0.00572	1.4419852e14	1.4419852e14
0.005725	1.44220094e14	1.44220094e14
0.00573	1.4424154e14	1.4424154e14
0.005735	1.4426286e14	1.4426286e14
0.00574	1.44284053e14	1.44284053e14
0.005745	1.4430512e14	1.4430512e14
0.00575	1.44326061e14	1.44326061e14
0.005755	1.44346877e14	1.44346877e14
0.00576	1.44367567e14	1.44367567e14
0.005765	1.44388133e14	1.44388133e14
0.00577	1.44408575e14	1.44408575e14
0.005775	1.44428893e14	1.44428893e14
0.00578	1.44449088e14	1.44449088e14
0.005785	1.4446916e14	1.4446916e14
0.00579	1.4448911e14	1.4448911e14
0.005795	1.44508937e14	1.44508937e14
0.0058	1.44528642e14	1.44528642e14
0.005805	1.44548226e14	1.44548226e14
0.00581	1.44567689e14	1.44567689e14
0.005815	1.44587032e14	1.44587032e14
0.00582	1.44606255e14	1.44606255e14
0.005825	1.44625357e14	1.44625357e14
0.00583	1.44644341e14	1.44644341e14
0.005835	1.44663206e14	1.44663206e14
0.00584	1.44681952e14	1.44681952e14
0.005845	1.4470058e14	1.4470058e14
0.00585	1.4471909e14	1.4471909e14
0.005855	1.44737483e14	1.44737483e14
0.00586	1.44755758e14	1.44755758e14
0.005865	1.44773915e14	1.44773915e14
0.00587	1.44791953e14	1.44791953e14
0.005875	1.44809872e14	1.44809872e14
0.00588	1.4482767e14	1.4482767e14
0.005885	1.44845349e14	1.44845349e14
0.00589	1.44862907e14	1.44862907e14
0.005895	1.44880343e14	1.44880343e14
0.0059	1.44897657e14	1.44897657e14
0.005905	1.44914849e14	1.44914849e14
0.00591	1.44931919e14	1.44931919e14
0.005915	1.44948864e14	1.44948864e14
0.00592	1.44965686e14	1.44965686e14
0.005925	1.44982384e14	1.44982384e14
0.00593	1.44998956e14	1.44998956e14
0.005935	1.45015404e14	1.45015404e14
0.00594	1.45031725e14	1.45031725e14
0.005945	1.4504792e14	1.4504792e14
0.00595	1.45063987e14	1.45063987e14
0.005955	1.45079928e14	1.45079928e14
0.00596	1.4509574e14	1.4509574e14
0.005965	1.45111424e14	1.45111424e14
0.00597	1.45126979e14	1.45126979e14
0.005975	1.45142404e14	1.45142404e14
0.00598	1.451577e14	1.451577e14
0.005985	1.45172865e14	1.45172865e14
0.00599	1.45187898e14	1.45187898e14
0.005995	1.45202801e14	1.45202801e14
0.006	1.45217571e14	1.45217571e14
0.006005	1.45232209e14	1.45232209e14
0.00601	1.45246716e14	1.45246716e14
0.006015	1.45261094e14	1.45261094e14
0.00602	1.45275344e14	1.45275344e14
0.006025	1.45289468e14	1.45289468e14
0.00603	1.45303468e14	1.45303468e14
0.006035	1.45317345e14	1.45317345e14
0.00604	1.45331101e14	1.45331101e14
0.006045	1.45344737e14	1.45344737e14
0.00605	1.45358256e14	1.45358256e14
0.006055	1.45371658e14	1.45371658e14
0.00606	1.45384946e14	1.45384946e14
0.006065	1.4539812e14	1.4539812e14
0.00607	1.45411184e14	1.45411184e14
0.006075	1.45424137e14	1.45424137e14
0.00608	1.45436983e14	1.45436983e14
0.006085	1.45449722e14	1.45449722e14
0.00609	1.45462356e14	1.45462356e14
0.006095	1.45474887e14	1.45474887e14
0.0061	1.45487317e14	1.45487317e14
0.006105	1.45499646e14	1.45499646e14
0.00611	1.45511877e14	1.45511877e14
0.006115	1.45524012e14	1.45524012e14
0.00612	1.45536052e14	1.45536052e14
0.006125	1.45547998e14	1.45547998e14
0.00613	1.45559852e14	1.45559852e14
0.006135	1.45571617e14	1.45571617e14
0.00614	1.45583292e14	1.45583292e14
0.006145	1.45594881e14	1.45594881e14
0.00615	1.45606385e14	1.45606385e14
0.006155	1.45617805e14	1.45617805e14
0.00616	1.45629139e14	1.45629139e14
0.006165	1.45640386e14	1.45640386e14
0.00617	1.45651546e14	1.45651546e14
0.006175	1.45662615e14	1.45662615e14
0.00618	1.45673593e14	1.45673593e14
0.006185	1.45684477e14	1.45684477e14
0.00619	1.45695267e14	1.45695267e14
0.006195	1.45705961e14	1.45705961e14
0.0062	1.45716556e14	1.45716556e14
0.006205	1.45727053e14	1.45727053e14
0.00621	1.45737448e14	1.45737448e14
0.006215	1.45747741e14	1.45747741e14
0.00622	1.45757929e14	1.45757929e14
0.006225	1.45768011e14	1.45768011e14
0.00623	1.45777987e14	1.45777987e14
0.006235	1.45787853e14	1.45787853e14
0.00624	1.45797608e14	1.45797608e14
0.006245	1.45807252e14	1.45807252e14
0.00625	1.45816781e14	1.45816781e14
0.006255	1.45826196e14	1.45826196e14
0.00626	1.45835493e14	1.45835493e14
0.006265	1.45844672e14	1.45844672e14
0.00627	1.45853731e14	1.45853731e14
0.006275	1.45862668e14	1.45862668e14
0.00628	1.45871482e14	1.45871482e14
0.006285	1.45880171e14	1.45880171e14
0.00629	1.45888734e14	1.45888734e14
0.006295	1.45897169e14	1.45897169e14
0.0063	1.45905474e14	1.45905474e14
0.006305	1.45913649e14	1.45913649e14
0.00631	1.45921695e14	1.45921695e14
0.006315	1.45929614e14	1.45929614e14
0.00632	1.4593741e14	1.4593741e14
0.006325	1.45945085e14	1.45945085e14
0.00633	1.45952641e14	1.45952641e14
0.006335	1.45960081e14	1.45960081e14
0.00634	1.45967407e14	1.45967407e14
0.006345	1.45974622e14	1.45974622e14
0.00635	1.45981729e14	1.45981729e14
0.006355	1.45988729e14	1.45988729e14
0.00636	1.45995625e14	1.45995625e14
0.006365	1.4600242e14	1.4600242e14
0.00637	1.46009116e14	1.46009116e14
0.006375	1.46015716e14	1.46015716e14
0.00638	1.46022223e14	1.46022223e14
0.006385	1.46028638e14	1.46028638e14
0.00639	1.46034964e14	1.46034964e14
0.006395	1.46041204e14	1.46041204e14
0.0064	1.46047361e14	1.46047361e14
0.006405	1.46053436e14	1.46053436e14
0.00641	1.46059432e14	1.46059432e14
0.006415	1.46065352e14	1.46065352e14
0.00642	1.46071198e14	1.46071198e14
0.006425	1.46076973e14	1.46076973e14
0.00643	1.46082679e14	1.46082679e14
0.006435	1.46088319e14	1.46088319e14
0.00644	1.46093895e14	1.46093895e14
0.006445	1.4609941e14	1.4609941e14
0.00645	1.46104866e14	1.46104866e14
0.006455	1.46110265e14	1.46110265e14
0.00646	1.46115606e14	1.46115606e14
0.006465	1.46120887e14	1.46120887e14
0.00647	1.46126106e14	1.46126106e14
0.006475	1.46131263e14	1.46131263e14
0.00648	1.46136354e14	1.46136354e14
0.006485	1.46141378e14	1.46141378e14
0.00649	1.46146334e14	1.46146334e14
0.006495	1.46151219e14	1.46151219e14
0.0065	1.46156033e14	1.46156033e14
0.006505	1.46160772e14	1.46160772e14
0.00651	1.46165436e14	1.46165436e14
0.006515	1.46170023e14	1.46170023e14
0.00652	1.46174531e14	1.46174531e14
0.006525	1.46178958e14	1.46178958e14
0.00653	1.46183302e14	1.46183302e14
0.006535	1.46187562e14	1.46187562e14
0.00654	1.46191736e14	1.46191736e14
0.006545	1.46195822e14	1.46195822e14
0.00655	1.46199818e14	1.46199818e14
0.006555	1.46203724e14	1.46203724e14
0.00656	1.46207536e14	1.46207536e14
0.006565	1.46211253e14	1.46211253e14
0.00657	1.46214874e14	1.46214874e14
0.006575	1.46218397e14	1.46218397e14
0.00658	1.46221819e14	1.46221819e14
0.006585	1.4622514e14	1.4622514e14
0.00659	1.46228357e14	1.46228357e14
0.006595	1.46231468e14	1.46231468e14
0.0066	1.46234473e14	1.46234473e14
0.006605	1.4623737e14	1.4623737e14
0.00661	1.4624016e14	1.4624016e14
0.006615	1.46242845e14	1.46242845e14
0.00662	1.46245429e14	1.46245429e14
0.006625	1.46247913e14	1.46247913e14
0.00663	1.462503e14	1.462503e14
0.006635	1.46252592e14	1.46252592e14
0.00664	1.46254791e14	1.46254791e14
0.006645	1.46256899e14	1.46256899e14
0.00665	1.46258919e14	1.46258919e14
0.006655	1.46260854e14	1.46260854e14
0.00666	1.46262704e14	1.46262704e14
0.006665	1.46264474e14	1.46264474e14
0.00667	1.46266164e14	1.46266164e14
0.006675	1.46267777e14	1.46267777e14
0.00668	1.46269316e14	1.46269316e14
0.006685	1.46270783e14	1.46270783e14
0.00669	1.4627218e14	1.4627218e14
0.006695	1.46273509e14	1.46273509e14
0.0067	1.46274773e14	1.46274773e14
0.006705	1.46275974e14	1.46275974e14
0.00671	1.46277114e14	1.46277114e14
0.006715	1.46278195e14	1.46278195e14
0.00672	1.46279221e14	1.46279221e14
0.006725	1.46280192e14	1.46280192e14
0.00673	1.46281112e14	1.46281112e14
0.006735	1.46281983e14	1.46281983e14
0.00674	1.46282807e14	1.46282807e14
0.006745	1.46283586e14	1.46283586e14
0.00675	1.46284322e14	1.46284322e14
0.006755	1.46285018e14	1.46285018e14
0.00676	1.46285673e14	1.46285673e14
0.006765	1.46286286e14	1.46286286e14
0.00677	1.46286857e14	1.46286857e14
0.006775	1.46287384e14	1.46287384e14
0.00678	1.46287868e14	1.46287868e14
0.006785	1.46288307e14	1.46288307e14
0.00679	1.462887e14	1.462887e14
0.006795	1.46289047e14	1.46289047e14
0.0068	1.46289348e14	1.46289348e14
0.006805	1.462896e14	1.462896e14
0.00681	1.46289804e14	1.46289804e14
0.006815	1.46289959e14	1.46289959e14
0.00682	1.46290064e14	1.46290064e14
0.006825	1.46290118e14	1.46290118e14
0.00683	1.4629012e14	1.4629012e14
0.006835	1.4629007e14	1.4629007e14
0.00684	1.46289968e14	1.46289968e14
0.006845	1.46289811e14	1.46289811e14
0.00685	1.462896e14	1.462896e14
0.006855	1.46289333e14	1.46289333e14
0.00686	1.46289011e14	1.46289011e14
0.006865	1.46288632e14	1.46288632e14
0.00687	1.46288195e14	1.46288195e14
0.006875	1.462877e14	1.462877e14
0.00688	1.46287145e14	1.46287145e14
0.006885	1.46286531e14	1.46286531e14
0.00689	1.46285856e14	1.46285856e14
0.006895	1.4628512e14	1.4628512e14
0.0069	1.46284322e14	1.46284322e14
0.006905	1.46283461e14	1.46283461e14
0.00691	1.46282538e14	1.46282538e14
0.006915	1.46281554e14	1.46281554e14
0.00692	1.46280509e14	1.46280509e14
0.006925	1.46279404e14	1.46279404e14
0.00693	1.4627824e14	1.4627824e14
0.006935	1.46277017e14	1.46277017e14
0.00694	1.46275737e14	1.46275737e14
0.006945	1.462744e14	1.462744e14
0.00695	1.46273006e14	1.46273006e14
0.006955	1.46271557e14	1.46271557e14
0.00696	1.46270054e14	1.46270054e14
0.006965	1.46268496e14	1.46268496e14
0.00697	1.46266885e14	1.46266885e14
0.006975	1.46265222e14	1.46265222e14
0.00698	1.46263507e14	1.46263507e14
0.006985	1.46261741e14	1.46261741e14
0.00699	1.46259924e14	1.46259924e14
0.006995	1.46258058e14	1.46258058e14
0.007	1.46256143e14	1.46256143e14
0.007005	1.4625418e14	1.4625418e14
0.00701	1.4625217e14	1.4625217e14
0.007015	1.46250113e14	1.46250113e14
0.00702	1.46248011e14	1.46248011e14
0.007025	1.46245863e14	1.46245863e14
0.00703	1.46243671e14	1.46243671e14
0.007035	1.46241435e14	1.46241435e14
0.00704	1.46239156e14	1.46239156e14
0.007045	1.46236835e14	1.46236835e14
0.00705	1.46234473e14	1.46234473e14
0.007055	1.4623207e14	1.4623207e14
0.00706	1.46229626e14	1.46229626e14
0.007065	1.46227142e14	1.46227142e14
0.00707	1.46224617e14	1.46224617e14
0.007075	1.46222051e14	1.46222051e14
0.00708	1.46219445e14	1.46219445e14
0.007085	1.46216798e14	1.46216798e14
0.00709	1.46214111e14	1.46214111e14
0.007095	1.46211383e14	1.46211383e14
0.0071	1.46208614e14	1.46208614e14
0.007105	1.46205805e14	1.46205805e14
0.00711	1.46202956e14	1.46202956e14
0.007115	1.46200066e14	1.46200066e14
0.00712	1.46197135e14	1.46197135e14
0.007125	1.46194164e14	1.46194164e14
0.00713	1.46191152e14	1.46191152e14
0.007135	1.461881e14	1.461881e14
0.00714	1.46185007e14	1.46185007e14
0.007145	1.46181874e14	1.46181874e14
0.00715	1.46178701e14	1.46178701e14
0.007155	1.46175487e14	1.46175487e14
0.00716	1.46172233e14	1.46172233e14
0.007165	1.46168938e14	1.46168938e14
0.00717	1.46165603e14	1.46165603e14
0.007175	1.46162228e14	1.46162228e14
0.00718	1.46158812e14	1.46158812e14
0.007185	1.46155356e14	1.46155356e14
0.00719	1.46151859e14	1.46151859e14
0.007195	1.46148322e14	1.46148322e14
0.0072	1.46144745e14	1.46144745e14
0.007205	1.46141128e14	1.46141128e14
0.00721	1.46137472e14	1.46137472e14
0.007215	1.46133778e14	1.46133778e14
0.00722	1.46130049e14	1.46130049e14
0.007225	1.46126284e14	1.46126284e14
0.00723	1.46122487e14	1.46122487e14
0.007235	1.46118658e14	1.46118658e14
0.00724	1.46114799e14	1.46114799e14
0.007245	1.4611091e14	1.4611091e14
0.00725	1.46106995e14	1.46106995e14
0.007255	1.46103053e14	1.46103053e14
0.00726	1.46099086e14	1.46099086e14
0.007265	1.46095097e14	1.46095097e14
0.00727	1.46091086e14	1.46091086e14
0.007275	1.46087054e14	1.46087054e14
0.00728	1.46083004e14	1.46083004e14
0.007285	1.46078936e14	1.46078936e14
0.00729	1.46074852e14	1.46074852e14
0.007295	1.46070753e14	1.46070753e14
0.0073	1.46066641e14	1.46066641e14
0.007305	1.46062518e14	1.46062518e14
0.00731	1.46058384e14	1.46058384e14
0.007315	1.46054241e14	1.46054241e14
0.00732	1.46050091e14	1.46050091e14
0.007325	1.46045934e14	1.46045934e14
0.00733	1.46041773e14	1.46041773e14
0.007335	1.46037609e14	1.46037609e14
0.00734	1.46033443e14	1.46033443e14
0.007345	1.46029277e14	1.46029277e14
0.00735	1.46025112e14	1.46025112e14
0.007355	1.46020949e14	1.46020949e14
0.00736	1.46016787e14	1.46016787e14
0.007365	1.46012625e14	1.46012625e14
0.00737	1.46008462e14	1.46008462e14
0.007375	1.46004296e14	1.46004296e14
0.00738	1.46000126e14	1.46000126e14
0.007385	1.45995951e14	1.45995951e14
0.00739	1.45991769e14	1.45991769e14
0.007395	1.4598758e14	1.4598758e14
0.0074	1.45983381e14	1.45983381e14
0.007405	1.45979172e14	1.45979172e14
0.00741	1.45974951e14	1.45974951e14
0.007415	1.45970718e14	1.45970718e14
0.00742	1.4596647e14	1.4596647e14
0.007425	1.45962206e14	1.45962206e14
0.00743	1.45957926e14	1.45957926e14
0.007435	1.45953627e14	1.45953627e14
0.00744	1.45949309e14	1.45949309e14
0.007445	1.4594497e14	1.4594497e14
0.00745	1.45940609e14	1.45940609e14
0.007455	1.45936225e14	1.45936225e14
0.00746	1.45931816e14	1.45931816e14
0.007465	1.45927382e14	1.45927382e14
0.00747	1.4592292e14	1.4592292e14
0.007475	1.4591843e14	1.4591843e14
0.00748	1.45913909e14	1.45913909e14
0.007485	1.45909358e14	1.45909358e14
0.00749	1.45904775e14	1.45904775e14
0.007495	1.45900157e14	1.45900157e14
0.0075	1.45895505e14	1.45895505e14
0.007505	1.45890817e14	1.45890817e14
0.00751	1.45886094e14	1.45886094e14
0.007515	1.45881338e14	1.45881338e14
0.00752	1.45876551e14	1.45876551e14
0.007525	1.45871733e14	1.45871733e14
0.00753	1.45866887e14	1.45866887e14
0.007535	1.45862013e14	1.45862013e14
0.00754	1.45857114e14	1.45857114e14
0.007545	1.45852191e14	1.45852191e14
0.00755	1.45847246e14	1.45847246e14
0.007555	1.45842279e14	1.45842279e14
0.00756	1.45837293e14	1.45837293e14
0.007565	1.45832289e14	1.45832289e14
0.00757	1.45827269e14	1.45827269e14
0.007575	1.45822234e14	1.45822234e14
0.00758	1.45817186e14	1.45817186e14
0.007585	1.45812125e14	1.45812125e14
0.00759	1.45807055e14	1.45807055e14
0.007595	1.45801975e14	1.45801975e14
0.0076	1.45796889e14	1.45796889e14
0.007605	1.45791797e14	1.45791797e14
0.00761	1.457867e14	1.457867e14
0.007615	1.45781601e14	1.45781601e14
0.00762	1.45776501e14	1.45776501e14
0.007625	1.45771401e14	1.45771401e14
0.00763	1.45766303e14	1.45766303e14
0.007635	1.45761209e14	1.45761209e14
0.00764	1.4575612e14	1.4575612e14
0.007645	1.45751037e14	1.45751037e14
0.00765	1.45745962e14	1.45745962e14
0.007655	1.45740896e14	1.45740896e14
0.00766	1.4573584e14	1.4573584e14
0.007665	1.45730792e14	1.45730792e14
0.00767	1.45725753e14	1.45725753e14
0.007675	1.45720722e14	1.45720722e14
0.00768	1.45715699e14	1.45715699e14
0.007685	1.45710682e14	1.45710682e14
0.00769	1.45705673e14	1.45705673e14
0.007695	1.4570067e14	1.4570067e14
0.0077	1.45695673e14	1.45695673e14
0.007705	1.45690682e14	1.45690682e14
0.00771	1.45685696e14	1.45685696e14
0.007715	1.45680715e14	1.45680715e14
0.00772	1.45675739e14	1.45675739e14
0.007725	1.45670766e14	1.45670766e14
0.00773	1.45665798e14	1.45665798e14
0.007735	1.45660833e14	1.45660833e14
0.00774	1.45655871e14	1.45655871e14
0.007745	1.45650911e14	1.45650911e14
0.00775	1.45645954e14	1.45645954e14
0.007755	1.45640998e14	1.45640998e14
0.00776	1.45636044e14	1.45636044e14
0.007765	1.45631091e14	1.45631091e14
0.00777	1.45626138e14	1.45626138e14
0.007775	1.45621186e14	1.45621186e14
0.00778	1.45616234e14	1.45616234e14
0.007785	1.45611281e14	1.45611281e14
0.00779	1.45606327e14	1.45606327e14
0.007795	1.45601372e14	1.45601372e14
0.0078	1.45596415e14	1.45596415e14
0.007805	1.45591456e14	1.45591456e14
0.00781	1.45586495e14	1.45586495e14
0.007815	1.45581533e14	1.45581533e14
0.00782	1.45576568e14	1.45576568e14
0.007825	1.45571601e14	1.45571601e14
0.00783	1.45566632e14	1.45566632e14
0.007835	1.45561662e14	1.45561662e14
0.00784	1.45556689e14	1.45556689e14
0.007845	1.45551715e14	1.45551715e14
0.00785	1.45546739e14	1.45546739e14
0.007855	1.45541761e14	1.45541761e14
0.00786	1.45536781e14	1.45536781e14
0.007865	1.45531799e14	1.45531799e14
0.00787	1.45526816e14	1.45526816e14
0.007875	1.45521831e14	1.45521831e14
0.00788	1.45516845e14	1.45516845e14
0.007885	1.45511856e14	1.45511856e14
0.00789	1.45506866e14	1.45506866e14
0.007895	1.45501875e14	1.45501875e14
0.0079	1.45496882e14	1.45496882e14
0.007905	1.45491887e14	1.45491887e14
0.00791	1.45486891e14	1.45486891e14
0.007915	1.45481894e14	1.45481894e14
0.00792	1.45476895e14	1.45476895e14
0.007925	1.45471894e14	1.45471894e14
0.00793	1.45466893e14	1.45466893e14
0.007935	1.4546189e14	1.4546189e14
0.00794	1.45456885e14	1.45456885e14
0.007945	1.45451879e14	1.45451879e14
0.00795	1.45446872e14	1.45446872e14
0.007955	1.45441864e14	1.45441864e14
0.00796	1.45436854e14	1.45436854e14
0.007965	1.45431844e14	1.45431844e14
0.00797	1.45426834e14	1.45426834e14
0.007975	1.45421823e14	1.45421823e14
0.00798	1.45416813e14	1.45416813e14
0.007985	1.45411803e14	1.45411803e14
0.00799	1.45406793e14	1.45406793e14
0.007995	1.45401785e14	1.45401785e14
0.008	1.45396778e14	1.45396778e14
0.008005	1.45391772e14	1.45391772e14
0.00801	1.45386768e14	1.45386768e14
0.008015	1.45381766e14	1.45381766e14
0.00802	1.45376767e14	1.45376767e14
0.008025	1.4537177e14	1.4537177e14
0.00803	1.45366777e14	1.45366777e14
0.008035	1.45361786e14	1.45361786e14
0.00804	1.45356799e14	1.45356799e14
0.008045	1.45351816e14	1.45351816e14
0.00805	1.45346837e14	1.45346837e14
0.008055	1.45341862e14	1.45341862e14
0.00806	1.45336891e14	1.45336891e14
0.008065	1.45331926e14	1.45331926e14
0.00807	1.45326966e14	1.45326966e14
0.008075	1.45322011e14	1.45322011e14
0.00808	1.45317062e14	1.45317062e14
0.008085	1.45312119e14	1.45312119e14
0.00809	1.45307182e14	1.45307182e14
0.008095	1.45302252e14	1.45302252e14
0.0081	1.45297329e14	1.45297329e14
0.008105	1.45292413e14	1.45292413e14
0.00811	1.45287502e14	1.45287502e14
0.008115	1.45282597e14	1.45282597e14
0.00812	1.45277695e14	1.45277695e14
0.008125	1.45272795e14	1.45272795e14
0.00813	1.45267898e14	1.45267898e14
0.008135	1.45263e14	1.45263e14
0.00814	1.45258101e14	1.45258101e14
0.008145	1.45253201e14	1.45253201e14
0.00815	1.45248297e14	1.45248297e14
0.008155	1.45243389e14	1.45243389e14
0.00816	1.45238475e14	1.45238475e14
0.008165	1.45233555e14	1.45233555e14
0.00817	1.45228627e14	1.45228627e14
0.008175	1.4522369e14	1.4522369e14
0.00818	1.45218743e14	1.45218743e14
0.008185	1.45213784e14	1.45213784e14
0.00819	1.45208814e14	1.45208814e14
0.008195	1.45203829e14	1.45203829e14
0.0082	1.45198831e14	1.45198831e14
0.008205	1.45193816e14	1.45193816e14
0.00821	1.45188784e14	1.45188784e14
0.008215	1.45183735e14	1.45183735e14
0.00822	1.45178666e14	1.45178666e14
0.008225	1.45173576e14	1.45173576e14
0.00823	1.45168465e14	1.45168465e14
0.008235	1.45163332e14	1.45163332e14
0.00824	1.45158174e14	1.45158174e14
0.008245	1.45152992e14	1.45152992e14
0.00825	1.45147783e14	1.45147783e14
0.008255	1.45142548e14	1.45142548e14
0.00826	1.45137287e14	1.45137287e14
0.008265	1.45132003e14	1.45132003e14
0.00827	1.45126699e14	1.45126699e14
0.008275	1.45121375e14	1.45121375e14
0.00828	1.45116035e14	1.45116035e14
0.008285	1.4511068e14	1.4511068e14
0.00829	1.45105312e14	1.45105312e14
0.008295	1.45099934e14	1.45099934e14
0.0083	1.45094547e14	1.45094547e14
0.008305	1.45089154e14	1.45089154e14
0.00831	1.45083757e14	1.45083757e14
0.008315	1.45078357e14	1.45078357e14
0.00832	1.45072958e14	1.45072958e14
0.008325	1.4506756e14	1.4506756e14
0.00833	1.45062167e14	1.45062167e14
0.008335	1.4505678e14	1.4505678e14
0.00834	1.45051401e14	1.45051401e14
0.008345	1.45046033e14	1.45046033e14
0.00835	1.45040677e14	1.45040677e14
0.008355	1.45035336e14	1.45035336e14
0.00836	1.45030012e14	1.45030012e14
0.008365	1.45024706e14	1.45024706e14
0.00837	1.45019422e14	1.45019422e14
0.008375	1.4501416e14	1.4501416e14
0.00838	1.45008923e14	1.45008923e14
0.008385	1.45003714e14	1.45003714e14
0.00839	1.44998534e14	1.44998534e14
0.008395	1.44993385e14	1.44993385e14
0.0084	1.4498827e14	1.4498827e14
0.008405	1.4498319e14	1.4498319e14
0.00841	1.44978142e14	1.44978142e14
0.008415	1.44973124e14	1.44973124e14
0.00842	1.44968133e14	1.44968133e14
0.008425	1.44963167e14	1.44963167e14
0.00843	1.44958223e14	1.44958223e14
0.008435	1.44953297e14	1.44953297e14
0.00844	1.44948387e14	1.44948387e14
0.008445	1.4494349e14	1.4494349e14
0.00845	1.44938603e14	1.44938603e14
0.008455	1.44933724e14	1.44933724e14
0.00846	1.4492885e14	1.4492885e14
0.008465	1.44923978e14	1.44923978e14
0.00847	1.44919105e14	1.44919105e14
0.008475	1.44914228e14	1.44914228e14
0.00848	1.44909345e14	1.44909345e14
0.008485	1.44904452e14	1.44904452e14
0.00849	1.44899547e14	1.44899547e14
0.008495	1.44894628e14	1.44894628e14
0.0085	1.4488969e14	1.4488969e14
0.008505	1.44884732e14	1.44884732e14
0.00851	1.44879751e14	1.44879751e14
0.008515	1.44874744e14	1.44874744e14
0.00852	1.44869708e14	1.44869708e14
0.008525	1.4486464e14	1.4486464e14
0.00853	1.44859538e14	1.44859538e14
0.008535	1.44854398e14	1.44854398e14
0.00854	1.44849218e14	1.44849218e14
0.008545	1.44843995e14	1.44843995e14
0.00855	1.44838727e14	1.44838727e14
0.008555	1.44833411e14	1.44833411e14
0.00856	1.44828049e14	1.44828049e14
0.008565	1.44822643e14	1.44822643e14
0.00857	1.44817196e14	1.44817196e14
0.008575	1.4481171e14	1.4481171e14
0.00858	1.44806188e14	1.44806188e14
0.008585	1.44800633e14	1.44800633e14
0.00859	1.44795046e14	1.44795046e14
0.008595	1.44789431e14	1.44789431e14
0.0086	1.44783789e14	1.44783789e14
0.008605	1.44778124e14	1.44778124e14
0.00861	1.44772437e14	1.44772437e14
0.008615	1.44766731e14	1.44766731e14
0.00862	1.44761009e14	1.44761009e14
0.008625	1.44755273e14	1.44755273e14
0.00863	1.44749525e14	1.44749525e14
0.008635	1.44743768e14	1.44743768e14
0.00864	1.44738005e14	1.44738005e14
0.008645	1.44732238e14	1.44732238e14
0.00865	1.4472647e14	1.4472647e14
0.008655	1.44720702e14	1.44720702e14
0.00866	1.44714937e14	1.44714937e14
0.008665	1.44709179e14	1.44709179e14
0.00867	1.44703429e14	1.44703429e14
0.008675	1.44697689e14	1.44697689e14
0.00868	1.44691963e14	1.44691963e14
0.008685	1.44686253e14	1.44686253e14
0.00869	1.44680561e14	1.44680561e14
0.008695	1.44674889e14	1.44674889e14
0.0087	1.44669241e14	1.44669241e14
0.008705	1.44663617e14	1.44663617e14
0.00871	1.44658017e14	1.44658017e14
0.008715	1.44652437e14	1.44652437e14
0.00872	1.44646874e14	1.44646874e14
0.008725	1.44641327e14	1.44641327e14
0.00873	1.44635791e14	1.44635791e14
0.008735	1.44630266e14	1.44630266e14
0.00874	1.44624748e14	1.44624748e14
0.008745	1.44619234e14	1.44619234e14
0.00875	1.44613721e14	1.44613721e14
0.008755	1.44608208e14	1.44608208e14
0.00876	1.44602692e14	1.44602692e14
0.008765	1.44597169e14	1.44597169e14
0.00877	1.44591637e14	1.44591637e14
0.008775	1.44586094e14	1.44586094e14
0.00878	1.44580536e14	1.44580536e14
0.008785	1.44574962e14	1.44574962e14
0.00879	1.44569368e14	1.44569368e14
0.008795	1.44563752e14	1.44563752e14
0.0088	1.44558112e14	1.44558112e14
0.008805	1.44552443e14	1.44552443e14
0.00881	1.44546745e14	1.44546745e14
0.008815	1.44541014e14	1.44541014e14
0.00882	1.44535248e14	1.44535248e14
0.008825	1.44529444e14	1.44529444e14
0.00883	1.44523599e14	1.44523599e14
0.008835	1.4451771e14	1.4451771e14
0.00884	1.44511776e14	1.44511776e14
0.008845	1.44505792e14	1.44505792e14
0.00885	1.44499758e14	1.44499758e14
0.008855	1.4449367e14	1.4449367e14
0.00886	1.4448753e14	1.4448753e14
0.008865	1.44481339e14	1.44481339e14
0.00887	1.44475098e14	1.44475098e14
0.008875	1.44468809e14	1.44468809e14
0.00888	1.44462474e14	1.44462474e14
0.008885	1.44456094e14	1.44456094e14
0.00889	1.4444967e14	1.4444967e14
0.008895	1.44443205e14	1.44443205e14
0.0089	1.44436698e14	1.44436698e14
0.008905	1.44430153e14	1.44430153e14
0.00891	1.4442357e14	1.4442357e14
0.008915	1.44416952e14	1.44416952e14
0.00892	1.44410298e14	1.44410298e14
0.008925	1.44403612e14	1.44403612e14
0.00893	1.44396894e14	1.44396894e14
0.008935	1.44390146e14	1.44390146e14
0.00894	1.44383369e14	1.44383369e14
0.008945	1.44376565e14	1.44376565e14
0.00895	1.44369736e14	1.44369736e14
0.008955	1.44362883e14	1.44362883e14
0.00896	1.44356007e14	1.44356007e14
0.008965	1.4434911e14	1.4434911e14
0.00897	1.44342193e14	1.44342193e14
0.008975	1.44335259e14	1.44335259e14
0.00898	1.44328307e14	1.44328307e14
0.008985	1.44321341e14	1.44321341e14
0.00899	1.44314361e14	1.44314361e14
0.008995	1.44307369e14	1.44307369e14
0.009	1.44300366e14	1.44300366e14
0.009005	1.44293354e14	1.44293354e14
0.00901	1.44286331e14	1.44286331e14
0.009015	1.44279297e14	1.44279297e14
0.00902	1.44272251e14	1.44272251e14
0.009025	1.44265191e14	1.44265191e14
0.00903	1.44258116e14	1.44258116e14
0.009035	1.44251026e14	1.44251026e14
0.00904	1.44243918e14	1.44243918e14
0.009045	1.44236793e14	1.44236793e14
0.00905	1.44229648e14	1.44229648e14
0.009055	1.44222484e14	1.44222484e14
0.00906	1.44215298e14	1.44215298e14
0.009065	1.44208089e14	1.44208089e14
0.00907	1.44200857e14	1.44200857e14
0.009075	1.441936e14	1.441936e14
0.00908	1.44186318e14	1.44186318e14
0.009085	1.44179008e14	1.44179008e14
0.00909	1.44171671e14	1.44171671e14
0.009095	1.44164305e14	1.44164305e14
0.0091	1.44156908e14	1.44156908e14
0.009105	1.4414948e14	1.4414948e14
0.00911	1.44142019e14	1.44142019e14
0.009115	1.44134525e14	1.44134525e14
0.00912	1.44126997e14	1.44126997e14
0.009125	1.44119432e14	1.44119432e14
0.00913	1.44111831e14	1.44111831e14
0.009135	1.44104192e14	1.44104192e14
0.00914	1.44096513e14	1.44096513e14
0.009145	1.44088795e14	1.44088795e14
0.00915	1.44081035e14	1.44081035e14
0.009155	1.44073233e14	1.44073233e14
0.00916	1.44065389e14	1.44065389e14
0.009165	1.44057505e14	1.44057505e14
0.00917	1.4404958e14	1.4404958e14
0.009175	1.44041615e14	1.44041615e14
0.00918	1.44033612e14	1.44033612e14
0.009185	1.44025571e14	1.44025571e14
0.00919	1.44017492e14	1.44017492e14
0.009195	1.44009377e14	1.44009377e14
0.0092	1.44001226e14	1.44001226e14
0.009205	1.4399304e14	1.4399304e14
0.00921	1.4398482e14	1.4398482e14
0.009215	1.43976565e14	1.43976565e14
0.00922	1.43968278e14	1.43968278e14
0.009225	1.43959959e14	1.43959959e14
0.00923	1.43951608e14	1.43951608e14
0.009235	1.43943226e14	1.43943226e14
0.00924	1.43934814e14	1.43934814e14
0.009245	1.43926373e14	1.43926373e14
0.00925	1.43917903e14	1.43917903e14
0.009255	1.43909406e14	1.43909406e14
0.00926	1.43900881e14	1.43900881e14
0.009265	1.4389233e14	1.4389233e14
0.00927	1.43883753e14	1.43883753e14
0.009275	1.43875152e14	1.43875152e14
0.00928	1.43866526e14	1.43866526e14
0.009285	1.43857876e14	1.43857876e14
0.00929	1.43849204e14	1.43849204e14
0.009295	1.4384051e14	1.4384051e14
0.0093	1.43831794e14	1.43831794e14
0.009305	1.43823057e14	1.43823057e14
0.00931	1.43814298e14	1.43814298e14
0.009315	1.43805515e14	1.43805515e14
0.00932	1.43796706e14	1.43796706e14
0.009325	1.43787869e14	1.43787869e14
0.00933	1.43779003e14	1.43779003e14
0.009335	1.43770105e14	1.43770105e14
0.00934	1.43761173e14	1.43761173e14
0.009345	1.43752207e14	1.43752207e14
0.00935	1.43743204e14	1.43743204e14
0.009355	1.43734163e14	1.43734163e14
0.00936	1.43725081e14	1.43725081e14
0.009365	1.43715957e14	1.43715957e14
0.00937	1.43706789e14	1.43706789e14
0.009375	1.43697575e14	1.43697575e14
0.00938	1.43688313e14	1.43688313e14
0.009385	1.43679002e14	1.43679002e14
0.00939	1.4366964e14	1.4366964e14
0.009395	1.43660225e14	1.43660225e14
0.0094	1.43650755e14	1.43650755e14
0.009405	1.43641228e14	1.43641228e14
0.00941	1.43631643e14	1.43631643e14
0.009415	1.43621998e14	1.43621998e14
0.00942	1.43612291e14	1.43612291e14
0.009425	1.4360252e14	1.4360252e14
0.00943	1.43592683e14	1.43592683e14
0.009435	1.43582779e14	1.43582779e14
0.00944	1.43572805e14	1.43572805e14
0.009445	1.43562761e14	1.43562761e14
0.00945	1.43552644e14	1.43552644e14
0.009455	1.43542453e14	1.43542453e14
0.00946	1.43532189e14	1.43532189e14
0.009465	1.43521855e14	1.43521855e14
0.00947	1.43511452e14	1.43511452e14
0.009475	1.43500983e14	1.43500983e14
0.00948	1.43490449e14	1.43490449e14
0.009485	1.43479854e14	1.43479854e14
0.00949	1.43469197e14	1.43469197e14
0.009495	1.43458483e14	1.43458483e14
0.0095	1.43447712e14	1.43447712e14
0.009505	1.43436887e14	1.43436887e14
0.00951	1.4342601e14	1.4342601e14
0.009515	1.43415083e14	1.43415083e14
0.00952	1.43404108e14	1.43404108e14
0.009525	1.43393087e14	1.43393087e14
0.00953	1.43382022e14	1.43382022e14
0.009535	1.43370915e14	1.43370915e14
0.00954	1.43359769e14	1.43359769e14
0.009545	1.43348584e14	1.43348584e14
0.00955	1.43337364e14	1.43337364e14
0.009555	1.4332611e14	1.4332611e14
0.00956	1.43314824e14	1.43314824e14
0.009565	1.43303509e14	1.43303509e14
0.00957	1.43292166e14	1.43292166e14
0.009575	1.43280798e14	1.43280798e14
0.00958	1.43269406e14	1.43269406e14
0.009585	1.43257993e14	1.43257993e14
0.00959	1.4324656e14	1.4324656e14
0.009595	1.4323511e14	1.4323511e14
0.0096	1.43223645e14	1.43223645e14
0.009605	1.43212166e14	1.43212166e14
0.00961	1.43200671e14	1.43200671e14
0.009615	1.4318916e14	1.4318916e14
0.00962	1.43177629e14	1.43177629e14
0.009625	1.43166078e14	1.43166078e14
0.00963	1.43154503e14	1.43154503e14
0.009635	1.43142903e14	1.43142903e14
0.00964	1.43131277e14	1.43131277e14
0.009645	1.43119621e14	1.43119621e14
0.00965	1.43107935e14	1.43107935e14
0.009655	1.43096216e14	1.43096216e14
0.00966	1.43084463e14	1.43084463e14
0.009665	1.43072672e14	1.43072672e14
0.00967	1.43060844e14	1.43060844e14
0.009675	1.43048974e14	1.43048974e14
0.00968	1.43037062e14	1.43037062e14
0.009685	1.43025106e14	1.43025106e14
0.00969	1.43013103e14	1.43013103e14
0.009695	1.43001052e14	1.43001052e14
0.0097	1.42988951e14	1.42988951e14
0.009705	1.42976797e14	1.42976797e14
0.00971	1.42964589e14	1.42964589e14
0.009715	1.42952325e14	1.42952325e14
0.00972	1.42940003e14	1.42940003e14
0.009725	1.42927621e14	1.42927621e14
0.00973	1.42915177e14	1.42915177e14
0.009735	1.42902668e14	1.42902668e14
0.00974	1.42890094e14	1.42890094e14
0.009745	1.42877453e14	1.42877453e14
0.00975	1.42864741e14	1.42864741e14
0.009755	1.42851958e14	1.42851958e14
0.00976	1.42839105e14	1.42839105e14
0.009765	1.42826183e14	1.42826183e14
0.00977	1.42813192e14	1.42813192e14
0.009775	1.42800136e14	1.42800136e14
0.00978	1.42787014e14	1.42787014e14
0.009785	1.42773828e14	1.42773828e14
0.00979	1.4276058e14	1.4276058e14
0.009795	1.42747271e14	1.42747271e14
0.0098	1.42733902e14	1.42733902e14
0.009805	1.42720474e14	1.42720474e14
0.00981	1.42706989e14	1.42706989e14
0.009815	1.42693449e14	1.42693449e14
0.00982	1.42679853e14	1.42679853e14
0.009825	1.42666205e14	1.42666205e14
0.00983	1.42652504e14	1.42652504e14
0.009835	1.42638753e14	1.42638753e14
0.00984	1.42624953e14	1.42624953e14
0.009845	1.42611104e14	1.42611104e14
0.00985	1.42597209e14	1.42597209e14
0.009855	1.42583269e14	1.42583269e14
0.00986	1.42569284e14	1.42569284e14
0.009865	1.42555257e14	1.42555257e14
0.00987	1.42541189e14	1.42541189e14
0.009875	1.42527081e14	1.42527081e14
0.00988	1.42512933e14	1.42512933e14
0.009885	1.42498749e14	1.42498749e14
0.00989	1.42484528e14	1.42484528e14
0.009895	1.42470273e14	1.42470273e14
0.0099	1.42455984e14	1.42455984e14
0.009905	1.42441663e14	1.42441663e14
0.00991	1.42427308e14	1.42427308e14
0.009915	1.42412919e14	1.42412919e14
0.00992	1.42398495e14	1.42398495e14
0.009925	1.42384034e14	1.42384034e14
0.00993	1.42369535e14	1.42369535e14
0.009935	1.42354998e14	1.42354998e14
0.00994	1.4234042e14	1.4234042e14
0.009945	1.42325802e14	1.42325802e14
0.00995	1.42311141e14	1.42311141e14
0.009955	1.42296437e14	1.42296437e14
0.00996	1.42281689e14	1.42281689e14
0.009965	1.42266895e14	1.42266895e14
0.00997	1.42252054e14	1.42252054e14
0.009975	1.42237166e14	1.42237166e14
0.00998	1.42222229e14	1.42222229e14
0.009985	1.42207242e14	1.42207242e14
0.00999	1.42192204e14	1.42192204e14
0.009995	1.42177113e14	1.42177113e14
0.01	1.42161969e14	1.42161969e14