z	Wz
0.	1.41295e13
0.00002	1.2026e13
0.00004	1.1249875e13
0.00006	1.0688125e13
0.00008	1.0236625e13
0.0001	9.85425e12
0.00012	9.520875e12
0.00014	9.22425e12
0.00016	8.9565e12
0.00018	8.71255e12
0.0002	8.487675e12
0.00022	8.2791625e12
0.00024	8.08465e12
0.00026	7.902475e12
0.00028	7.730975e12
0.0003	7.5691e12
0.00032	7.4157125e12
0.00034	7.270025e12
0.00036	7.1313375e12
0.00038	6.99895e12
0.0004	6.872425e12
0.00042	6.75115e12
0.00044	6.6348625e12
0.00046	6.5230375e12
0.00048	6.4155e12
0.0005	6.3119e12
0.00052	6.211975e12
0.00054	6.1154625e12
0.00056	6.022275e12
0.00058	5.9320625e12
0.0006	5.84465e12
0.00062	5.7600375e12
0.00064	5.677875e12
0.00066	5.5981625e12
0.00068	5.5208125e12
0.0007	5.4455625e12
0.00072	5.3724125e12
0.00074	5.3011875e12
0.00076	5.2318875e12
0.00078	5.164425e12
0.0008	5.098625e12
0.00082	5.0344875e12
0.00084	4.9718375e12
0.00086	4.9107625e12
0.00088	4.851175e12
0.0009	4.7929e12
0.00092	4.736025e12
0.00094	4.680375e12
0.00096	4.62595e12
0.00098	4.57275e12
0.001	4.5206875e12
0.00102	4.469675e12
0.00104	4.4198e12
0.00106	4.3708875e12
0.00108	4.323025e12
0.0011	4.2760375e12
0.00112	4.2301e12
0.00114	4.18495e12
0.00116	4.1407625e12
0.00118	4.0973625e12
0.0012	4.05475e12
0.00122	4.012925e12
0.00124	3.9718875e12
0.00126	3.9316375e12
0.00128	3.8920875e12
0.0013	3.8532375e12
0.00132	3.8150875e12
0.00134	3.77755e12
0.00136	3.7407125e12
0.00138	3.7044e12
0.0014	3.6687875e12
0.00142	3.6337875e12
0.00144	3.5993125e12
0.00146	3.5653625e12
0.00148	3.532025e12
0.0015	3.4992125e12
0.00152	3.466925e12
0.00154	3.435075e12
0.00156	3.4038375e12
0.00158	3.3730375e12
0.0016	3.342675e12
0.00162	3.31275e12
0.00164	3.28335e12
0.00166	3.2543e12
0.00168	3.225775e12
0.0017	3.1976e12
0.00172	3.1698625e12
0.00174	3.142475e12
0.00176	3.115525e12
0.00178	3.0890125e12
0.0018	3.0627625e12
0.00182	3.03695e12
0.00184	3.0114875e12
0.00186	2.986375e12
0.00188	2.961525e12
0.0019	2.9371125e12
0.00192	2.9129625e12
0.00194	2.8891625e12
0.00196	2.8657125e12
0.00198	2.842525e12
0.002	2.8196875e12
0.00202	2.7971125e12
0.00204	2.7748e12
0.00206	2.7528375e12
0.00208	2.73105e12
0.0021	2.7096125e12
0.00212	2.6884375e12
0.00214	2.667525e12
0.00216	2.646875e12
0.00218	2.6264875e12
0.0022	2.6063625e12
0.00222	2.5864125e12
0.00224	2.5668125e12
0.00226	2.5473875e12
0.00228	2.5281375e12
0.0023	2.5092375e12
0.00232	2.490425e12
0.00234	2.4719625e12
0.00236	2.4535875e12
0.00238	2.4355625e12
0.0024	2.417625e12
0.00242	2.39995e12
0.00244	2.38245e12
0.00246	2.3652125e12
0.00248	2.34815e12
0.0025	2.331175e12
0.00252	2.3144625e12
0.00254	2.2980125e12
0.00256	2.28165e12
0.00258	2.2654625e12
0.0026	2.24945e12
0.00262	2.2337e12
0.00264	2.2180375e12
0.00266	2.20255e12
0.00268	2.1872375e12
0.0027	2.1721e12
0.00272	2.1571375e12
0.00274	2.1422625e12
0.00276	2.12765e12
0.00278	2.113125e12
0.0028	2.098775e12
0.00282	2.0845125e12
0.00284	2.070425e12
0.00286	2.0565125e12
0.00288	2.042775e12
0.0029	2.029125e12
0.00292	2.0155625e12
0.00294	2.002175e12
0.00296	1.9889625e12
0.00298	1.9758375e12
0.003	1.9628875e12
0.00302	1.950025e12
0.00304	1.9373375e12
0.00306	1.9247375e12
0.00308	1.912225e12
0.0031	1.8998875e12
0.00312	1.8876375e12
0.00314	1.875475e12
0.00316	1.8634875e12
0.00318	1.8515875e12
0.0032	1.8398625e12
0.00322	1.8281375e12
0.00324	1.8165875e12
0.00326	1.805125e12
0.00328	1.7938375e12
0.0033	1.78255e12
0.00332	1.7714375e12
0.00334	1.7604125e12
0.00336	1.749475e12
0.00338	1.7387125e12
0.0034	1.72795e12
0.00342	1.717275e12
0.00344	1.706775e12
0.00346	1.6963625e12
0.00348	1.6860375e12
0.0035	1.6757125e12
0.00352	1.6655625e12
0.00354	1.6555e12
0.00356	1.645525e12
0.00358	1.6356375e12
0.0036	1.6258375e12
0.00362	1.616125e12
0.00364	1.6065e12
0.00366	1.596875e12
0.00368	1.587425e12
0.0037	1.5780625e12
0.00372	1.5687e12
0.00374	1.5595125e12
0.00376	1.550325e12
0.00378	1.5413125e12
0.0038	1.5323e12
0.00382	1.523375e12
0.00384	1.5145375e12
0.00386	1.5057875e12
0.00388	1.4970375e12
0.0039	1.4884625e12
0.00392	1.4798875e12
0.00394	1.4714e12
0.00396	1.463e12
0.00398	1.4546e12
0.004	1.446375e12
0.00402	1.43815e12
0.00404	1.4300125e12
0.00406	1.4219625e12
0.00408	1.4139125e12
0.0041	1.40595e12
0.00412	1.398075e12
0.00414	1.3902875e12
0.00416	1.3825e12
0.00418	1.3748e12
0.0042	1.3671875e12
0.00422	1.3596625e12
0.00424	1.3521375e12
0.00426	1.3447e12
0.00428	1.3372625e12
0.0043	1.3299125e12
0.00432	1.32265e12
0.00434	1.3153875e12
0.00436	1.3083e12
0.00438	1.301125e12
0.0044	1.294125e12
0.00442	1.287125e12
0.00444	1.280125e12
0.00446	1.2732125e12
0.00448	1.2663875e12
0.0045	1.2595625e12
0.00452	1.252825e12
0.00454	1.246175e12
0.00456	1.239525e12
0.00458	1.2329625e12
0.0046	1.2264e12
0.00462	1.219925e12
0.00464	1.21345e12
0.00466	1.2070625e12
0.00468	1.200675e12
0.0047	1.194375e12
0.00472	1.1881625e12
0.00474	1.18195e12
0.00476	1.175825e12
0.00478	1.1697e12
0.0048	1.163575e12
0.00482	1.1575375e12
0.00484	1.1515875e12
0.00486	1.1456375e12
0.00488	1.1396875e12
0.0049	1.1339125e12
0.00492	1.12805e12
0.00494	1.122275e12
0.00496	1.1165875e12
0.00498	1.1108125e12
0.005	1.1052125e12
0.00502	1.09961985e12
0.00504	1.09405727e12
0.00506	1.08852601e12
0.00508	1.08302733e12
0.0051	1.0775625e12
0.00512	1.07213275e12
0.00514	1.06673923e12
0.00516	1.0613831e12
0.00518	1.05606547e12
0.0052	1.0507875e12
0.00522	1.04554986e12
0.00524	1.0403514e12
0.00526	1.03519051e12
0.00528	1.03006558e12
0.0053	1.024975e12
0.00532	1.01991761e12
0.00534	1.01489407e12
0.00536	1.00990546e12
0.00538	1.00495291e12
0.0054	1.0000375e12
0.00542	9.95159693e11
0.00544	9.90317337e11
0.00546	9.85507635e11
0.00548	9.80727789e11
0.0055	9.75975e11
0.00552	9.71247218e11
0.00554	9.66545386e11
0.00556	9.61871195e11
0.00558	9.57226336e11
0.0056	9.526125e11
0.00562	9.48031135e11
0.00564	9.43482718e11
0.00566	9.38967484e11
0.00568	9.34485666e11
0.0057	9.300375e11
0.00572	9.25622742e11
0.00574	9.21239241e11
0.00576	9.1688437e11
0.00578	9.12555499e11
0.0058	9.0825e11
0.00582	9.03965997e11
0.00584	8.99704616e11
0.00586	8.95467738e11
0.00588	8.91257239e11
0.0059	8.87075e11
0.00592	8.82922401e11
0.00594	8.78798833e11
0.00596	8.7470319e11
0.00598	8.70634364e11
0.006	8.6659125e11
0.00602	8.62572929e11
0.00604	8.58579241e11
0.00606	8.54610213e11
0.00608	8.50665873e11
0.0061	8.4674625e11
0.00612	8.42851322e11
0.00614	8.38980874e11
0.00616	8.35134639e11
0.00618	8.31312353e11
0.0062	8.2751375e11
0.00622	8.23738572e11
0.00624	8.19986585e11
0.00626	8.16257562e11
0.00628	8.12551276e11
0.0063	8.088675e11
0.00632	8.0520603e11
0.00634	8.01566757e11
0.00636	7.97949594e11
0.00638	7.94354453e11
0.0064	7.9078125e11
0.00642	7.87229867e11
0.00644	7.83700067e11
0.00646	7.80191584e11
0.00648	7.76704151e11
0.0065	7.732375e11
0.00652	7.69791392e11
0.00654	7.66365694e11
0.00656	7.629603e11
0.00658	7.59575104e11
0.0066	7.5621e11
0.00662	7.52864875e11
0.00664	7.49539586e11
0.00666	7.46233985e11
0.00668	7.42947923e11
0.0067	7.3968125e11
0.00672	7.3643382e11
0.00674	7.33205492e11
0.00676	7.2999613e11
0.00678	7.26805595e11
0.0068	7.2363375e11
0.00682	7.20480456e11
0.00684	7.17345574e11
0.00686	7.14228964e11
0.00688	7.11130486e11
0.0069	7.0805e11
0.00692	7.04987365e11
0.00694	7.0194244e11
0.00696	6.98915083e11
0.00698	6.9590515e11
0.007	6.929125e11
0.00702	6.89936992e11
0.00704	6.86978494e11
0.00706	6.84036875e11
0.00708	6.81112004e11
0.0071	6.7820375e11
0.00712	6.75311976e11
0.00714	6.72436514e11
0.00716	6.69577189e11
0.00718	6.66733826e11
0.0072	6.6390625e11
0.00722	6.61094314e11
0.00724	6.58297981e11
0.00726	6.5551724e11
0.00728	6.52752083e11
0.0073	6.500025e11
0.00732	6.47268448e11
0.00734	6.44549754e11
0.00736	6.4184621e11
0.00738	6.39157611e11
0.0074	6.3648375e11
0.00742	6.33824454e11
0.00744	6.31179685e11
0.00746	6.28549439e11
0.00748	6.25933712e11
0.0075	6.233325e11
0.00752	6.20745767e11
0.00754	6.18173347e11
0.00756	6.15615044e11
0.00758	6.13070661e11
0.0076	6.1054e11
0.00762	6.0802289e11
0.00764	6.05519258e11
0.00766	6.03029055e11
0.00768	6.00552235e11
0.0077	5.9808875e11
0.00772	5.95638554e11
0.00774	5.93201613e11
0.00776	5.90777895e11
0.00778	5.88367368e11
0.0078	5.8597e11
0.00782	5.83585724e11
0.00784	5.81214331e11
0.00786	5.78855576e11
0.00788	5.76509214e11
0.0079	5.74175e11
0.00792	5.7185276e11
0.00794	5.69542594e11
0.00796	5.67244673e11
0.00798	5.64959168e11
0.008	5.6268625e11
0.00802	5.60425988e11
0.00804	5.58178045e11
0.00806	5.55941983e11
0.00808	5.53717364e11
0.0081	5.5150375e11
0.00812	5.49300829e11
0.00814	5.47108797e11
0.00816	5.44927975e11
0.00818	5.42758686e11
0.0082	5.4060125e11
0.00822	5.38455865e11
0.00824	5.36322227e11
0.00826	5.34199906e11
0.00828	5.32088474e11
0.0083	5.299875e11
0.00832	5.2789665e11
0.00834	5.25815965e11
0.00836	5.2374558e11
0.00838	5.2168563e11
0.0084	5.1963625e11
0.00842	5.17597535e11
0.00844	5.15569413e11
0.00846	5.13551775e11
0.00848	5.11544507e11
0.0085	5.095475e11
0.00852	5.07560641e11
0.00854	5.05583821e11
0.00856	5.03616931e11
0.00858	5.0165986e11
0.0086	4.997125e11
0.00862	4.9777478e11
0.00864	4.95846791e11
0.00866	4.93928661e11
0.00868	4.92020521e11
0.0087	4.901225e11
0.00872	4.88234638e11
0.00874	4.86356616e11
0.00876	4.84488025e11
0.00878	4.82628456e11
0.0088	4.807775e11
0.00882	4.78934858e11
0.00884	4.77100666e11
0.00886	4.75275171e11
0.00888	4.73458617e11
0.0089	4.7165125e11
0.00892	4.6985325e11
0.00894	4.68064529e11
0.00896	4.66284932e11
0.00898	4.64514308e11
0.009	4.627525e11
0.00902	4.60999373e11
0.00904	4.59254859e11
0.00906	4.57518909e11
0.00908	4.55791473e11
0.0091	4.540725e11
0.00912	4.52361938e11
0.00914	4.50659724e11
0.00916	4.4896579e11
0.00918	4.47280071e11
0.0092	4.456025e11
0.00922	4.43933004e11
0.00924	4.42271485e11
0.00926	4.40617839e11
0.00928	4.38971962e11
0.0093	4.3733375e11
0.00932	4.35703126e11
0.00934	4.34080126e11
0.00936	4.32464813e11
0.00938	4.3085725e11
0.0094	4.292575e11
0.00942	4.27665591e11
0.00944	4.26081409e11
0.00946	4.24504807e11
0.00948	4.22935637e11
0.0095	4.2137375e11
0.00952	4.19819041e11
0.00954	4.18271577e11
0.00956	4.16731467e11
0.00958	4.15198821e11
0.0096	4.1367375e11
0.00962	4.12156296e11
0.00964	4.10646235e11
0.00966	4.09143276e11
0.00968	4.07647128e11
0.0097	4.061575e11
0.00972	4.04674186e11
0.00974	4.03197315e11
0.00976	4.01727101e11
0.00978	4.00263758e11
0.0098	3.988075e11
0.00982	3.97358481e11
0.00984	3.95916617e11
0.00986	3.94481761e11
0.00988	3.93053771e11
0.0099	3.916325e11
0.00992	3.90217819e11
0.00994	3.88809659e11
0.00996	3.87407964e11
0.00998	3.86012679e11
0.01	3.8462375e11
0.01002	3.83241125e11
0.01004	3.81864771e11
0.01006	3.80494657e11
0.01008	3.79130754e11
0.0101	3.77773031e11
0.01012	3.76421459e11
0.01014	3.75076008e11
0.01016	3.73736647e11
0.01018	3.72403346e11
0.0102	3.71076077e11
0.01022	3.69754808e11
0.01024	3.68439509e11
0.01026	3.67130152e11
0.01028	3.65826705e11
0.0103	3.64529139e11
0.01032	3.63237423e11
0.01034	3.61951529e11
0.01036	3.60671425e11
0.01038	3.59397082e11
0.0104	3.5812847e11
0.01042	3.56865558e11
0.01044	3.55608318e11
0.01046	3.54356718e11
0.01048	3.5311073e11
0.0105	3.51870322e11
0.01052	3.50635466e11
0.01054	3.4940613e11
0.01056	3.48182285e11
0.01058	3.46963902e11
0.0106	3.45750949e11
0.01062	3.44543397e11
0.01064	3.43341217e11
0.01066	3.42144378e11
0.01068	3.4095285e11
0.0107	3.39766603e11
0.01072	3.38585607e11
0.01074	3.37409832e11
0.01076	3.36239249e11
0.01078	3.35073827e11
0.0108	3.33913536e11
0.01082	3.32758346e11
0.01084	3.31608228e11
0.01086	3.30463151e11
0.01088	3.29323085e11
0.0109	3.28188001e11
0.01092	3.27057868e11
0.01094	3.25932656e11
0.01096	3.24812336e11
0.01098	3.23696877e11
0.011	3.2258625e11
0.01102	3.21480425e11
0.01104	3.20379378e11
0.01106	3.19283084e11
0.01108	3.1819152e11
0.0111	3.17104662e11
0.01112	3.16022485e11
0.01114	3.14944966e11
0.01116	3.1387208e11
0.01118	3.12803804e11
0.0112	3.11740114e11
0.01122	3.10680986e11
0.01124	3.09626395e11
0.01126	3.08576318e11
0.01128	3.07530732e11
0.0113	3.06489611e11
0.01132	3.05452931e11
0.01134	3.0442067e11
0.01136	3.03392803e11
0.01138	3.02369306e11
0.0114	3.01350155e11
0.01142	3.00335326e11
0.01144	2.99324794e11
0.01146	2.98318537e11
0.01148	2.97316531e11
0.0115	2.9631875e11
0.01152	2.95325172e11
0.01154	2.94335775e11
0.01156	2.93350538e11
0.01158	2.9236944e11
0.0116	2.91392459e11
0.01162	2.90419575e11
0.01164	2.89450766e11
0.01166	2.88486012e11
0.01168	2.8752529e11
0.0117	2.86568581e11
0.01172	2.85615862e11
0.01174	2.84667113e11
0.01176	2.83722313e11
0.01178	2.8278144e11
0.0118	2.81844473e11
0.01182	2.80911391e11
0.01184	2.79982174e11
0.01186	2.79056799e11
0.01188	2.78135246e11
0.0119	2.77217493e11
0.01192	2.7630352e11
0.01194	2.75393306e11
0.01196	2.74486828e11
0.01198	2.73584067e11
0.012	2.72685e11
0.01202	2.71789608e11
0.01204	2.70897874e11
0.01206	2.70009782e11
0.01208	2.69125317e11
0.0121	2.68244462e11
0.01212	2.67367202e11
0.01214	2.6649352e11
0.01216	2.65623402e11
0.01218	2.64756832e11
0.0122	2.63893793e11
0.01222	2.63034269e11
0.01224	2.62178246e11
0.01226	2.61325707e11
0.01228	2.60476636e11
0.0123	2.59631018e11
0.01232	2.58788836e11
0.01234	2.57950075e11
0.01236	2.5711472e11
0.01238	2.56282754e11
0.0124	2.55454162e11
0.01242	2.54628927e11
0.01244	2.53807034e11
0.01246	2.52988468e11
0.01248	2.52173212e11
0.0125	2.5136125e11
0.01252	2.50552567e11
0.01254	2.49747146e11
0.01256	2.48944972e11
0.01258	2.48146026e11
0.0126	2.47350294e11
0.01262	2.46557758e11
0.01264	2.45768402e11
0.01266	2.44982209e11
0.01268	2.44199164e11
0.0127	2.43419249e11
0.01272	2.42642448e11
0.01274	2.41868745e11
0.01276	2.41098123e11
0.01278	2.40330566e11
0.0128	2.39566057e11
0.01282	2.3880458e11
0.01284	2.38046118e11
0.01286	2.37290655e11
0.01288	2.36538175e11
0.0129	2.3578866e11
0.01292	2.35042095e11
0.01294	2.34298463e11
0.01296	2.33557747e11
0.01298	2.32819932e11
0.013	2.32085e11
0.01302	2.31352936e11
0.01304	2.30623727e11
0.01306	2.2989736e11
0.01308	2.29173823e11
0.0131	2.28453103e11
0.01312	2.27735188e11
0.01314	2.27020066e11
0.01316	2.26307725e11
0.01318	2.25598151e11
0.0132	2.24891332e11
0.01322	2.24187256e11
0.01324	2.23485911e11
0.01326	2.22787284e11
0.01328	2.22091363e11
0.0133	2.21398135e11
0.01332	2.20707587e11
0.01334	2.20019708e11
0.01336	2.19334486e11
0.01338	2.18651906e11
0.0134	2.17971958e11
0.01342	2.17294629e11
0.01344	2.16619906e11
0.01346	2.15947776e11
0.01348	2.15278229e11
0.0135	2.1461125e11
0.01352	2.13946828e11
0.01354	2.13284952e11
0.01356	2.1262561e11
0.01358	2.11968791e11
0.0136	2.11314485e11
0.01362	2.10662679e11
0.01364	2.10013363e11
0.01366	2.09366526e11
0.01368	2.08722156e11
0.0137	2.08080243e11
0.01372	2.07440776e11
0.01374	2.06803742e11
0.01376	2.06169131e11
0.01378	2.05536933e11
0.0138	2.04907135e11
0.01382	2.04279727e11
0.01384	2.03654697e11
0.01386	2.03032035e11
0.01388	2.02411728e11
0.0139	2.01793768e11
0.01392	2.01178141e11
0.01394	2.00564836e11
0.01396	1.99953844e11
0.01398	1.99345152e11
0.014	1.9873875e11
0.01402	1.98134626e11
0.01404	1.9753277e11
0.01406	1.96933172e11
0.01408	1.96335822e11
0.0141	1.95740709e11
0.01412	1.95147823e11
0.01414	1.94557154e11
0.01416	1.93968691e11
0.01418	1.93382425e11
0.0142	1.92798345e11
0.01422	1.9221644e11
0.01424	1.91636702e11
0.01426	1.91059118e11
0.01428	1.9048368e11
0.0143	1.89910376e11
0.01432	1.89339197e11
0.01434	1.88770132e11
0.01436	1.88203172e11
0.01438	1.87638305e11
0.0144	1.87075522e11
0.01442	1.86514812e11
0.01444	1.85956165e11
0.01446	1.85399571e11
0.01448	1.84845019e11
0.0145	1.842925e11
0.01452	1.83742003e11
0.01454	1.8319352e11
0.01456	1.82647042e11
0.01458	1.82102562e11
0.0146	1.81560069e11
0.01462	1.81019558e11
0.01464	1.80481018e11
0.01466	1.79944442e11
0.01468	1.79409821e11
0.0147	1.78877147e11
0.01472	1.78346412e11
0.01474	1.77817607e11
0.01476	1.77290724e11
0.01478	1.76765755e11
0.0148	1.7624269e11
0.01482	1.75721523e11
0.01484	1.75202244e11
0.01486	1.74684846e11
0.01488	1.74169319e11
0.0149	1.73655656e11
0.01492	1.73143848e11
0.01494	1.72633886e11
0.01496	1.72125764e11
0.01498	1.71619471e11
0.015	1.71115e11
0.01502	1.70612343e11
0.01504	1.70111492e11
0.01506	1.69612442e11
0.01508	1.69115184e11
0.0151	1.68619713e11
0.01512	1.68126022e11
0.01514	1.67634103e11
0.01516	1.6714395e11
0.01518	1.66655557e11
0.0152	1.66168916e11
0.01522	1.65684021e11
0.01524	1.65200865e11
0.01526	1.64719441e11
0.01528	1.64239742e11
0.0153	1.63761762e11
0.01532	1.63285494e11
0.01534	1.62810931e11
0.01536	1.62338067e11
0.01538	1.61866894e11
0.0154	1.61397406e11
0.01542	1.60929596e11
0.01544	1.60463457e11
0.01546	1.59998982e11
0.01548	1.59536166e11
0.0155	1.59075e11
0.01552	1.58615478e11
0.01554	1.58157592e11
0.01556	1.57701334e11
0.01558	1.57246695e11
0.0156	1.56793668e11
0.01562	1.56342243e11
0.01564	1.55892413e11
0.01566	1.55444169e11
0.01568	1.54997504e11
0.0157	1.54552408e11
0.01572	1.54108875e11
0.01574	1.53666894e11
0.01576	1.53226459e11
0.01578	1.5278756e11
0.0158	1.5235019e11
0.01582	1.51914341e11
0.01584	1.51480003e11
0.01586	1.5104717e11
0.01588	1.50615832e11
0.0159	1.50185981e11
0.01592	1.4975761e11
0.01594	1.49330709e11
0.01596	1.48905271e11
0.01598	1.48481288e11
0.016	1.4805875e11
0.01602	1.47637651e11
0.01604	1.47217986e11
0.01606	1.46799751e11
0.01608	1.46382942e11
0.0161	1.45967556e11
0.01612	1.45553587e11
0.01614	1.45141034e11
0.01616	1.4472989e11
0.01618	1.44320154e11
0.0162	1.4391182e11
0.01622	1.43504885e11
0.01624	1.43099346e11
0.01626	1.42695197e11
0.01628	1.42292435e11
0.0163	1.41891057e11
0.01632	1.41491058e11
0.01634	1.41092435e11
0.01636	1.40695183e11
0.01638	1.40299299e11
0.0164	1.39904779e11
0.01642	1.39511619e11
0.01644	1.39119815e11
0.01646	1.38729363e11
0.01648	1.38340259e11
0.0165	1.379525e11
0.01652	1.37566081e11
0.01654	1.37180995e11
0.01656	1.36797238e11
0.01658	1.36414802e11
0.0166	1.3603368e11
0.01662	1.35653867e11
0.01664	1.35275356e11
0.01666	1.34898141e11
0.01668	1.34522214e11
0.0167	1.34147571e11
0.01672	1.33774204e11
0.01674	1.33402107e11
0.01676	1.33031273e11
0.01678	1.32661697e11
0.0168	1.32293372e11
0.01682	1.31926291e11
0.01684	1.31560447e11
0.01686	1.31195836e11
0.01688	1.30832449e11
0.0169	1.30470282e11
0.01692	1.30109326e11
0.01694	1.29749577e11
0.01696	1.29391027e11
0.01698	1.2903367e11
0.017	1.286775e11
0.01702	1.28322511e11
0.01704	1.27968697e11
0.01706	1.27616056e11
0.01708	1.27264583e11
0.0171	1.26914274e11
0.01712	1.26565125e11
0.01714	1.26217132e11
0.01716	1.2587029e11
0.01718	1.25524597e11
0.0172	1.25180046e11
0.01722	1.24836636e11
0.01724	1.2449436e11
0.01726	1.24153216e11
0.01728	1.238132e11
0.0173	1.23474306e11
0.01732	1.23136532e11
0.01734	1.22799872e11
0.01736	1.22464324e11
0.01738	1.22129883e11
0.0174	1.21796544e11
0.01742	1.21464304e11
0.01744	1.21133159e11
0.01746	1.20803104e11
0.01748	1.20474136e11
0.0175	1.2014625e11
0.01752	1.19819443e11
0.01754	1.19493709e11
0.01756	1.19169046e11
0.01758	1.18845448e11
0.0176	1.18522913e11
0.01762	1.18201435e11
0.01764	1.1788101e11
0.01766	1.17561634e11
0.01768	1.17243304e11
0.0177	1.16926014e11
0.01772	1.16609761e11
0.01774	1.16294541e11
0.01776	1.15980349e11
0.01778	1.15667181e11
0.0178	1.15355034e11
0.01782	1.15043902e11
0.01784	1.14733783e11
0.01786	1.1442467e11
0.01788	1.14116562e11
0.0179	1.13809453e11
0.01792	1.13503338e11
0.01794	1.13198215e11
0.01796	1.12894079e11
0.01798	1.12590925e11
0.018	1.1228875e11
0.01802	1.11987549e11
0.01804	1.1168732e11
0.01806	1.1138806e11
0.01808	1.11089766e11
0.0181	1.10792435e11
0.01812	1.10496064e11
0.01814	1.10200651e11
0.01816	1.09906192e11
0.01818	1.09612685e11
0.0182	1.09320128e11
0.01822	1.09028516e11
0.01824	1.08737849e11
0.01826	1.08448122e11
0.01828	1.08159332e11
0.0183	1.07871478e11
0.01832	1.07584557e11
0.01834	1.07298564e11
0.01836	1.07013499e11
0.01838	1.06729357e11
0.0184	1.06446136e11
0.01842	1.06163834e11
0.01844	1.05882446e11
0.01846	1.05601972e11
0.01848	1.05322408e11
0.0185	1.0504375e11
0.01852	1.04765996e11
0.01854	1.04489142e11
0.01856	1.04213183e11
0.01858	1.03938113e11
0.0186	1.03663929e11
0.01862	1.03390624e11
0.01864	1.03118196e11
0.01866	1.02846638e11
0.01868	1.02575946e11
0.0187	1.02306115e11
0.01872	1.02037141e11
0.01874	1.01769019e11
0.01876	1.01501743e11
0.01878	1.01235309e11
0.0188	1.00969713e11
0.01882	1.00704949e11
0.01884	1.00441013e11
0.01886	1.001779e11
0.01888	9.9915605e10
0.0189	9.96541235e10
0.01892	9.93934507e10
0.01894	9.91335817e10
0.01896	9.88745118e10
0.01898	9.86162361e10
0.019	9.835875e10
0.01902	9.81020491e10
0.01904	9.78461314e10
0.01906	9.75909952e10
0.01908	9.7336639e10
0.0191	9.70830611e10
0.01912	9.68302599e10
0.01914	9.65782339e10
0.01916	9.63269815e10
0.01918	9.60765011e10
0.0192	9.5826791e10
0.01922	9.55778497e10
0.01924	9.53296756e10
0.01926	9.50822671e10
0.01928	9.48356225e10
0.0193	9.45897404e10
0.01932	9.43446191e10
0.01934	9.41002569e10
0.01936	9.38566524e10
0.01938	9.36138039e10
0.0194	9.33717099e10
0.01942	9.31303686e10
0.01944	9.28897786e10
0.01946	9.26499382e10
0.01948	9.24108459e10
0.0195	9.21725e10
0.01952	9.19348987e10
0.01954	9.16980394e10
0.01956	9.1461919e10
0.01958	9.12265345e10
0.0196	9.09918832e10
0.01962	9.07579619e10
0.01964	9.05247678e10
0.01966	9.02922978e10
0.01968	9.00605491e10
0.0197	8.98295187e10
0.01972	8.95992036e10
0.01974	8.93696009e10
0.01976	8.91407076e10
0.01978	8.89125209e10
0.0198	8.86850376e10
0.01982	8.84582549e10
0.01984	8.82321699e10
0.01986	8.80067795e10
0.01988	8.77820809e10
0.0199	8.7558071e10
0.01992	8.7334747e10
0.01994	8.71121058e10
0.01996	8.68901446e10
0.01998	8.66688603e10
0.02	8.644825e10
0.02002	8.62283109e10
0.02004	8.60090404e10
0.02006	8.57904363e10
0.02008	8.5572496e10
0.0201	8.53552173e10
0.02012	8.51385976e10
0.02014	8.49226347e10
0.02016	8.47073261e10
0.02018	8.44926694e10
0.0202	8.42786623e10
0.02022	8.40653023e10
0.02024	8.38525871e10
0.02026	8.36405143e10
0.02028	8.34290814e10
0.0203	8.32182862e10
0.02032	8.30081261e10
0.02034	8.27985988e10
0.02036	8.2589702e10
0.02038	8.23814332e10
0.0204	8.217379e10
0.02042	8.19667701e10
0.02044	8.1760371e10
0.02046	8.15545904e10
0.02048	8.13494259e10
0.0205	8.1144875e10
0.02052	8.09409355e10
0.02054	8.07376054e10
0.02056	8.05348827e10
0.02058	8.03327654e10
0.0206	8.01312518e10
0.02062	7.99303397e10
0.02064	7.97300274e10
0.02066	7.95303128e10
0.02068	7.93311941e10
0.0207	7.91326692e10
0.02072	7.89347363e10
0.02074	7.87373935e10
0.02076	7.85406387e10
0.02078	7.83444701e10
0.0208	7.81488858e10
0.02082	7.79538837e10
0.02084	7.7759462e10
0.02086	7.75656188e10
0.02088	7.73723521e10
0.0209	7.71796599e10
0.02092	7.69875404e10
0.02094	7.67959915e10
0.02096	7.66050115e10
0.02098	7.64145983e10
0.021	7.622475e10
0.02102	7.60354647e10
0.02104	7.58467404e10
0.02106	7.56585751e10
0.02108	7.54709668e10
0.0211	7.52839137e10
0.02112	7.50974136e10
0.02114	7.49114647e10
0.02116	7.47260649e10
0.02118	7.45412123e10
0.0212	7.43569049e10
0.02122	7.41731407e10
0.02124	7.39899178e10
0.02126	7.38072341e10
0.02128	7.36250878e10
0.0213	7.34434767e10
0.02132	7.32623991e10
0.02134	7.30818528e10
0.02136	7.29018359e10
0.02138	7.27223464e10
0.0214	7.25433824e10
0.02142	7.23649419e10
0.02144	7.21870228e10
0.02146	7.20096233e10
0.02148	7.18327414e10
0.0215	7.1656375e10
0.02152	7.14805223e10
0.02154	7.13051816e10
0.02156	7.11303513e10
0.02158	7.09560298e10
0.0216	7.07822156e10
0.02162	7.0608907e10
0.02164	7.04361025e10
0.02166	7.02638004e10
0.02168	7.00919993e10
0.0217	6.99206973e10
0.02172	6.97498931e10
0.02174	6.9579585e10
0.02176	6.94097714e10
0.02178	6.92404507e10
0.0218	6.90716213e10
0.02182	6.89032816e10
0.02184	6.87354301e10
0.02186	6.85680651e10
0.02188	6.84011851e10
0.0219	6.82347885e10
0.02192	6.80688736e10
0.02194	6.79034389e10
0.02196	6.77384828e10
0.02198	6.75740037e10
0.022	6.741e10
0.02202	6.72464701e10
0.02204	6.70834123e10
0.02206	6.69208248e10
0.02208	6.67587059e10
0.0221	6.65970539e10
0.02212	6.6435867e10
0.02214	6.62751435e10
0.02216	6.61148816e10
0.02218	6.59550796e10
0.0222	6.57957358e10
0.02222	6.56368484e10
0.02224	6.54784157e10
0.02226	6.53204359e10
0.02228	6.51629073e10
0.0223	6.50058282e10
0.02232	6.48491968e10
0.02234	6.46930114e10
0.02236	6.45372703e10
0.02238	6.43819716e10
0.0224	6.42271138e10
0.02242	6.40726949e10
0.02244	6.39187134e10
0.02246	6.37651673e10
0.02248	6.36120551e10
0.0225	6.3459375e10
0.02252	6.33071253e10
0.02254	6.31553047e10
0.02256	6.30039121e10
0.02258	6.28529462e10
0.0226	6.27024058e10
0.02262	6.25522898e10
0.02264	6.2402597e10
0.02266	6.22533262e10
0.02268	6.21044761e10
0.0227	6.19560456e10
0.02272	6.18080335e10
0.02274	6.16604385e10
0.02276	6.15132596e10
0.02278	6.13664954e10
0.0228	6.12201449e10
0.02282	6.10742068e10
0.02284	6.09286799e10
0.02286	6.0783563e10
0.02288	6.06388549e10
0.0229	6.04945545e10
0.02292	6.03506605e10
0.02294	6.02071717e10
0.02296	6.0064087e10
0.02298	5.99214052e10
0.023	5.9779125e10
0.02302	5.96372453e10
0.02304	5.94957648e10
0.02306	5.93546824e10
0.02308	5.92139968e10
0.0231	5.90737068e10
0.02312	5.89338112e10
0.02314	5.87943089e10
0.02316	5.86551985e10
0.02318	5.85164789e10
0.0232	5.83781489e10
0.02322	5.82402073e10
0.02324	5.81026528e10
0.02326	5.79654843e10
0.02328	5.78287005e10
0.0233	5.76923002e10
0.02332	5.75562822e10
0.02334	5.74206453e10
0.02336	5.72853884e10
0.02338	5.71505101e10
0.0234	5.70160093e10
0.02342	5.68818847e10
0.02344	5.67481352e10
0.02346	5.66147596e10
0.02348	5.64817566e10
0.0235	5.6349125e10
0.02352	5.62168636e10
0.02354	5.60849711e10
0.02356	5.5953446e10
0.02358	5.58222871e10
0.0236	5.5691493e10
0.02362	5.55610623e10
0.02364	5.54309937e10
0.02366	5.53012858e10
0.02368	5.51719372e10
0.0237	5.50429467e10
0.02372	5.49143128e10
0.02374	5.47860341e10
0.02376	5.46581094e10
0.02378	5.45305373e10
0.0238	5.44033164e10
0.02382	5.42764453e10
0.02384	5.41499227e10
0.02386	5.40237473e10
0.02388	5.38979176e10
0.0239	5.37724324e10
0.02392	5.36472902e10
0.02394	5.35224897e10
0.02396	5.33980296e10
0.02398	5.32739085e10
0.024	5.3150125e10
0.02402	5.30266778e10
0.02404	5.29035659e10
0.02406	5.2780788e10
0.02408	5.26583431e10
0.0241	5.25362302e10
0.02412	5.24144481e10
0.02414	5.22929957e10
0.02416	5.21718721e10
0.02418	5.20510759e10
0.0242	5.19306063e10
0.02422	5.18104621e10
0.02424	5.16906421e10
0.02426	5.15711454e10
0.02428	5.14519709e10
0.0243	5.13331173e10
0.02432	5.12145837e10
0.02434	5.1096369e10
0.02436	5.09784721e10
0.02438	5.08608919e10
0.0244	5.07436272e10
0.02442	5.06266771e10
0.02444	5.05100404e10
0.02446	5.03937161e10
0.02448	5.02777029e10
0.0245	5.0162e10
0.02452	5.00466063e10
0.02454	4.99315217e10
0.02456	4.98167461e10
0.02458	4.97022797e10
0.0246	4.95881222e10
0.02462	4.94742739e10
0.02464	4.93607346e10
0.02466	4.92475044e10
0.02468	4.91345832e10
0.0247	4.90219711e10
0.02472	4.8909668e10
0.02474	4.8797674e10
0.02476	4.86859891e10
0.02478	4.85746132e10
0.0248	4.84635463e10
0.02482	4.83527885e10
0.02484	4.82423398e10
0.02486	4.81322e10
0.02488	4.80223694e10
0.0249	4.79128477e10
0.02492	4.78036351e10
0.02494	4.76947315e10
0.02496	4.7586137e10
0.02498	4.74778515e10
0.025	4.7369875e10