0.0	0.0
-0.00099689033563091048855692935084105	0.00023727641977887401044700037633039
-0.00199464674744930538561308731986211	0.000474640009781172435316013152580849
-0.00299327082149174161963622302613786	0.000712090791439881684529348834490554
-0.00399276414821296388439375427313457	0.000949628786084585849943697806584911
-0.00499312832250249278149401070711545	0.00118725401494056485665946732506691
-0.00599436494370129165949670843180034	0.00142496649912788630070659843886482
-0.0069964756156185125994950620649809	0.00166276625966049092721110125600069
-0.00799946194654832200008557854370741	0.00190065331744527170277992021191503
-0.00900332554928680621767837648317405	0.00213862769328114643547191944281162
-0.0100080680411489577211610364777995	0.0023766894078581238953497315257321
-0.0110136910439857422230127142527185	0.00261483848175636338823090990604056
-0.0120201961842012472520727448457274	0.00285307493544522773487723515964896
-0.0130275850927699126362994388252406	0.00309139878928232960747811637465223
-0.0140358594052538433670104297372842	0.00332981006351257117489776960003811
-0.0150450207618202053192759863606397	0.00356830877826717700776621338103893
-0.0160550708072587043063413668207493	0.00380689495356272019410106442925242
-0.0170660111909991489491837791285939	0.00404556860930014161575061166934396
-0.0180778435671290978455640413237695	0.00428432976526376233554866112828293
-0.019090569594411591526212823281352	0.00452317844112028904466814390596336
-0.0201041909363029696890966226995644	0.00476211465641781251925343095504266
-0.0211187092609707742060396032921877	0.00500113843058479903500066741526951
-0.0221341262413117383993343294245013	0.0052402497829290746879411912468282
-0.0231504435549698630893574962224307	0.0054794487326368025692652009785808
-0.0241676628843545799176162076531532	0.005718735298771452741601250253585
-0.0251857859166590024530864295810186	0.00595810950027276496374183686752642
-0.0262048143438782655931681749867589	0.00619757135595570411037628513170255
-0.027224749862827953774072001349035	0.00643712088450940823295925624692841
-0.0282455941751626185089687549056803	0.00667675810449612920740652515990783
-0.0292673489873943857757794247752122	0.006916483034350165913869096912224
-0.0302900160109116537800547157477589	0.00715629569237678989339226321398482
-0.0313135969619978816219947583779241	0.00739619609675116342581778291146539
-0.0323380935618504694002884976946372	0.00763618426551724997283496980075241
-0.0333635075365997302891099887109879	0.00787626021658671692963004909045968
-0.0343898406173279551282953317849426	0.00811642396773783062812266054756278
-0.0354170945400885700704395600802081	0.00835667553661434353431380236652557
-0.0364452710459253878323977037789934	0.00859701494072437358180078505728692
-0.0374743718808919531024487627498283	0.00883744219743927558304185870055861
-0.0385043987960709826581856851181334	0.00907795732399250465947604888657388
-0.039535353547593900754028940296821	0.00931856033747847163112234521743124
-0.040567237896660470341126160837653	0.00955925125485139030579668965409249
-0.0416000536095585206862958799759947	0.00980003009292411660759516802154766
-0.0426338024576837719605998856922327	0.0100408968683669794837973739931086
-0.0436684862175597573720864249780887	0.0102818515977066035288450477442895
-0.0447041066708578434212357040267572	0.0105228942973247232635477476236549
-0.0457406656044173488616601243200397	0.0107640249834569890071594485906662
-0.046778164810265762952664756958568	0.0110052436721917642794575313047269
-0.0478166060856390635943589768369731	0.0112465503794689146694385856231466
-0.0488559912330021359401282460689647	0.0114879451210785881067237564028239
-0.0498963220600692920854260470152992	0.0117294279126599864712399619361304
-0.0509376003798248924360302169231847	0.0119709987697001284762121696258306
-0.0519798280105440693631257291099614	0.0122126577075326037589659726562995
-0.0530230067758135537568276034095097	0.0124544047413363181134989279815839
-0.0540671385045526050940434179050052	0.0126962398861342297982334419453077
-0.0551122250310340456408951445539652	0.0129381631567920768518133767748329
-0.0561582681949053994142750560630021	0.0131801745680170953492509500296232
-0.0572052698412101365315005663513261	0.0134222741343567285301698602778852
-0.0582532318204090235814583914195655	0.0136644618701973267303248457356534
-0.0593021559884015806550896739201604	0.0139067377897628380470070176947057
-0.0603520442065476456775650289904381	0.0141491019071134896683682561063879
-0.0614028983416890466890321700562464	0.0143915542361444597961166589378061
-0.0624547202661713827253891937900202	0.0146340947905845400904484475723291
-0.0635075118578659139551440790485194	0.0148767235839947885654897947159331
-0.0645612750001915617330658246846079	0.0151194406297671728629247055465049
-0.0656160115821370192360152583521584	0.0153622459411232038308822931736786
-0.0666717234982829733510642390356255	0.0156051395311125593345484912411663
-0.0677284126488244384907710998118743	0.0158481214126116982243533844840113
-0.0687860809395932030152780876513576	0.0160911915983224643869658564279734
-0.0698447302820803889457336108731892	0.0163343501007706808037020957544376
-0.0709043625934591256584186628336637	0.0165775969323047335403236121005314
-0.0719649797966073382538732169075383	0.0168209321050941455915637305434836
-0.073026583820130651300275050921821	0.0170643556311281405030790034204162
-0.0740891765983854086553207308208908	0.0173078675222141956928735395086878
-0.0751527600715018100758967392122282	0.0175514677899765853935898443382054
-0.0762173361854071653299083541751391	0.0177951564458549131363993312701672
-0.0772829068918492665297552508447848	0.0180389335011026336965591400369241
-0.0783494741484198794121063003121477	0.0182827989667855644200292261034864
-0.0794170399185783542938320688217732	0.0185267528537803858498647982110918
-0.0804856061716753574392024706764761	0.0187707951727731315704140198374601
-0.0815551748829767235787493003501655	0.0190149259342576671866593894007295
-0.0826257480336874303255293668971526	0.0192591451485341583553433094836225
-0.0836973276109756952399040848595496	0.0195034528257075277838139820868944
-0.0847699156079971962993760527922185	0.0197478489756859011118168591404364
-0.0858435140239194165354927898230914	0.0199923336081790415907393686798559
-0.0869181248639461136053428232676805	0.0202369067326967734740924599698522
-0.0879937501393419150707301515389271	0.0204815683585473940322815974088349
-0.0890703918674570401637201762032583	0.0207263184948360741039821145102347
-0.090148052071752148822903939295246	0.0209711571504632470956892460865059
-0.0912267327818233187904283557319344	0.0212160843341229863402616186478152
-0.092306436033427151565588539281934	0.0214611000543013707245184248694696
-0.0933871638685060080165747321190036	0.021706204319274838495184865886175
-0.0944689183352133744578112153105186	0.0219513971371085291517076424386712
-0.0955517014879393600062183582089454	0.0221966785156546133336822390164804
-0.0966355153873363260356721210008375	0.0224420484625506106098463997725432
-0.0977203621003446485549283238712491	0.0226875069852176950747994659604566
-0.098806243700218614340322310543873	0.0229330540908589886588050559475259
-0.0998931622665524516606487405317127	0.0231786897864578420552248436169417
-0.100981119885306496437771625502211	0.0234244140787761031693138514550696
-0.102070118648833494692711868055325	0.0236702269743523729912826422143661
-0.103160160655905042133208958432214	0.0239161284795002487956989882517171
-0.10425124801173816174505563394371	0.0241621186003065545684609400716724
-0.105343382828022020255859710249367	0.0244081973426295585617246239514941
-0.106436567222944784346296461399684	0.0246543647120971778763134905680823
-0.107530803321220617490378370560801	0.0249006207141051699702710291329124
-0.108626093254116818312787314836507	0.0251469653538153109913460705751245
-0.109722439159481101357887810393509	0.0253933986361535608303186437460844
-0.1108198431817690211716693585982	0.0256399205658082147911848344367453
-0.111918307472071540604551736177106	0.0258865311472280417733211412101778
-0.113017834188142744249729804350869	0.0261332303846204088598423366743138
-0.114118425494427697938534621105213	0.0263800182819493922054517388711112
-0.11522008356209045522114588077259	0.0266268948429338741161589849405939
-0.116322810569042211767907535373923	0.0268738600710456262123077871074003
-0.117426608699969608633474438199255	0.0271209139695073785654146472699107
-0.118531480146363185333053563467399	0.0273680565412908746983690179315932
-0.119637427106545983687099374339259	0.0276152877891149123375858297193006
-0.120744451785702303397979819044954	0.0278626077154433698047325640234395
-0.121852556395906610329347821709623	0.0281100163224832179346750370176225
-0.122961743156152598466233597300971	0.0283575136121825174052986810121161
-0.124072014292382406541216262110004	0.0286050995862284013638652621880029
-0.125183372037515990319439641991212	0.0288527742460450432335585605357777
-0.126295818631480651542707516523799	0.029100537592791609582856457423452
-0.127409356321240724540428401303197	0.0293483896273601979393410266234856
-0.128523987360827421522779992500916	0.0295963303503737594285225026363706
-0.129639714011368837579129214269575	0.029844359762184006117207301371511
-0.130756538541120116412476064088422	0.0300924778628693029398844870865368
-0.131874463225493777848488794338496	0.0303406846522325440855391091262073
-0.132993490347090208165565057970907	0.0305889801297990137212245643863042
-0.13411362219572831430028914698812	0.0308373642948142309276394672485067
-0.135234861068476342990660036780287	0.0310858371462417787208573174128503
-0.13635720926968286592753929670205	0.0313343986827611170332494357342281
-0.137480669111007931992912724654714	0.0315830489027653795255230756870346
-0.138605242911454387671775505420559	0.0318317878043591541006671989588819
-0.139730932997399366732738481288498	0.0320806153853562469894580120979206
-0.140857741702625950280813469057073	0.0323295316432774302760248799454964
-0.141985671368354998294269177574982	0.0325785365753481727308145422456595
-0.143114724343277153765956900278839	0.0328276301784963538171175424190852
-0.144244902983585020578087511432153	0.0330768124493499607361353107021283
-0.145376209653005516248099124797234	0.033326083384234768374369304942048
-0.146508646722832400691988829340648	0.0335754429791720020159048771282013
-0.147642216571958982160292956659497	0.0338248912298759826809419765901769
-0.14877692158691100151078912591845	0.0340744281317517549506922945956851
-0.149912764161879695990960629528577	0.0343240536798926971375178712270125
-0.15104974669875504371231035053041	0.0345737678690781136579293937847027
-0.152187871607159190007738133352684	0.0348235706937708094647932849073235
-0.153327141304480056872403164834666	0.0350734621481146463938150749002875
-0.154467558215905136697782272606021	0.0353234422259320812780723416555158
-0.155609124774455471518006932658116	0.0355735109207216856830635466449799
-0.156751843421019818997017025932825	0.0358236682256556471134192587990059
-0.157895716604389006394608833006034	0.0360739141335772515410894000145817
-0.159040746781290473759079253861867	0.0363242486369983471034741253042025
-0.160186936416423007603878643268933	0.036574671728096788818606624239753
-0.161334287982491666335481827947276	0.0368251833987138641631233537178146
-0.162482803960242898709571695877654	0.0370757836403516993573708388014726
-0.163632486838499856602603106954801	0.0373264724441706462005980603653469
-0.164783339114197903395877663927109	0.037577249800986649297769435606109
-0.165935363292420319279413009526408	0.0378281157012685935181053385128491
-0.167088561886434204793134696455982	0.0380790701351356315240148486416625
-0.168242937417726583933255238436201	0.0383301130923544912076288026930065
-0.16939849241604070816213463027966	0.0385812445623367628706700972762129
-0.170555229419412562670440371098595	0.0388324645341361659819123938073559
-0.171713150974207576251043796129672	0.0390837729964457953449777467611571
-0.172872259635157536154804289099497	0.0393351699375953465077080515888495
-0.174032557965397709309204689401511	0.0395866553455483202428144236681322
-0.175194048536504171291710918652009	0.039838229207899205927962507831298
-0.176356733928531344460737532809301	0.0400898915118706436518901104765394
-0.177520616730049746658209573816573	0.0403416422443105648715762721227565
-0.178685699538183951908920775123256	0.040593481391689311443887784574735
-0.179851984958650764553199906673017	0.0408454089400967328535200285884686
-0.181019475605797608260811877151927	0.0410974248752392614574236879135651
-0.182188174102641131385539206665304	0.0413495291824369655642672045439489
-0.183358083080906030131513715969539	0.0416017218466205801658265964588539
-0.184529205181064091014098835711365	0.0418540028523285151355192794107034
-0.185701543052373454109960920136373	0.0421063721837038407076066325110091
-0.186875099352918098602914466424693	0.0423588298244912500488810353152532
-0.188049876749647552144182318049149	0.0426113757580339987329267913574941
-0.189225877918416825557878906199113	0.0428640099672708209253005468587492
-0.190403105544026574434803508422444	0.0431167324347328220862153185017594
-0.191581562320263489170022542608751	0.0433695431425403479955328632170104
-0.192761250949940915012226245191697	0.0436224420723998299030716559345655
-0.193942174144939703705466896602374	0.0438754292056006056054219858498794
-0.195124334626249298316624260047026	0.0441285045230117162486254330762758
-0.19630773512400905285480031114644	0.0443816680050786786542230382462288
-0.197492378377549788301820889627081	0.0446349196318202329643046177657032
-0.198678267135435586686117848274945	0.044888259382825065399300694527843
-0.199865404155505824845482871530865	0.0451416872372485059203481928464243
-0.20105379220491744953752466398782	0.0453952031738092005861311694178016
-0.20224343406018749557012596019341	0.0456488071707857583921481988189745
-0.203434332507235848637787089284432	0.045902499206013372378388379233457
-0.204626490341428254563459964176574	0.0461562792568804147894080458420471
-0.205819910367619576659321693961964	0.0464101473003250060687899469028737
-0.20701459540019730293391189426462	0.0466641033128315574679356194216007
-0.208210548263125304887163563981099	0.0469181472704272870470897630540451
-0.209407771789987849649095494689482	0.0471722791486787088444223151550746
-0.210606268824033867232305984040614	0.0474264989226880949868994364051041
-0.211806042218221474682914556259959	0.0476808065670899105145584819345937
-0.213007094835262758929241887924273	0.0479352020560472206876640110232718
-0.214209429547668820142299648922721	0.0481896853632480705440617298984638
-0.21541304923779507743708296772853	0.0484442564619018364718647144068354
-0.216617956797886838758720205056921	0.0486989153247355495604010667414026
-0.217824155130125136812739176660777	0.0489536619239901904901240641276328
-0.219031647146672832914057428374099	0.0492084962314169557199345953234095
-0.220240435769720990644798176712806	0.0494634182182734947280909875956996
-0.221450523931535521226674646982015	0.0497184278553201180605829337985583
-0.222661914574504102529475347202667	0.0499735251128159759385238642123661
-0.223874610651183373653122908474693	0.0502287099605152071737694954091315
-0.225088615124346407036871118038391	0.0504839823676630581395991496094816
-0.226303930967030460065450307117203	0.050739342302991971540900490301604
-0.227520561162585008158371988156695	0.0509947897347176447258772772427164
-0.228738508704720061345161241806715	0.0512503246305350572788533166859278
-0.229957776597554766346001529640552	0.0515059469576144676312736774306802
-0.231178367855666296194153071373715	0.0517616566825973784255061630285084
-0.232400285504139029453544413209668	0.0520174537715924703635216743656384
-0.233623532578614021102139085918735	0.0522733381901715042699811602486377
-0.234848112125338767169047087693907	0.0525293099033651910966790280254316
-0.236074027201217265230886129679291	0.0527853688756590295926878592421119
-0.237301280873860372890601975191586	0.0530415150709891113619167304462757
-0.238529876221636466379832633105784	0.0532977484527378930271350560446855
-0.239759816333722401443949500202091	0.0535540689837299352168253240594627
-0.240991104310154778687131677817677	0.0538104766262276080885110580066187
-0.2422237432618815155732295293655	0.0540669713419267630994604760405658
-0.24345773631081372729675203504128	0.0543235530919523707328912947999547
-0.244693086589877918757071599940536	0.054580221836854123884997598560266
-0.245929797243068489887881667507268	0.0548369775366020066152853184679627
-0.247167871425500556613068791772285	0.0550938201505818279598382914735114
-0.248407312303463089719473763962179	0.0553507496375907205042417392605376
-0.249648123054472373956518031567269	0.0556077659558326034099639645773758
-0.250890306867325789692364076034893	0.0558648690629136095850397418697197
-0.252133866942155919476163739824199	0.0561220589158374766869099122410046
-0.253378806490484981876028851626838	0.056379335471000901642250706013922
-0.254625128735279594982636053573519	0.0566366986841888583655729311793759
-0.255872836911005871988854676461779	0.0568941485105698783552849995413446
-0.257121934263684851276465055878978	0.0571516849046912938427944261667148
-0.258372424050948263461917078523402	0.057409307820474443167069538553496
-0.259624309542094637874167266933994	0.0576670172112098380438962713482325
-0.260877594018145750958929653419852	0.0579248130295522923958436968952051
-0.262132280771903419125183390123832	0.0581826952275160124056959425450875
-0.263388373108006638571500850840672	0.058440663756469647452816958311327
-0.264645874342989074651696289911914	0.0586987185671313015885878035476442
-0.265904787805336903361449352610499	0.0589568596095635052036932937486075
-0.267165116835547007549932328593933	0.059215086833168146536635557697354
-0.268426864786185530483067484667217	0.0594734001866813626694158647020899
-0.269690035021946789407863615836386	0.0597317996181683896528525495486655
-0.27095463091971255179033165662517	0.0599902850750183714004915412116042
-0.272220655868611676922760372078169	0.0602488565039391269865164365770831
-0.273488113270080125619647406471049	0.0605075138509518759794767927256228
-0.274757006537921340745330947109878	0.06076625706138592144002587492126
-0.276027339098367001340355633739477	0.0610250860798732902071920204264915
-0.277299114390138153137835817864212	0.0612840008503433300940005824353476
-0.278572335864506718285552591918201	0.0615430013160172636095156192859029
-0.279847006985357387114240941723628	0.0618020874194026978205816007502415
-0.281123131229249894817492738368301	0.0620612591022880899627149181600354
-0.282400712085481685933922924639189	0.0623205163057371684057224043541611
-0.283679753056150969547723049893992	0.0625798589700833085757088821692534
-0.284960257656220168149461185980764	0.0628392870349238634311774488685391
-0.286242229413579763124983173104356	0.0630988004391144480869242440492811
-0.2875256718691125398665300938303	0.0633583991207631781753833087114705
-0.288810588576758235526713889552848	0.0636180830172248615309862847308456
-0.290096983103578592462790189519669	0.0638778520650951427789655811689778
-0.291384859029822820445737830182713	0.0641377062002046004058476935679516
-0.292674219948993470736001354572557	0.0643976453576127958846550440907517
-0.293965069467912725155379190539457	0.0646576694716022744235594460234158
-0.295257411206789103312449447242541	0.0649177784756725169024075100522794
-0.296551248799284591167120617168146	0.0651779723025338425571674184162824
-0.297846585892582194148379244580267	0.0654382508841012619679269051893397
-0.299143426147453918068084182010128	0.0656986141514882799016033972662514
-0.300441773238329181102730809152406	0.06595906203500064755600848370094
-0.301741630853363660144481982567344	0.0662195944641300637473395752498328
-0.30304300269450857485243901398173	0.0664802113675478245785511673349751
-0.304345892477580412765109179349911	0.0667409126730984211213858957233374
-0.3056503039323310988653197259684	0.0670016983077930846401209339911315
-0.306956240802518613019435703467681	0.0672625681978032788803075755554816
-0.308263706845978058743663876585924	0.0675235222684541389409504121119325
-0.309572705834693186781471211622892	0.0677845604442178562436866971355373
-0.31088324155486837700771774164503	0.0680456826487070091075855909912639
-0.312195317807001082207003834747313	0.0683068888046678384331903372110486
-0.313508938405954737305964892191759	0.0685681788339734679943733222957626
-0.314824107181032137671816217323064	0.0688295526576170688314637191268774
-0.316140827976049290122361201906672	0.0690910101957049672339392921886859
-0.317459104649409740325931106609389	0.0693525513674496957957472269541377
-0.31877894107417938030332865274847	0.0696141760911629870210328016574843
-0.320100341138161739777804533288164	0.0698758842842487089527086028321085
-0.321423308743973765153409987387323	0.0701376758631957422908900417322852
-0.322747847809122089936744015335461	0.070399550743570798462754391961568
-0.324073962266079800452154946726261	0.0706615088400111780998496635972946
-0.325401656062363700735867278839158	0.0709235500662174693732855693905376
-0.326730933160612080530290397270394	0.0711856743349461856315808268924092
-0.328061797538662990335930458780854	0.0714478815580023417802182682026864
-0.329394253189633027514874898952909	0.0717101716462319688361708768124083
-0.330728304121996637476755327241716	0.0719725445095145660848071076698348
-0.332063954359665934015423653762697	0.0722350000567554902606618295115747
-0.333401207942071042902302882712477	0.0724975381958782811675691032846828
-0.334740068924240972880502897283051	0.0727601588338169231475939108234153
-0.336080541376885018242327605423302	0.0730228618765080418020709954010737
-0.337422629386474697211747935430991	0.0732856472288830353618592796156206
-0.338766337055326230392780352179472	0.0735485147948601400976489830590815
-0.340111668501683563584497863301373	0.0738114644773364291548146564542908
-0.341458627859801939303615022826938	0.0740744961781797441908899516301255
-0.342807219280032021396235410049813	0.0743376097982205591872481159844891
-0.344157446928904577161434726733499	0.0746008052372437758000049808127879
-0.345509314989215721450880350726062	0.0748640823939804496085176364369213
-0.346862827660112727250664315827548	0.0751274411660994466131310711447801
-0.348217989157180407293956737316554	0.0753908814501990293270257993306283
-0.349574803712528071295976225719334	0.075654403141798371800140906583777
-0.350933275574877063446128460024281	0.0759180061353290029061879711427337
-0.352293409009648884835989534582166	0.0761816903241261772167309428927432
-0.353655208299053905546112738680211	0.0764454556004201727791842189305107
-0.355018677742180671159421941032701	0.0767093018553275151083747796309164
-0.356383821655085808514227680702507	0.0769732289788421266940232568584281
-0.357750644370884535555669440707173	0.0772372368598264013191220967162919
-0.359119150239841780190655513410913	0.0775013253860022024767254375367271
-0.360489343629463913098146554859621	0.0777654944439417851651138182282227
-0.361861228924591099493916651329495	0.0780297439190586403336562149298272
-0.363234810527490274896732855443211	0.0782940736955982612439610110158986
-0.364610092857948749991227149569362	0.0785584836566288310030851559486788
-0.365987080353368449731600208923436	0.078822973684031830517655764389111
-0.367365777468860791879700805027314	0.0790875436584925661097495331777533
-0.368746188677342210220974943690638	0.0793521934594906160272713775745536
-0.37012831846963032775228169614564	0.0796169229652901950733733589664223
-0.371512171354540785186635078504767	0.0798817320529304365711570254815306
-0.372897751858984730171560281313753	0.0801466205982155908715054275674985
-0.374285064528066972669955164026995	0.0804115884757051396033939968957747
-0.375674113925184812005131425036859	0.080676635558703824857430864268531
-0.377064904632127541125081554210017	0.0809417617192515924846756965707148
-0.378457441249176633694984992532828	0.0812069668281134486839803906862115
-0.379851728395206619681537387903939	0.0814722507547692290421835902428268
-0.381247770707786655147868079078052	0.0817376133674032791824725854092501
-0.382645572843282792033610700944016	0.0820030545328940461670992925419982
-0.384045139476960953751117933028823	0.0822685741168035797914002442064938
-0.385446475303090622485871870020497	0.0825341719833669428967223847052519
-0.386849585035049244146844351957865	0.082799847995481529820395473924802
-0.388254473405427356970915041177384	0.0830656020146962920913165433576639
-0.389661145166134449844467378451776	0.0833314339012008704700205906189914
-0.391069605088505556464962215838232	0.0835973435138146324223029881095106
-0.392479857963408591525644452802499	0.083863330709975614105531340159275
-0.393891908601352435167578061721953	0.0841293953457293659367361501634818
-0.395305761832595772004938269649277	0.0843955372757177008013990303172129
-0.396721422507256691091925282193518	0.0846617563531673439515626528932606
-0.3981388954954230532628108377077	0.0849280524298784836314665304145247
-0.399558185687263632340496241066608	0.0851944253562132214583653244855067
-0.400979297993140036773557653899314	0.0854608749810839215755099961032287
-0.402402237343719418327090754363022	0.0857274011519414575834649748921618
-0.403827008690087974518752003140408	0.0859940037147633562449948656944457
-0.405253617003865251558237380808237	0.0862606825140418369476802265304859
-0.406682067277319254616051453543953	0.0865274373927717458972118133658141
-0.408112364523482372315809981043508	0.0867942681924383840029645381799574
-0.409544513776268122413498149804568	0.0870611747530052274059643434451691
-0.410978520090588725697084191768148	0.0873281569129015395877313458523472
-0.412414388542473515210675078173057	0.0875952145090098739867090037180607
-0.413852124229188187979007759533982	0.0878623473766534660370697454289243
-0.415291732269354906480506808255959	0.0881295553495835135326204602106977
-0.416733217803073257190418221587417	0.088396838259966344206314466864044
-0.418176585992042073589660630682547	0.0886641959383704694035079795309455
-0.419621842019682131110030470637172	0.0889316282137535227145765894079632
-0.421068991091259721562268196129542	0.0891991349134490824198287531656536
-0.422518038434011114670249945589561	0.0894667158631533765868165658968904
-0.423968989297267914412224902434557	0.0897343708869118696471470090591316
-0.42542184895258331794858488738668	0.090002099807105729266737179035471
-0.42687662269385928499514153035333	0.0902699024444381723101324625762058
-0.428333315837474625581309982417515	0.0905377786179206886860149399078905
-0.429791933722414014213968989190993	0.0908057281448591418473681379935226
-0.431252481710397938550097892603249	0.0910737508408397447059312628604316
-0.432714965186013590764594584095449	0.0913418465197149097065688123266864
-0.434179389556846709883967614720949	0.0916100149935889717929975731659724
-0.435645760253614383441883788148456	0.0918782560728037829819499665131148
-0.437114082730298816898853030336359	0.0921465695659241772483080106961187
-0.438584362464282079355658755285666	0.0924149552797233044090132714173409
-0.440056604956481834178508144987972	0.0926834130191678316786424755327182
-0.441530815731488063243296756686864	0.092951942587403011554433346664495
-0.443007000337700793596869896572866	0.093220543785737614673248007751211
-0.444485164347468835424733705753648	0.0934892164136287262674692750657078
-0.445965313357229540307336560109382	0.0937579602686664048311355856409058
-0.447447452987649588840821081050537	0.0940267751465582015917303578820303
-0.448931588883766816793053905826912	0.0942956608411135393669484421499899
-0.450417726715133089061789720264611	0.0945646171442279493694630885510512
-0.451905872175958230799033493656565	0.0948336438458671645062086121172396
-0.453396030985255025164046192614838	0.0951027407340510677019736940641607
-0.454888208886985287267010547219648	0.0953719075948374937601649981301246
-0.45638241165020702396615100366119	0.0956411442123058832564474317954897
-0.457878645069222689283102377495605	0.0959104503685407869435928236960081
-0.459376914963728545304561729430494	0.0961798258436152191282698517621168
-0.460877227178965138542754688412675	0.0964492704155738584626815224094519
-0.462379587585868901833018174690734	0.0967187838604160945758990993650759
-0.463884002081224891953863825708648	0.0969883659520789189514497894628605
-0.46539047658782067326325826921828	0.0972580164624196584391863372344738
-0.466899017054601357754555866410618	0.097527735161198549770696531924512
-0.468409629456825812046565089892923	0.0977975218160611534284960066079951
-0.469922319796224041934640019740124	0.0980673761925206051999850707425743
-0.471437094101155765243482539319336	0.0983372980539397037276360695483524
-0.472953958426770183837537990763647	0.0986072871615128323471082533302095
-0.474472918855166965761486908534695	0.098877343274247713484958655938376
-0.475993981495558448601397895380014	0.0991474661489469938673262531119604
-0.477517152484433075276631956610271	0.0994176555401896587704088669385644
-0.479042437985720073593597201369956	0.0996879112003122735227240088539496
-0.480569844190955391014965611254278	0.0999582328793900504480421544628337
-0.482099377319448896222001753062574	0.100228620325217739416499799038146
-0.483631043618452859173238393237585	0.100499073283290340149735967859875
-0.485164849363331721489887815736247	0.100769591496783634403945499394786
-0.48670080085773316912712245730853	0.101040174706534536132501163126096
-0.488238904433760519420716810548034	0.101310822651021257707260230471118
-0.489779166452146434730537319425309	0.101581535066343290254835129726408
-0.491321593302427975036021482085253	0.10185231168620119614096785635608
-0.492866191403123001974125229602831	0.102123152241876211612699377869811
-0.49441296720190794694726289214356	0.102394056462209657584263794084343
-0.49596192717579695606754110408743	0.10266502407358215652855783984646
-0.497513077831322424844121635967016	0.102936054799892653411634723147894
-0.499066425704716935662863569568609	0.103207148362537238582942474150687
-0.500621977362096611251518053521143	0.103478304480387770508966058066785
-0.502179739399645897469705101848108	0.103749522869770296212534514704461
-0.503739718443803788910717957719546	0.104020803244443267254314285460158
-0.505301921151451510951903295653585	0.104292145315575549066922546811942
-0.506866354210101672041982268125141	0.104563548791724221425654575219279
-0.50843302433808890016723584895076	0.104835013378812167813021622511695
-0.510001938284761977594006267408706	0.105106538780105451407135096036785
-0.511573102830677488142493202828146	0.105378124696190475396443537031156
-0.513146524787794991406377924097609	0.10564977082495092529542540554566
-0.514722210999673738494420291091066	0.105921476861544490907557349469704
-0.516300168341670944033872546962063	0.106193242498379365553208702724715
-0.517880403721141629341370674582992	0.106465067425090520151052571055023
-0.519462924077640051834929820367147	0.10673695132851574971212607233601
-0.521047736383122735930816466919656	0.107008893892671489775811051213216
-0.522634847642153120841428743634823	0.10728089479872840028673573257187
-0.524224264892107840864920110738855	0.107552953724986714380911058439888
-0.52581599520338465393418378426542	0.107825070346851349518306506387725
-0.527410045679612034372009381405355	0.108097244336806778367532544596037
-0.529006423457860445980763609417774	0.108369475364391656816323960157218
-0.530605135708855311778868216330522	0.108641763096173206449103411807605
-0.532206189637191696882686265585173	0.10891410719572134880004090132536
-0.533809592481550721221218075898761	0.109186507323582588656705508544663
-0.535415351514917718962287467772025	0.109458963137253643655623654527632
-0.537023474044802161722704475726279	0.109731474291154817376806186813643
-0.538633967413459362831260238833934	0.110004040436603113109577438198388
-0.540246838998113980112381823146606	0.110276661221785085426825689698636
-0.541862096211185334859888355075131	0.110549336291729426669088635545674
-0.543479746500514564874584808603209	0.110822065288279285403681839928355
-0.545099797349593629646446514719941	0.111094847850064313887364996426592
-0.546722256277796185971927053742377	0.11136768361247244152381212173139
-0.54834713084061035250950644990772	0.111640572207621371269399568319941
-0.549974428629873381992028019911057	0.111913513264329795902541719508368
-0.551604157274008260032694060890928	0.112186506408088331032980085626471
-0.553236324438262249682846760971761	0.11245955126103016168805875774059
-0.554870937824947401123895987220708	0.112732647441901399273089153318222
-0.55650800517368304610301542433213	0.11300579456603114566241091371053
-0.558147534261640296952559151665919	0.113278992245301261136684739969128
-0.559789532903788570266599196851327	0.113552240088115832840297778418311
-0.561434008953144155544598737689506	0.113825537699370340390513628131562
-0.56308097030102084935206410875359	0.114098884680420515227147713946659
-0.564730424877282675791111110260024	0.11437228062905089024808506006841
-0.566382380650598714320287672931098	0.11464572513944303623187165085335
-0.568036845628700056212766931516663	0.114919217802143481503892645004197
-0.569693827858638911195214315204294	0.115192758204031311257290609493497
-0.571353335427049886066292392074906	0.11546634592828544289376437345395
-0.573015376460413457353951844066193	0.115739980554351573702713600897102
-0.574679959125321660334420973540631	0.116013661657908797149845089282086
-0.576347091628746017003205383461723	0.116287388810835883998323273794779
-0.578016782218307725859500735734699	0.116561161581177224436818416456206
-0.579689039182550136640262575090832	0.116834979533108427339370249402236
-0.581363870851213533418826920090792	0.11710884222690157273183098633778
-0.583041285595512249765493511603131	0.117382749218890113488767973710266
-0.584721291828414139953931167849188	0.117656700061433422233080972936685
-0.586403898004922430487703591800718	0.11793069430288097935821008321719
-0.588089112622359976515707272926305	0.118204731487536198039665349810388
-0.58977694422065594800392499747264	0.11847881115561988204868565212669
-0.591467401382634970833694242832563	0.118752932843233312126119800467527
-0.593160492734308748303735854306241	0.119027096082320956619103929905768
-0.594856226945170188824552540702153	0.11930130040063280202677306962776
-0.596554612728490065909557737789485	0.119575545321686299044077751057648
-0.59825565884161623688750336344343	0.119849830364727919634765018532102
-0.59995937408627544708551126633472	0.120124155044694320605713292807403
-0.601665767308877746561350369993909	0.120398518872173109095068026213139
-0.603374847400823546797613558031169	0.120672921353363205325995534977334
-0.60508662329881334510921048531649	0.120947361990034797916341090267222
-0.606801103985160144859181340681039	0.121221840279488886972029315565996
-0.608518298488104599926330118430756	0.12149635571451641012866491903326
-0.610238215882132912221653578119023	0.121770907783356946641464248924061
-0.611960865288297511409084622492006	0.122045495969656994558357274255094
-0.613686255874540546349758607466834	0.122320119752427815944829244988301
-0.615414396856020218157931917361949	0.122594778606002845061805060355065
-0.617145297495439985130919322200922	0.122869471999994654329600549787019
-0.618878967103380670195057068279179	0.123144199399251472841656416143522
-0.620615415038635501894830814014614	0.123418960263813252121415155712749
-0.622354650708548120343021507443864	0.123693754048867273744281179759268
-0.624096683569353579946109860864029	0.123968580204703293374101613235031
-0.625841523126522381121334651206559	0.124243438176668215690001494972036
-0.627589178935107563629816823156058	0.124518327405120294604683662837198
-0.629339660600094894564137214560587	0.124793247325382853099441437717062
-0.631092977776756184448789372397572	0.125068197367697516924111923441363
-0.632849140171005765338120924576506	0.125343176957176956331999550883944
-0.634608157539760165228829727892123	0.125618185513757129940403274305624
-0.636370039691301013542898841209168	0.125893222452149024726766055305027
-0.638134796485641212882143536457654	0.126168287181789886088611033287766
-0.639902437834894412707412304674934	0.12644337910679393181231377174316
-0.641672973703647821054042413080068	0.126718497625902543711362470895391
-0.643446414109338390860531363441708	0.126993642132433930609055918467084
-0.645222769122632417959663044696405	0.127268812014232256253559656542344
-0.647002048867808588260638072175117	0.127544006653616225664861386278213
-0.64878426352314451213722057051631	0.12781922542732712332341358402548
-0.650569423321306784530649542292566	0.128094467706476296519100781563665
-0.652357538549744609777195317774115	0.128369732856492077086596628081074
-0.654148619551087030678896092726795	0.128645020237066134659156890060798
-0.655942676723543801852314310937655	0.128920329202099254477403664534246
-0.65773972052130994791423815747574	0.129195659099646532692667497488561
-0.659539761454974047595252711180581	0.12947100927186198200594152740324
-0.661342810091930285412153919327879	0.129746379054942540383438416627508
-0.663148877056794313078414661717202	0.130021767779071475488099370122273
-0.664957973031822963388476577661455	0.130297174768361177363157117098969
-0.666770108757337859876677560322338	0.130572599340795331798972945483305
-0.668585295032152966125279169780169	0.130848040808170466707822773385811
-0.670403542714006119178479797983118	0.131123498476036863723069287552921
-0.672224862719994592110640242212702	0.131398971643638827129196265635224
-0.67404926602701473139736336587069	0.131674459603854302117466621779699
-0.67587676367220571534771671658109	0.131949961643133834248466160520088
-0.677707366753397480474927380436501	0.132225477041438861887478558187818
-0.679541086429562863311476171021152	0.132501005072179333261471145498071
-0.681377933921274005812840888611648	0.132776545002150639667422422503203
-0.683217920511163073142356526963021	0.133052096091469856240757017955392
-0.685061057544387333287947994128315	0.133327657593511281569737452198496
-0.686907356429098648630025618102262	0.133603228754841267316759326715498
-0.68875682863691743025879639715069	0.13387880881515232888057148758922
-0.690609485703411106528819175548088	0.134154397007196528004458614428431
-0.6924653392285771580390078810978	0.134429992556718118104343151612825
-0.694324400877330771937655590382659	0.134705594682385442957548350244785
-0.696186682379997169174609248563829	0.134981202595722079257575479747058
-0.698052195532808659056670022430487	0.135256815501037213402646260721875
-0.699920952198406476207831156493518	0.135532432595355242745905721266353
-0.701792964306347455793301557091325	0.135808053068344591393029617781875
-0.703668243853615603635611040657684	0.136083676102245730488492074834572
-0.705546802905138618632668401010532	0.136359300871798392784880110299762
-0.707428653594309425681666682682293	0.136634926544167971140348262948154
-0.709313808123512778119426250383566	0.136910552278871090437543768578529
-0.71120227876465698950936492715983	0.13718617722770034226305485379656
-0.713094077859710855438019797125222	0.137461800534648171529595005928808
-0.714989217821245826830156151717221	0.137737421335829904063686840559402
-0.716887711132983497151229284527684	0.13801303875940590401950174487979
-0.71878957035034846673956316634419	0.138288651925502849814696135891455
-0.720694808101026648398330302966848	0.138564259946134117116511215187171
-0.722603437085529079279518339164908	0.138839861925119257236018747819117
-0.724515470077761305008815587967836	0.139115456958002559115147782202568
-0.726430919925598402932009441115363	0.139391044131970682914962396080263
-0.728349799551465712310343924268112	0.13966662252576935303452340417216
-0.730272121952925340254606561506064	0.139942191209619098207501242900391
-0.732197900203268513165797091629716	0.140217749245130026138455519091238
-0.734127147452113844444364273182272	0.140493295685215619952300323839384
-0.736059876926011590240480957615095	0.140768829574005543538873481046282
-0.737996101929053966044966964979225	0.141044349946757442679661265119419
-0.739935835843491597964575604860979	0.141319855829767728645535328228335
-0.741879092130356183586751012001799	0.141595346240281330752771839911483
-0.743825884330089438417964551538968	0.141870820186400404159579016347807
-0.745776226063178404976680963964098	0.142146276666991978976791766964435
-0.747730131030797202737227225196695	0.142421714671594536554233151229183
-0.749687613015455298254685005822391	0.142697133180323498588422299056182
-0.751648685881652375953754158825258	0.142972531163775614477756491881125
-0.753613363576539891236700372012657	0.143247907582932232127938787417306
-0.755581660130589388757373182475883	0.143523261389061437183187893940443
-0.757553589658267669920237006838021	0.143798591523619045427578352202848
-0.759529166358718894895781767244228	0.144073896918148432865639216982051
-0.761508404516453705696963387166428	0.144349176494179187752009418489368
-0.763491318502045458135868609800587	0.144624429163124568596427179184605
-0.765477922772833651776012590410999	0.144899653826177751922536855504232
-0.767468231873634648313979691570468	0.14517484937420685330684515445218
-0.769462260437459770164935060498021	0.145450014687648704967563782488732
-0.771460023186240872390303334883196	0.145725148636401372911949267241755
-0.7734615349315634824930771244367	0.146000250079715396385003061892018
-0.775466810575407604017237366756008	0.146275317866083732091934223227898
-0.777475865110896281323105808539029	0.146550350833130385391519039450951
-0.779488713623052024370582440912755	0.146825347807497710377320981832739
-0.781505371289561193827633864642855	0.147100307604732360478562140114149
-0.783525853381546448332589093736935	0.14737522902916987092216356340583
-0.785550175264347357276274972887131	0.147650110873817854101994114270202
-0.787578352398309284034303132082765	0.147924951920237788600580706050989
-0.789610400339580646171434649146852	0.148199750938425382302329932471929
-0.79164633474091866075943950914029	0.148474506686689489725582503585328
-0.793686171352503684597789750772324	0.148749217911529563383455492421751
-0.795729926022762260803444423532038	0.149023883347511618660308559377484
-0.797777614699198984942480335850779	0.149298501717142691361681848618558
-0.799829253429237305612987198466392	0.149573071730743766760575274777671
-0.801884858361069376156084576960752	0.149847592086321158621848844568676
-0.803944445744515075970750085819159	0.150122061469436316339196097145034
-0.806008031931890321739006448428019	0.150396478553074037965449444118152
-0.808075633378884790731546668534028	0.150670841997509066556785952378996
-0.810147266645449180260743511691598	0.150945150450171046884580735381337
-0.812222948396692129278868697571048	0.151219402545507819195065308020411
-0.814302695403786930084930964892468	0.151493596904847026316449556374987
-0.816386524544888160104538578724291	0.151767732136256010025614668413115
-0.818474452806058365744325171084335	0.15204180683439997219173342673601
-0.820566497282204932396488893268086	0.152315819580398375812073225141078
-0.822662675178027276780641572763106	0.152589768941679560645632079312478
-0.824763003808974499960222209627964	0.152863653471833547732991206768426
-0.826867500602213641559990901883391	0.15313747171046300666567821451202
-0.828976183097608677940396683150119	0.153411222183032359035257535309676
-0.831089068948710409354736125826578	0.153684903400714991051130596311079
-0.833206175923757383426838540757081	0.153958513860238547866464407718578
-0.835327521906688004641397611182706	0.154232052043728281693596861424514
-0.837453124898163981936908057245373	0.15450551641854842532350887652016
-0.839583003016605268933369985710026	0.154778905437141562188322166821455
-0.841717174499236653814424851844285	0.155052217536865963621086968694155
-0.843855657703146158417339281413118	0.155325451139830863473172160286038
-0.845998471106355408665232697320503	0.155598604652729639746161782381373
-0.848145633308902141105151173697191	0.155871676466670872382093222086209
-0.850297163033935012994046289862429	0.15614466495700724583293453169266
-0.852453079128820886103471372347562	0.156417568483162264497177787255966
-0.85461340056626475719393073440223	0.156690385388454748568103144387566
-0.856778146445442510942408290957617	0.156963113999921077284420123392187
-0.858947335993146673992784464231434	0.157235752628135146009389012431213
-0.861120988564945351739775798473864	0.157508299567026002988930889668869
-0.863299123646354532453879062225869	0.157780753093693131052408670485482
-0.8654817608540239464087781541493	0.158053111468219338921456929700615
-0.867668919936936670785014355429682	0.158325372933481226182202126795161
-0.869860620777622674295694871197342	0.158597535714957185354188155512801
-0.872056883393386498712918435026715	0.158869598020532903855039346072165
-0.874257727937549277768758878749731	0.159141558040304328013082109836647
-0.876463174700705297263429316452095	0.159413413946378050620528538213682
-0.878673244111993303637045614039387	0.159685163892669082847114735268114
-0.880887956740382771751647011223248	0.159956806014695970647990652615432
-0.883107333295975346188278198888995	0.160228338429373215099876575750533
-0.885331394631321673991491028704174	0.160499759234800955385726546330977
-0.887560161742753850492122657570187	0.160771066510051872420055543933969
-0.889793655771733703610225755186516	0.16104225831495527036437191409282
-0.892031898006217145885180058385014	0.161313332689878292524477889116012
-0.894274909882034827400957931799293	0.16158428765550422734841930087968
-0.89652271298428932677294595457868	0.161855121212607859455232317541526
-0.898775329048769121440378679494931	0.162125831341827819819992985411926
-0.901032779963379582667102085157836	0.16239641600343588841965816035727
-0.903295087769591244894880260774977	0.162666873137103201806418352111069
-0.905562274663905603419663091541717	0.162937200661663317220378742350652
-0.907834362999338698774066177844037	0.163207396474872083980948944342461
-0.910111375286922750700746742101319	0.163477458453164272005949547011708
-0.912393334197226109193410837626895	0.163747384451406906398718266330694
-0.914680262561891794766929339006267	0.164017172302649256115993988598084
-0.916972183375194904897597567023749	0.164286819817869423782635442134983
-0.919269119795619168451125130270098	0.164556324785717482752843599326126
-0.921571095147452934891723891698502	0.164825684972255106531042400068539
-0.923878132922404890142965826709463	0.165094898120691634658458160196813
-0.926190256781239796152261208103052	0.165363961951116518143238844903821
-0.928507490555434556498274355026887	0.165632874160228086462172249593141
-0.930829858248854915776825239508538	0.165901632421058577090185911562504
-0.933157384039453106008361286077216	0.16617023438269536741931663583486
-0.935490092280986758931531934649847	0.166438677669998347811185310608342
-0.937828007504759408785434574699904	0.166706959883313373385650350734754
-0.940171154421382916040470301181988	0.16697507859818173098267304445457
-0.942519557922562148517270033522753	0.167243031365045556543927522693076
-0.944873243082902262437718881246166	0.167510815708949136944728636914705
-0.947232235161738932184688980618051	0.167778429129236029064818255349339
-0.949596559604991883910737112430371	0.168045869099241927617813344137441
-0.951966242047042094633863315135808	0.16831313306598321196302961322795
-0.954341308312633025093674233655994	0.168580218449841100799286838625622
-0.956721784418796261417250107329808	0.168847122644241342287492496771376
-0.959107696576801947564065888800616	0.16911384301532936576658670587528
-0.961499071194134397586945205853781	0.169380376901640819815092112348913
-0.963895934876493283964805087444967	0.169646721613767419967305964546788
-0.966298314429820805636550902525058	0.169912874434018027918336485039967
-0.968706236862355246897676021229505	0.170178832616074882544939099445759
-0.971119729386711346015783414871962	0.170444593384644901528645786103197
-0.973538819421987900282356883245631	0.17071015393510597079317616596934
-0.97596353459590304224975717455794	0.170975511433148137358722369722902
-0.978393902746957630108804824999282	0.171240663014409619570537930963982
-0.980829951926627203547754943147414	0.171505605784107546977436280310841
-0.983271710401582965002406768270663	0.171770336816663340416394008003073
-0.985719206655942254964083192619754	0.172034853155322641101509127999735
-0.988172469393548998961950078146577	0.172299151811769695718109566057684
-0.990631527540284612983440526751963	0.172563229765736102684838870874011
-0.993096410246409863446358624763723	0.172827083964603822867033122523699
-0.995567146888938187393653043418333	0.173090711323002356102584253449286
-0.998043767074040988352109154995593	0.173354108722399982935669304089114
-1.00052630063948543328469286381682	0.173617273010688968943090085238576
-1.00301477765710528627852655513475	0.173880201001764626981358679044481
-1.00550922843530532505218118252915	0.174142889475098130578893313496656
-1.00800968352159989704298459654653	0.174405335175302969545534233402773
-1.01051617370518618275339824160157	0.174667534811694936669792719700662
-1.01302873001955274520139852235866	0.174929485057845532121514314354562
-1.01554738374512395573958989059297	0.175191182551128669872637832748839
-1.01807216641194089818803235160512	0.175452623892260568090094224608273
-1.02060310980237936517323473326496	0.175713805644832703041202948160287
-1.0231402459539055727873906573813	0.175974724334837703581735953535195
-1.02568360716187023218486281639167	0.176235376450188060768635517859248
-1.02823322598234162952450768044761	0.176495758440227524551652711848132
-1.03078913523497837875424736261231	0.176755866715235056849333223423549
-1.03335136800594252512613069600924	0.17701569764592120760318447889281
-1.03591995765085369103400393103033	0.17727524756291677762783163875778
-1.03849493779778496979009230896264	0.177534512756253629232778938482811
-1.04107634235030128730978150593097	0.177793489474837502681253846312274
-1.04366420549054096636443994036716	0.178052173925912693571687761753715
-1.04625856168234124309925788603328	0.178310562274518443175786120444567
-1.04885944567440850090608587373787	0.178568650642936890641913088764393
-1.05146689250353400249970054964487	0.178826435110132432771652530433954
-1.05408093749785591717966672597551	0.179083911711182333798837339699478
-1.05670161628016845677915335717298	0.179341076436698424241929952564397
-1.05932896477127895071715992533	0.179597925232239724460188774412221
-1.06196301919341370789239766255428	0.179854453997715825019301595323867
-1.06460381607367353089665544926573	0.180110658586780852360770983263114
-1.06725139224753976619431133074813	0.180366534806217844568888920703535
-1.06990578486243179252452709271377	0.180622078415313358237154460903339
-1.07256703138131686884574836939593	0.180877285125222123549907336611875
-1.07523516958637328267096530440891	0.181132150598321560712130525949767
-1.07791023758270775964969653464539	0.181386670447555966778091121229244
-1.08059227380212811575217197301858	0.181640840235770177744931014661864
-1.08328131700697215441645319890978	0.18189465547503250648758768316153
-1.08597740629399383254442019897452	0.182148111625946752713529606702388
-1.08868058109830774129229093746463	0.182401204096953076606644362949424
-1.09139088119739297021070770139933	0.182653928243617523206035518376449
-1.09410834671515744646398010229989	0.182906279367909979824180461179952
-1.096833018126063864613871282495	0.183158252717470343946483126749021
-1.09956493625931834680691439749362	0.183409843484862674067221688388795
-1.10230414230312299817274283966332	0.183661046806817090801627066625824
-1.10505067780899354784194954741093	0.183911857763459190366601648290826
-1.10780458469614329224376476870122	0.18416227137752672713954554785281
-1.11056590525593458426515172586103	0.184412282613573316481920907524955
-1.11333468215639913946316790765387	0.184661886377158903347443564703706
-1.11611095844682845884165839822197	0.184911077514026736379901258826469
-1.11889477756243569675222167655316	0.185159850809266581238173730796454
-1.1216861833290903322792789251631	0.185408200986463900761542783423832
-1.12448521996812703304204712533081	0.185656122706834723302149371519137
-1.12729193210123013171505243616953	0.185903610568345914098643849557075
-1.1301063647553951677570646995151	0.186150659104820557940686667533447
-1.13292856336796897987030788414008	0.186397262785028154572824399915155
-1.13575857379176986861263541321046	0.186643416011759321303050400996447
-1.13859644230028938338102299873161	0.186889113120884690110540556220985
-1.14144221559297732370206412155273	0.187134348380397679182925319521834
-1.14429594080061158143189612385223	0.187379115989440811250118065233122
-1.1471576654907544881128153096402	0.187623410077315243313063796056338
-1.15002743767329737038640556369066	0.187867224702473164385489357994504
-1.15290530580609505605396211407733	0.188110553851492709668297373910976
-1.15579131880069211413604064935028	0.188353391438035031152896643873424
-1.15868552602814265414688718627209	0.18859573130178315599451335852888
-1.16158797732492555280021679154413	0.188837567207362255102148809494575
-1.16449872299895702053538906355299	0.189078892843240935250856782001436
-1.16741781383570246563376804431581	0.189319701820613158626661908343945
-1.17034530110438966032150663686712	0.189559987672260384056711225434742
-1.17328123656432526116602161996143	0.189799743851393514248844560392403
-1.17622567247131678530924476997279	0.190038963730474223157090936595823
-1.17917866158420219468297970006367	0.190277640600015227093748438123406
-1.18214025717148929236346049588926	0.1905157676673590524154670938412
-1.1851105130181071886881184204998	0.190753338055434841510581732824672
-1.18808948343227214972382162141206	0.190990344801492727397944931933161
-1.1910772232524701971903103211149	0.191226780855815295503443124299768
-1.19407378785455888705476749132511	0.191462639080405639098624923869389
-1.19707923315899075377478204834253	0.191697912247651502455427412862626
-1.20009361563816096863056692910412	0.191932593038964992980450105260955
-1.20311699232388182380829985088077	0.192166674043397330429776821888183
-1.20614942081498671893197211565599	0.192400147756228087758727879255808
-1.20919095928506639365035312926602	0.192633006577528364217432040540703
-1.2122416664903402187299626875778	0.192865242810697316949562539385245
-1.21530160177766542894789931939822	0.193096848660971462574317530014438
-1.21837082509268725398595499513406	0.193327816233906145016566192600267
-1.22144939698813297856804816854684	0.193558137533828550182320321365535
-1.2245373786322530403275622906199	0.193787804462261631941067669892288
-1.22763483181741235341326410977031	0.19401680881631829725718197876022
-1.23074181896883512771842768959798	0.194245142287065181193169994578268
-1.23385840315350653792680681966416	0.194472796457855324870867451721565
-1.23698464808923468339336881220364	0.194699762802629051305142171936332
-1.24012061815387636930252775969984	0.194926032684182315299812550358319
-1.24326637839473033166053984382198	0.195151597352401784298245500665932
-1.246421994538101623573672147721	0.195376447942465887191623388027863
-1.24958753299904097803517789112275	0.19560057547301104758555918281629
-1.25276306089126306319112645145651	0.195823970844262296889185206567339
-1.25594864603724764988069719455539	0.196046624836127440797798584791918
-1.25914435697852781825759723760886	0.196268528106253930267497781052128
-1.26235026298616944060691585149314	0.196489671188047564903960051249321
-1.26556643407144629119143911840444	0.196710044488652132782609012519694
-1.26879294099671525121320883986928	0.196929638286889066057931767789524
-1.27202985528649619788464249558083	0.197148442731156166278616789318826
-1.27527724923876129129849800998149	0.197366447837284427074405489966037
-1.27853519593643850140218559421988	0.197583643486351954790860346754043
-1.28180376925913435005959945881396	0.197800019422453959689248271691263
-1.28508304389508098006858666451339	0.198015565250427761468783943490355
-1.28837309535331280424608219954482	0.198230270433531723074649501868596
-1.29167399997607813345364565667123	0.198444124291076995993232874943005
-1.29498583495149133287787157211511	0.198657115996010928470227563399122
-1.29830867832643121117384601813893	0.198869234572450955280460362948931
-1.30164260901969150740342031996781	0.199080468893167753791869329128437
-1.30498770683538950623882121304425	0.199290807677016416059641322193705
-1.30834405247663898284892021916478	0.199500239486314350518151533593464
-1.31171172755949385544125145981574	0.199708752724164589464279109874523
-1.31509081462716910580687595480697	0.199916335631723139900311843080719
-1.31848139716454571662547952317661	0.200122976285408975380477126729782
-1.32188355961296656896186364910766	0.200328662594055225232603437167753
-1.32529738738533044455903953729432	0.200533382296000074853867964164544
-1.32872296688149148545430232933064	0.200737122956115846653147051380237
-1.33216038550397167837029665771684	0.200939871962774685575960757984039
-1.33560973167399415353154916911406	0.201141616524749225942762807867823
-1.33907109484784531730813510656791	0.201342343668046567496195259847831
-1.34254456553357407568404524614887	0.201542040232673838024054559645129
-1.34603023530803665129307004788332	0.201740692869333567635452441775438
-1.34952819683429575097753565180336	0.201938288036047045648414586686141
-1.35303854387938310383684103123395	0.202134811994703775025274677514636
-1.35656137133243466188987649788235	0.202330250807535081291792636274493
-1.36009677522320803713977153724148	0.202524590333509872817663628033435
-1.36364485274099204037879676638807	0.202717816224650487137140503705535
-1.36720570225391848890024465669374	0.20290991392226649356228264335267
-1.37077942332868676280502570158415	0.203100868653104255597362278072398
-1.37436611675071191323438383561882	0.203290665425409987506579703871216
-1.37796588454470746107688042396087	0.203479289024903967719508768577069
-1.38157882999571437195840128667238	0.203666724010663497476114774073375
-1.38520505767058805312067670314984	0.203852954710912116107481922380089
-1.38884467343995559064151903764982	0.204037965218712504506257921090744
-1.39249778450065583188725298642633	0.204221739387560425543690307501691
-1.39616449939867531867815724952736	0.204404260826876964313860343878099
-1.39984492805259349198089484651488	0.204585512897396242000342585164706
-1.40353918177755101963520144833304	0.204765478706445684729912086951697
-1.4072473733097555453218555985227	0.204944141103115832859499305614698
-1.41096961683153962036202293313719	0.205121482673316576586958914984562
-1.41470602799698606071342278068673	0.205297485734716600426807783555029
-1.41845672395813647043919947585052	0.205472132331562711784783527699788
-1.4222218233917991907492878788779	0.205645404229375617427808597826652
-1.42600144652697347126733921612718	0.205817282909518595898264554567138
-1.42979571517290721831432224743727	0.205987749563635393674101836756533
-1.43360475274780625461976912332192	0.206156785087953547930633265892905
-1.43742868430821362691420821331598	0.206324370077449208907464671618479
-1.4412676365790781233087939034617	0.20649048481986939990612332511217
-1.44512173798453181226647094746505	0.20665510928960751261084344000073
-1.44899111867939709040062974957094	0.206818223141427689495410589207206
-1.45287591058144442844385568943	0.206979805704033593299527505003985
-1.45677624740442273471010389046356	0.207139835973476905662555976807045
-1.4606922646918850144880064818455	0.207298292606400732710842996319885
-1.464624099851832793374511725289	0.207455153913112924412931064170041
-1.46857189219220359397763673131294	0.207610397850484136535391235488006
-1.47253578295722661014708909458745	0.207764002014665278725375868643395
-1.47651591536467261246956894025531	0.207915943633618799271881561415575
-1.48051243464402504480909986745941	0.208066199559458056095819501246301
-1.48452548807560023588344932318366	0.208214746260588814110009031462032
-1.48855522503064565403645601587513	0.208361559813646690874751050057703
-1.49260179701244617937812060086813	0.208506615895224145032043180120782
-1.49666535769846945730476250431599	0.20864988977338036488858647633131
-1.50074606298358253317129614040848	0.208791356298927167267459774974125
-1.50484407102437315176965923861355	0.208930989896483758868371628561568
-1.50895954228461033959325769243673	0.2090687645552929433476043790454
-1.51309263958188017508440153217222	0.209204653819791076603578987359708
-1.51724352813543399475089825073709	0.209338630779923779754680354078082
-1.52141237561528768392149799876659	0.209470668061199113412885801324551
-1.52559935219261216286007164180206	0.209600737814469597446170574553621
-1.52980463059145670500682683340464	0.209728811705434126804903476895512
-1.5340283861418483174621782059375	0.209854860903850485444475370675521
-1.5382707968343120778552815572058	0.209978856072448796149513997772907
-1.54253204337585906001565388603841	0.210100767355535863352270860831694
-1.54681230924749029716636679419136	0.210220564367279967991174357180346
-1.55111178076326712967014260249877	0.210338216179665257178270683653607
-1.55543064713100026890358529570099	0.210453691310104435987420307754992
-1.55976910051461198407182041000579	0.210566957708698013034389236961353
-1.56412733609822798942753125145531	0.210677982745127874632094628619917
-1.56850555215205788042251748544352	0.210786733195172463043130291881377
-1.57290395010012534408840448441359	0.21089317522683031152425919341513
-1.57732273458991185702136930674136	0.210997274386038141199402717029358
-1.58176211356398018967316285814402	0.21109899558196915096826328482245
-1.5862222983336467645229417369643	0.211198303071896530235384581615102
-1.59070350365477477479707369266431	0.211295160445606593720834049073171
-1.59520594780576296679818962916239	0.211389530609345276387931261963173
-1.59972985266780813011418924213401	0.211481375769281032895884560278372
-1.60427544380752263397877359088901	0.211570657414466458150603677429719
-1.60884295056199180331734226106945	0.211657336299280181567239747591155
-1.61343260612635955353358293583981	0.211741372425329785534389316088972
-1.61804464764403450843506881561313	0.211822725022795656114489105816163
-1.62267931629961282102675667175607	0.211901352531194788921626476121978
-1.62733685741461811303176253323999	0.211977212579542642932716793103166
-1.63201752054616335743341173106283	0.212050261965890157098144867928694
-1.63672155958864416131670232901294	0.212120456636212016241023613612214
-1.64144923287857777686064212380576	0.212187751662621170905507461860539
-1.64620080330270729038665122906442	0.212252101220883477374010466348754
-1.65097653840949582770703670843222	0.212313458567205125650892963435887
-1.6557767105241412844263743718619	0.212371776014264261211182993424677
-1.66060159686724805916487567778021	0.212427004906456876900273706113742
-1.66545147967729855386441677444783	0.212479095594325650447385205748417
-1.67032664633707382758780621650027	0.212527997408138926245442629482457
-1.67522738950417976901943200602985	0.212573658630585482675696542592082
-1.68015400724584251011544498382718	0.212616026468549083315979653344354
-1.68510680317814456244159311589886	0.212655047023925076517431545762087
-1.69008608660988134371321914385121	0.212690665263439477340696948175906
-1.69509217269122640170645491059851	0.212722824987429032578962024088876
-1.70012538256740276472610759466078	0.21275146879753872699494214392415
-1.70518604353756748291883008888733	0.212776538063291029923951221190126
-1.71027448921912660583710859762439	0.212797972887478898498417116552281
-1.71539105971770860409587114497955	0.212815712070332138833776927165652
-1.72053610180303562459412154732186	0.212829693072404170890345627928258
-1.72570996909094401025165376314692	0.212839851976123537056392529000829
-1.73091302223181826019285929839071	0.212846123445951628754443946367809
-1.73614562910571610170496044535246	0.212848440687085068772533007467047
-1.74140816502447664153725066886559	0.212846735402637967965205139054448
-1.74670101294111871543758155721536	0.212840937749235860971001445671679
-1.75202456366685261962636902932323	0.212830976290949503209203916024923
-1.75737921609604544905973113862881	0.212816777951492866161921380669218
-1.76276537743949835257835381376452	0.212798267964605584199109942245645
-1.768183463466413217417841735269	0.212775369822535767114339115485016
-1.77363389875544669386527608291081	0.212748005222534479920177032941211
-1.77911711695527115014139219219703	0.212716094011268285659516100725534
-1.78463356105508519973859859241666	0.21267955412705102679215056953825
-1.79018368366554096774518432171188	0.212638301539790463154681144497809
-1.79576794731058136651983077235687	0.212592250188539464720998911295648
-1.80138682473070845065818605515099	0.212541311916535148506911858224584
-1.8070407991982335423593796183928	0.212485396403602621815019366161223
-1.81273036484509139742421715231826	0.212424411095792816997189277019193
-1.81845602700383436707348757293219	0.212358261132116241727361126769235
-1.82421830256245846202746242130524	0.21228684926822628619094007460891
-1.83001772033375161708212711166144	0.21221007579689698415059391237494
-1.83585482143989547610250576546116	0.212127838465130774550981418928889
-1.8417301597130958748395475871802	0.212040032387721806309837082885966
-1.84764430211306411635330453401752	0.211946549957089619086438735183128
-1.85359782916222135514813561267454	0.211847280749186560319282031520145
-1.85959133539955219740427802620641	0.211742111425270001735597876188682
-1.86562542985409127608804760669474	0.21163092562931722924406170358247
-1.87170073653908838800567797698024	0.21151360388084672477448090836047
-1.87781789496796413112167852673778	0.211390023462894356486102017919306
-1.88397756069323923313144422065862	0.211260058304876656491994960907316
-1.89018040586969733052584753212874	0.211123578860055796107077433675932
-1.89642711984312329486925110223104	0.210980451977301961602425521246767
-1.90271840976604780708154582711557	0.210830540766828472240087091022876
-1.90905500124202429690995071514192	0.210673704459553039281992333786412
-1.91543763900006719288503085809486	0.210509798259714899391145562667609
-1.92186708760099132680055511447291	0.210338673190352014022735559108471
-1.92834413217751203119979747871197	0.210160175931214938095187675295332
-1.93486957921009475710542814507184	0.209974148648664139146410255572934
-1.94144425734068280279609346394606	0.209780428817065285704912625760599
-1.94806901822658295457512966733121	0.20957884903116209257773508219892
-1.95474473743695257079407262868496	0.209369236808868458960876170099721
-1.96147231539450907824115345600295	0.209151414383880583611759287219132
-1.96825267836527530996473147545298	0.208925198487465180602512588478095
-1.975086779499383052717981333287	0.208690400118731506509986415860594
-1.98197559992618420724800635850718	0.208446824302642264602094404365309
-1.9889201499071658916662832311643	0.208194269834961150501287212164383
-1.99592147005043463470751551877834	0.207932529013272376050548620931949
-2.0029806325908277361985935857946	0.207661387353139429019003648477146
-2.01009874274002939651643817735257	0.20738062328839601058841493159575
-2.01727694011141810367688510222069	0.207090007854480886540766408788783
-2.02451640022475311043417158996588	0.206789304353639560616448666532744
-2.03181833609622509780822765898054	0.206478268000718410903200796137345
-2.03918399991985318741101934589039	0.206156645548170304255212996093938
-2.04661468484671168913776937201795	0.205824174888773688691547282097249
-2.05411172686902024924815779194849	0.20548058463443860019054467493657
-2.06167650681673590717604732080354	0.205125593669331602762448125636192
-2.06931045247495118911918776012799	0.204758910675395936767714689713749
-2.07701504083113577494427522681631	0.204380233628171417056302108099558
-2.08479180046206840106328493178618	0.203989249260629018172988048701477
-2.09264231407119948527293649823977	0.203585632492525476690875240552874
-2.10056822118817366644244431777677	0.203169045822551211007041524615815
-2.10857122104333661728621731088926	0.202739138680287655692534111290128
-2.11665307563126528795311144458714	0.202295546734704597692779206305765
-2.12481561297871019654481463895912	0.201837891155610710764486423513592
-2.1330607306338396648184931403015	0.201365777824117126713848741786258
-2.14139039939534865026206338075227	0.200878796487779878282774099890691
-2.14980666730186158144430464827634	0.200376519855647030193540484186728
-2.158311663904145254508000387597	0.199858502627944109435400975298826
-2.16690760484498421057434229515462	0.199324280454579942167192626579404
-2.1755967967741914931559881417727	0.198773368816035992531141677456001
-2.18438164262917207281304214424822	0.198205261819506278664785047470785
-2.19326464731477064650793137957979	0.197619430902370896870206786631243
-2.20224842381987355912162698716109	0.197015323434201311055582844668592
-2.21133569981245866472470861170337	0.196392361207494940923668243112053
-2.22052932475956991209130668973074	0.195749938806202781023890329483231
-2.2298322776241205964473818044042	0.195087421839826394411152522947818
-2.2392476751966006738223994598301	0.194404145029395685110120483309174
-2.24877878112679710025758149767788	0.193699410129968147387177913676916
-2.25842901572867088632160527546826	0.192972483672380501517438089643155
-2.26820196664073504729782896282829	0.192222594504795302172561701948694
-2.27810140043483931948714422084157	0.19144893111207138261293833975068
-2.28813127527842319526237946833877	0.190650638688092032077356982171845
-2.29829575476932670181694401683143	0.189826815932841833231444693214278
-2.30859922307848200874565522007309	0.188976511542152023855685503524445
-2.31904630155464984960903850479698	0.188098720353538678760431062080893
-2.32964186696729777659441318314326	0.18719237910632143868269787464423
-2.34039107158933036955824136189979	0.186256361768091641513111862172363
-2.35129936535139042021722229376319	0.185289474372425463349944567653335
-2.36237252033472975398075445547983	0.184290449304299629159177877844173
-2.37361665791127298206358627891344	0.183257938959705965738637758645141
-2.38503827888879205330824041046439	0.182190508694157687328771918006102
-2.39664429707771597082217402963905	0.181086628960739559424320209605113
-2.4084420767660634422185085583907	0.179944666521583549832673751330721
-2.42043947467286678582634097470477	0.178762874596534571790363733427285
-2.43264488705147601734349660611226	0.177539381788530952765039186661928
-2.44506730273637313377715439629882	0.176272179595877958959175905161778
-2.4577163630757856533707776386487	0.174959108285887195865179539083068
-2.47060242987412795979323228073392	0.17359784086068357862691032884455
-2.48373666269171689454102915030856	0.172185864792271279086842288823092
-2.49713110712547885467626958127539	0.17072046113750510849661698405175
-2.51079879603812171794507838920227	0.169198680560903878524825932700949
-2.52475386613379894620175683825541	0.167617315689606978412979423822911
-2.53901169282135082697892514843284	0.165972869094010487107801338836911
-2.55358904699629119938731417122522	0.164261516021391041854453468929989
-2.56850427825662385127153763009035	0.162479060796833639882570038425823
-2.58377753020943247367323995498137	0.160620885530542573944545468312767
-2.59943099501376637806207668825683	0.158681889411693463729697844618303
-2.6154892162650103724986041256242	0.156656416396339608718635319695734
-2.63197945193311733352893337836989	0.15453816846789766642281089615666
-2.64893211257550726903161255731048	0.152320100802112806239891826908621
-2.66638129482530813495467441601332	0.14999429401469516473732627341076
-2.68436543675578799311662599764222	0.147551797076405765701821721418489
-2.702928130970216288250254196472	0.144982432247182606157022598929285
-2.72211914443569666100149557272842	0.142274550200355238219363240688161
-2.74199571316728459741411164607341	0.139414718897297892389919011549881
-2.76262420808292954267484915745696	0.136387322956586985898525233632871
-2.7840823109752502013766838714336	0.133174039962304718892637612384286
-2.80646190554006113662185832215801	0.129753144208003702315636898613537
-2.82987299343881073251021376108995	0.126098562985861865047819110406081
-2.85444911789590576249510987858044	0.122178568826184232284294479804463
-2.88035507113992492697660070746109	0.117953920058262942736933926216171
-2.90779818384190079027549224900014	0.113375135873254777859182913185565
-2.93704546865764525863722352263636	0.108378356498477519008818002309432
-2.96845081890579735267329422844673	0.102878772408917658374418727824704
-3.00250057124955956166610555494299	0.0967596122900206083199968624606282
-3.03989532387364046519058771546025	0.0898523590918365165724424995579494
-3.0817110693336079419937899904311	0.0818977654267105668048072304727261
-3.12976045646356860949976767198125	0.0724583833655184265486966154421761
-3.18758087790157025920736617833298	0.0606790570848268046116075308530181
-3.2643137349706127042090817908931	0.0443449071843984734822631500654766
