0.0	0.0
-0.000924979843961220090900752534505458	0.000730545317337278353247518318111124
-0.00185079517579746348958618073650239	0.00146130197611735445891667262734926
-0.00277744767393916400253188148938493	0.00219227003859859203530958268759097
-0.00370493902145501644086465712548096	0.00292344956673880782246745457990097
-0.00463327090606945335666203666717518	0.00365484062219270116085216596346273
-0.00556244502018020597040048938182684	0.00438644326630926664950998879286577
-0.00649246306087594977665099549215671	0.00511825756012918976204091353806424
-0.00742332672995403531843123182385025	0.00585028356438222529770852097083184
-0.00835503773393830462395992617646149	0.00658252133948455854402800974729033
-0.00928759778409699380292115719273789	0.00731497094553614902616374309674838
-0.0102210085964607223027347525621272	0.00804763244231805671745243775473144
-0.0111552718918405693287436958031465	0.00878050588928975058434379373524575
-0.012090389395846237935670821116036	0.0095135913455863993380168645457707
-0.0130263628389043073011652896074937	0.010246888870016144263887702958378
-0.0139631939562765736957546335495083	0.0109803985210573539991716954284032
-0.0149008844880784806670407655146316	0.0117141203568558611276024256705489
-0.0158394361792976389595285158094745	0.0124480544352221804593377907268633
-0.0167788507798124366950532265189572	0.0131822008136287088630033360395657
-0.0177191300444107403423799379462302	0.0139165595492069065157322834917318
-0.0186602757328086870081809999409027	0.014651130698744459435961400976137
-0.0196022896096695685852617756138805	0.0153859143186824231626316056181389
-0.0205451734446228082975957297378786	0.0161209104651123474433219060669619
-0.0214889290122830301854508626865436	0.0168561191937733817927148719562801
-0.0224335580922692220776394195173013	0.0175915405600493617816511693027142
-0.0233790624692239926017023317123542	0.0183271746189658759158797167382674
-0.0243254439328329227866491976588701	0.0190630214251873129624485954200471
-0.025272704277844012816714041241257	0.0197990810330138895805098804574938
-0.026220845304087224498456872599679	0.0205353534963786581121289478284621
-0.0271698688164941200074414804676552	0.0212718388688444943874954409479734
-0.0281197766251175974846511834776336	0.0220085372036010653977288470625915
-0.0290705705451517240567667330383215	0.0227454485534617766872564260386836
-0.0300222523969516668584244701716364	0.023482572970860699316514942264779
-0.0309748240060537226385984731210772	0.0242199105078494762444901624527012
-0.0319282872031954465373080744455311	0.0249574612160942079793592850275433
-0.0328826438243358806229420613313213	0.0256952251468723173442412462276416
-0.0338378957106758827846133894574776	0.0264332023510693932037880884203356
-0.0347940447086785565781136302620462	0.0271713928791760129960671606320589
-0.035751092670089782628224928099024	0.0279097967812845439128887317595407
-0.0367090414519588521943692646869879	0.0286484141070859225704265139362629
-0.0376678929166592035108306135270826	0.0293872449058664130106594963203243
-0.0386276489319092615170754196916621	0.0301262892265043428728322560569734
-0.0395883113707933815980210666568973	0.0308655471174668175727874199117765
-0.0405498821117828979584609008264994	0.0316050186268064123266680722623281
-0.0415123630387572772602482883087972	0.0323447038021578418541195165882186
-0.0424757560410253781552713927242691	0.0330846026907346075947387707219808
-0.0434400630133468173517152058477887	0.033824715339325622270126381912498
-0.0444052858559534428556081564298936	0.0345650417942918116224884557684551
-0.0453714264745709150341876915182297	0.0353055821015626931593170715034826
-0.0463384867804403961521928971967388	0.0360463363066329317322443712394517
-0.0473064686903403490368028333532129	0.0367873044545588717767194285967664
-0.0482753741266084455315871346838622	0.0375284865899550460376973850637064
-0.0492452050171635854045209158220822	0.0382698827569906606050571538223114
-0.050215963295528026379839453818251	0.0390114929993860560809770904071317
-0.0511876509008496259682698512211407	0.0397533173604091446999972768175234
-0.0521602697779241957749772562223877	0.0404953558828718232209823179490516
-0.0531338218772179689694025847463512	0.0412376086091263614086696623122687
-0.0541083091548901816060474085782778	0.0419800755810617659209452872097036
-0.0550837335728157684901801028023817	0.0427227568401001194164309844498077
-0.0560600970986081742873958477829613	0.043465652427192894695395297240252
-0.0570374017056422805809620221592661	0.0442087623828172436854132413965525
-0.0580156493730774495859202740501867	0.0449520867469722610815981420038381
-0.0589948420858806852339974918497197	0.0456956255591752224496120760408768
-0.0599749818348499123485003914128519	0.0464393788584577965980293763400068
-0.0609560706166373746335328747019833	0.0471833466833622320249802649788145
-0.0619381104337731522070820815925909	0.0479275290719375172423387853636132
-0.0629211032946887994127685409601227	0.0486719260617355147790406306528605
-0.0639050512137411036503484227996456	0.0494165376898070686634220587383462
-0.0648899562112359659703919973970146	0.0501613639926980851827606758644106
-0.0658758203134524041839424219704092	0.0509064050064455867164722953626513
-0.0668626455526666792433833053403153	0.0516516607665737384376751662607736
-0.0678504339671765456562125568257725	0.0523971313080898476760734481246788
-0.0688391876013256266989342206707515	0.0531428166654803357333357109068262
-0.0698289085055279152038397500919348	0.0538887168727066819403512873350345
-0.0708195987362924006970559080218302	0.0546348319632013397439373240291612
-0.0718112603562478236718886216598449	0.0553811619698636246087421876129995
-0.0728038954341675577871910962949169	0.0561277069250555735182463030933309
-0.0737975060449946207862307462287967	0.0568744668605977758568993511437279
-0.074792094269866814937323467206888	0.0576214418077651754535528440073124
-0.0757876621961419978033459002986658	0.0583686317972828435644492497572571
-0.0767842119174234841531270710050816	0.0591160368593217225721128527244856
-0.0777817455335855798336605834998993	0.0598636570234943401745532329518124
-0.0787802651507992484280678670325862	0.0606114923188504938372394263032161
-0.0797797728815579115302822730866103	0.0613595427738729052783312938673948
-0.0807802708447033834735135761635497	0.0621078084164728447556641868204823
-0.0817817611654519413556931111816328	0.0628562892739857249219734409532126
-0.0827842459754205312112918644897565	0.0636049853731666640128163713188135
-0.0837877274126531111851478064346192	0.0643538967401860181296010572839452
-0.0847922076216471325702350993443227	0.0651030234006248823780631046688051
-0.085797688753380159577657028863275	0.065852365379470560620443535257062
-0.0868041729653366287135470870981836	0.0666019227011120035975127729333162
-0.0878116624215347486440190865299035	0.067351695389335215174457155807371
-0.0888201592925535414358180128976015	0.0681016834673186264624952881704678
-0.0898296657555600260668890473861713	0.068851886957628437565921635746901
-0.0908401839943365451077033229526121	0.0696023058822139267020838406587435
-0.0918517161993082354808560514729754	0.0703529402624027264395880644399741
-0.0928642645675706442131861980556288	0.0711037901188960667977930313384878
-0.0938778313029174901014574224054296	0.0718548554717639849483981104095265
-0.0948924186158685722194880962386818	0.0726061363404405012576535112358015
-0.0959080287236978262015243878503838	0.0733576327437187614054212395050334
-0.0969246638504615292436152332102404	0.0741093446997461443149936273886173
-0.0979423262270266547717720464406319	0.0748612722260193356252317791735476
-0.0989610180910993777327798261476688	0.0756134153393793664342189115691009
-0.0999807416872537314706704587534822	0.0763657740560066170412330743586231
-0.1010014992669604171590740826811	0.0771183483914157854114298615296318
-0.102023293088615766766930941057415	0.0778711383604508200851882137077663
-0.103046125417570860542374804801032	0.0786241439772798172516110146991511
-0.104069998526160800006990388087687	0.0793773652553898817031866402753978
-0.105094914693734137460101806109465	0.0801308022075819513861076650460758
-0.10612087620668246300026764904843	0.0808844548459655852582083093147873
-0.107147885358470150078741281036639	0.081638323181953714163922645056293
-0.108175944449664260607303139900763	0.082392407226257354433080808282636
-0.109205055787964610650585740654687	0.0831467069888802839077502105953988
-0.110235221688233997740792407687198	0.0839012224791136800986927289274984
-0.111266444472528590860558118867502	0.0846559537055307201703467993676007
-0.112298726470128484147615887706178	0.0854109006759811424505549652257961
-0.113332070017568415382915492565107	0.0861660633975857691585424444768053
-0.114366477458668650331893747045847	0.0869214418767309900419103973428769
-0.115401951144566034016717562559894	0.0876770361190632066106384975470856
-0.116438493433745210005513459358648	0.0884328461294832366532948436845367
-0.117476106692070008812860619926608	0.0891888719121406787178268896991827
-0.11851479329281500651415973994477	0.0899451134704282362364546215140443
-0.119554555616697254684897515800705	0.0907015708069760009713063527161855
-0.120595396051908182784307320197866	0.091458243923645695454527944448146
-0.121637316994145674111481172779075	0.0922151328215248740936576581900596
-0.12268032084664631647061723254048	0.0929722375009210826100909060516064
-0.123724410020217828690791452707421	0.0937295579613559754754615488360676
-0.124769586933271664154422484125434	0.0944870942015593910077387809320019
-0.12581585401185579249745613555035	0.095244846219463383785780702560353
-0.126863213689687660653230452071614	0.0960028140121962140379970796199768
-0.127911668408187334420995518045599	0.0967609975760762936576541908811236
-0.128961220616510821749154198425583	0.097519396906606088494203719054725
-0.130011872771583578932461980728553	0.0982780119984659765668350096750114
-0.131063627338134200931676656053754	0.0990368428455080618432353489587237
-0.132116486788728297033482577144825	0.0997958894407499432232958438028543
-0.133170453603802553077930458756522	0.100555151776368438364220664525907
-0.134225530271698981490132953647039	0.10131462984369326198018447017801
-0.135281719288699360362539368387892	0.102074323633200658246336409178392
-0.136339023159059862843780707908035	0.102834233134506986933568802166214
-0.13739744439504587809982959644593	0.103594358336362262897054092242267
-0.138456985516967025123059364795305	0.104354699226643648538104508631948
-0.13951764905321236067471357817663	0.105115255792348898855424746980901
-0.140579437540285782656312373995873	0.105876028019589758698308432077683
-0.141642353522841630215626061997872	0.106637015893585311830773801103374
-0.142706399553720481903040398418449	0.107398219398655281412042527039424
-0.143771578193985153204422678039044	0.108159638518213281495137487247039
-0.144837892012956894786974200841261	0.108921273234760019141710161143279
-0.145905343588251792805023680595517	0.109683123529876446747505798011758
-0.146973935505817372623278698728807	0.110445189384216864169134110894356
-0.148043670359969407325709306038189	0.111207470777501970239034599667205
-0.149114550753428932388990285516651	0.111969967688511863251708255051378
-0.150186579297359467910277370564064	0.112732680095078990000430909408703
-0.151259758611404449790038833683027	0.113495607974081042939767438338301
-0.152334091323724871281708301742252	0.114258751301433805045269932512734
-0.153409580071037136331068406315419	0.115022110052083941937766399573066
-0.154486227498651126139518943844071	0.115785684200001740835629063374295
-0.155564036260508480396728614024882	0.116549473718173795894352438930847
-0.156643009019221094639617150841419	0.117313478578595639488670606835885
-0.157723148446109835206165795505494	0.118077698752264318988300015706936
-0.158804457221243473264209632343889	0.118842134209170918574208224464427
-0.159886938033477839407126377249383	0.119606784918293025638079771152907
-0.160970593580495200320203845529504	0.120371650847587141303377328714909
-0.162055426568843859033443615731102	0.12113673196398103460207898166562
-0.163141439713977980288642444422505	0.121902028233366039836810325844673
-0.164228635740297642560786882486976	0.122667539620589296653682644920534
-0.165317017381189118286101417266815	0.12343326608944593234669513431735
-0.166406587379065383861507450631927	0.124199207602671185910059501507536
-0.167497348485406860992780667315089	0.124965364121932473350258740420967
-0.168589303460802390981339010251945	0.125731735607821393765057919703077
-0.169682455074990443552353732951582	0.126498322019845675692042895643948
-0.170776806106900561839753029204465	0.127265123316421063224572409937467
-0.1718723593446950451566827473113	0.128032139454863141388289502265633
-0.172969117585810871193102892764166	0.128799370391379100266548993309052
-0.174067083637001859295433237047192	0.12956681608105943735827840335707
-0.175166260314381076496517622082772	0.13033447647786959764689948625529
-0.176266650443463487977655735157289	0.131102351534641550853995991741714
-0.177368256859208853658054497615642	0.131870441203065305346419727676557
-0.178471082406064872620780046466601	0.132638745433680358160480876188535
-0.179575129938010577098146890276144	0.133407264175867080601769215698244
-0.180680402318599977753464503251098	0.134175997377838038873999797820867
-0.181786902421005962010174713246448	0.134944944986629249185069100204591
-0.1828946331280644471936570848851	0.135714106948091366773245091453868
-0.184003597332318790265355457871024	0.136483483206880808291096362454329
-0.185113797936064455943388248409158	0.137253073706450806979390851596855
-0.186225237851393945018449449812904	0.138022878389042400057763063319094
-0.187337920000241984688587884368424	0.138792897195675347753459385449995
-0.188451847314430982751370586118147	0.139563130066138983383923478025121
-0.189567022735716747506993673711897	0.140333576938982993903377052955164
-0.190683449215834475241102160855874	0.14110423775150813031788499992428
-0.191801129716545007171420323099138	0.141875112439756847367667040126975
-0.192920067209681357757777984810509	0.142646200938503871869630197970922
-0.194040264677195516290746917656469	0.14341750318124669910724665469359
-0.195161725111205523689876977720189	0.144189019100196016648989260821426
-0.196284451514042826458445196442308	0.144960748626266054970561401115858
-0.19740844689829990975770434269646	0.145732691689064864250118281262573
-0.198533714286878211579842069689667	0.146504848216884516699572285689149
-0.19966025671303632001523924966159	0.147277218136691233788905076486083
-0.200788077220438455626148098954953	0.148049801374115437714172790593417
-0.201917178863203240955598842339172	0.148822597853441726453587262390898
-0.203047564705952759217189614120802	0.149595607497598771749684857701121
-0.204179237823861904228419719680731	0.150368830228149139349154448867076
-0.20531220130270802366739297948739	0.151142265965279030825386474515951
-0.206446458238920857750047363185666	0.151915914627787946302225086877865
-0.207582011739632775442561229142118	0.152689776133078267390754258442289
-0.208718864922729310341246970439961	0.153463850397144759644225551851013
-0.209857020916899998370071508144889	0.154238137334563993829439194832435
-0.210996482861689519463941664137902	0.155012636858483685306020277155082
-0.21213725390754914542406280769294	0.155787348880611950798087419229724
-0.213279337215888496150023142627417	0.156562273311206481835791260906309
-0.21442273595912760647177544752187	0.15733741005906363413710368139674
-0.215567453320749305823384884612454	0.158112759031507432193064872561976
-0.216713492495351913019287560391867	0.158888320134378488312443321574759
-0.217860856688702248412861782354045	0.15966409327202283537443247666871
-0.219009549117788965736354364385572	0.160440078347280672530596420521764
-0.220159573010876205940629864102991	0.161216275261475023089784296583703
-0.221310931607557575372823288689076	0.161992683914400303812158548531575
-0.222463628158810450649778605200904	0.162769304204310804830824253432971
-0.223617665927050612605148384913992	0.163546136027909079411804953566901
-0.224773048186187211708216171652932	0.164323179280334242755283405504507
-0.225929778221678067372884788806484	0.165100433855150179033112539967301
-0.227087859330585303595852911674747	0.165877899644333655849601620621686
-0.228247294821631323383780979397911	0.166655576538262345304494049086476
-0.229408088015255124450228078369713	0.167433464425702750828875417872212
-0.230570242243668958684325997438137	0.168211563193798038956482179479187
-0.231733760850915337914547461679962	0.16898987272805577518452158089366
-0.232898647192924388512524850443036	0.169768392912335563069661196167076
-0.234064904637571557403685778379886	0.170547123628836585696300348853352
-0.235232536564735672073495074772873	0.171326064758085048645594809099148
-0.236401546366357357180331274097307	0.172105216178921523584969220275134
-0.237571937446497810408482095479152	0.172884577768488191589017584988175
-0.238743713221397940217419935329604	0.173664149402215985293759632331301
-0.239916877119537868166417550073379	0.174443930953811628977188793714566
-0.241091432581696798516688318260597	0.175223922295244575649914613948947
-0.242267383061013257836587227229396	0.176004123296733840230467481540255
-0.243444732023045707358990543072828	0.176784533826734727870495325007743
-0.244623482945833530863786539015909	0.177565153751925456485639121356649
-0.245803639319958400882459252751468	0.178345982937193672538325412513398
-0.246985204648606026046034625832794	0.179127021245622859109058222263988
-0.248168182447628282422186188013307	0.17990826853847863528302848923716
-0.249352576245605731712068359152173	0.180689724675194945868985042237366
-0.250538389583910529202462156661366	0.181471389513360140457325886270794
-0.251725626016769724394083356594199	0.182253262908702940814270766190708
-0.25291428911132895725241973440995	0.183035344715078295598764236778851
-0.254104382447716553053234714602658	0.183817634784453121378431381263116
-0.255295909619108018820902428996563	0.184600132966891928910464453683039
-0.256488874231790944384026699140768	0.185382839110542333642756623759839
-0.257683279905230311099346732228718	0.186165753061620449379917206001903
-0.258879130272134211321748301957635	0.186948874664396164047999767776619
-0.260076428978519981725283862145191	0.187732203761178296480848823913055
-0.261275179683780753607461435439257	0.188515740192299633139920907489837
-0.262475386060752423336693293598131	0.189299483796101843668260106445224
-0.263677051795781046130704499410795	0.190083434408920274168005101067588
-0.264880180588790656381891452048874	0.190867591865068617079372734428487
-0.26608477615335151777409484556069	0.19165195599682345652750058083522
-0.267290842216748806464013132332139	0.192436526634408687991836208796703
-0.268498382520051730629534938133683	0.193221303605979811140932204845453
-0.269707400818183089716615202378811	0.194006286737608094663541850177617
-0.270917900879989276745963457584963	0.194791475853264611914808917772628
-0.272129886488310727070756999096778	0.195576870774804146184104654376416
-0.27334336144005281700684015602985	0.196362471321948964378683876704763
-0.274558329546257215787426926626712	0.197148277312272457904808467606889
-0.275774794632173694325191399275829	0.197934288561182649515318604460743
-0.276992760537332394295812202418644	0.19872050488190556487981796270028
-0.278212231115616561088537315773273	0.199506926085468467620677060894282
-0.279433210235335744201157580906662	0.200293551980682956544946973468357
-0.28065570177929946868892486686227	0.201080382374127923789011930336363
-0.281879709644891381309427819123961	0.201867417070132372579391920435373
-0.283105237744143875038248238312468	0.202654655870758093299533362797671
-0.284332290003813195663368237804385	0.203442098575782196538695221610117
-0.285560870365455034199786305245995	0.204229744982679501785147610473481
-0.286790982785500608899633179886674	0.205017594886604780411847917638921
-0.288022631235333240667260044535804	0.205805648080374851588543721892813
-0.289255819701365425723305957802003	0.206593904354450529739870162755129
-0.290490552185116409396642811172125	0.207382363496918422154459854332367
-0.291726832703290264958348531256377	0.208171025293472575335363735475892
-0.292964665287854481447476958499903	0.208959889527395968667189245716923
-0.294204053986119064474380072445877	0.209748955979541853960295692125517
-0.295445002860816154023699307880001	0.210538224428314939417143381126204
-0.296687515990180163315881979372056	0.211327694649652416550470754288325
-0.297931597468028442823200723964911	0.212117366417004828567370079147491
-0.29917725140384247357376286059443	0.212907239501316778717544863734752
-0.30042448192284959391489718606525	0.213697313671007477088058712304913
-0.301673293166105263945602575969608	0.214487588691951124310723411960979
-0.302923689290575871866440489678053	0.215278064327457130631921193737726
-0.304175674469222086534356807125383	0.216068740338250168778109871060921
-0.305429252891082760549432128922965	0.216859616482450059033517412197381
-0.306684428761359388240488590290896	0.217650692515551484929591904709219
-0.307941206301501122956830276844963	0.218441968190403537928631236331032
-0.309199589749290358114168454222189	0.219233443257189089466671528810046
-0.310459583358928876483987067049392	0.220025117463403988703161762634876
-0.311721191401124572257243425302165	0.22081699055383608430719142704636
-0.312984418163178750455378844365049	0.221609062270544068592065688780631
-0.314249267949074008304139474014266	0.222401332352836142291835723246615
-0.31551574507956270322868394525068	0.223193800537248498254987682393835
-0.316783853892256012171887156793612	0.223986466557523622311869433379104
-0.318053598741713586981643960746813	0.22477933014458840955358679956051
-0.319324983999533810657338207408893	0.225572391026532094241027637244028
-0.320598014054444659290477163727334	0.226365648928583991543369712892874
-0.321872693312395174579804394232279	0.227159103573091049285893988443345
-0.323149026196647551847001528711841	0.227952754679495207867155515902466
-0.324427017147869848525376755328039	0.228746601964310566485556581496892
-0.325706670624229318140721267020434	0.229540645141100353795117874594573
-0.326987991101486374850800227525652	0.230334883920453701089750092361759
-0.328270983073089193657738165867691	0.231129318009962216094587286506845
-0.329555651050268951455866190734961	0.231923947114196355421951125567334
-0.330841999562135714126426257225147	0.232718770934681593728268749561623
-0.332130033155774974939882220183518	0.233513789169874387586762649732945
-0.333419756396344849576474957909768	0.234309001515137932068965581814603
-0.334711173867173933126085920703596	0.235104407662717708006083434208969
-0.336004290169859824479446611401394	0.235900007301716817878930689589168
-0.337299109924368323574257389373999	0.236695800118071108262593055224821
-0.338595637769133307011864345193029	0.237491785794524076729126357147043
-0.339893878361157287612794651599381	0.23828796401060156108847620644896
-0.341193836376112663532675681649194	0.239084334442586208824395509075396
-0.342495516508443662613868315347882	0.239880896763491724558442805211473
-0.343798923471468987702537345760176	0.240677650643036893351159837104959
-0.345104061997485168715868955661791	0.241474595747619377625247744689134
-0.346410936837870627299734176011292	0.242271731740289285470983909223182
-0.347719552763190459973295467667602	0.243069058280722508069241680608989
-0.349029914563301945713868599237865	0.243866575025193823942288949187855
-0.350342027047460783992791441207656	0.244664281626549767717044612673298
-0.351655895044428069331122878759429	0.245462177734181261059660237380302
-0.352971523402578008502706588377308	0.246260262993996003414163351972454
-0.354288916990006386571493859809754	0.247058537048390620151444510444233
-0.355608080694639788010035018093473	0.247856999536222565708088123827307
-0.356929019424345579206728464217841	0.248655650092781779267432626935736
-0.358251738107042658730768174620177	0.249454488349762090507794291019204
-0.359576241690812981785763060676769	0.25025351393523237291499632198211
-0.360902535144013865345723387713093	0.251052726473607442128206135109464
-0.362230623455391080530529105000846	0.251852125585618696759594139932938
-0.363560511634192738842121179938754	0.252651710888284499099482201423531
-0.364892204710283978947498719174011	0.25345148199488029308944429296381
-0.366225707734262460760170778583076	0.254251438514908456916250776627399
-0.36756102577757467363801142020232	0.255051580054067887549606217338329
-0.36889816393263306558250900236926	0.255851906214223314516313564528465
-0.37023712731293400039219525405028	0.256652416593374340172799746638064
-0.371577921053176549791595881704694	0.257453110785624203706853971303845
-0.372920550309382127626371916794553	0.258253988381148266067954979590728
-0.374265020259014973285429499614642	0.259055048966162212993691758252617
-0.375611336101103491581675213714271	0.259856292122889973267508280418495
-0.376959503056362456394794477999053	0.260657717429531349310321150185918
-0.37830952636731608545194205597147	0.261459324460229357175463914135553
-0.379661411298421993695566783202619	0.262261112785037272982897531028351
-0.381015163136196032761757621372279	0.263063081969885382794687231281651
-0.382370787189338024167505745360066	0.263865231576547432899375833286256
-0.38372828878885839388113833549349	0.264667561162606777438076507489974
-0.385087673288205716026905010404463	0.265470070281422220269857893448011
-0.386448946063395173552298483355485	0.266272758482093547938295188983021
-0.38781211251313794376517830127338	0.267075625309426750564906059178036
-0.389177178058971516727151837048066	0.267878670303898927458573575270989
-0.390544148145390954569961621519733	0.268681893001622874192973411329091
-0.391913028239981099882844357817503	0.269485292934311347866462622513576
-0.393283823833549741400976462024601	0.270288869629241007220845824775823
-0.394656540440261745308215796785985	0.271092622609216024256904711576815
-0.39603118359777416055140165899912	0.271896551392531363945551694260068
-0.397407758867372306648497476774087	0.272700655492935728593941048814098
-0.398786271834106852558865671969726	0.273504934419594163385834195164526
-0.400166728106931895270964543163842	0.274309387677050319574962418724956
-0.401549133318844046850765795990334	0.275114014765188371769053149424678
-0.402933493127022538783221658191281	0.275918815179194585700577409504485
-0.404319813212970352529175722068405	0.276723788409518532838128681788616
-0.405708099282656385311225308715263	0.277528933941833948149649571807846
-0.407098357066658660234218995915356	0.278334251256999227285474458157117
-0.408490592320308589939324945560225	0.279139739831017559405345943098079
-0.409884810823836303084947962008811	0.279945399134996691829182304090633
-0.411281018382517043043220172901382	0.280751228635108322646414156165682
-0.412679220826818648297356422660214	0.28155722779254711737316288731066
-0.414079424012550124122865694970223	0.282363396063489345700392717628722
-0.415481633821011315234459140768471	0.283169732899051134329423919883692
-0.416885856159143689180508811194739	0.283976237745246331843838152494804
-0.418292096959682240368104434389977	0.284782910042943981518829188574347
-0.419700362181308524704144213803125	0.285589749227825397920444630511895
-0.421110657808804834941495579373472	0.286396754730340843097917392680617
-0.422522989853209526924089243783871	0.287203925975665798122390585933275
-0.423937364351973507030881196611898	0.288011262383656825674786572166458
-0.425353787369117891225949046786298	0.288818763368807019334350853014313
-0.42677226499539284623059828393386	0.28962642834020103516750444096309
-0.428192803348437623443257710245902	0.290434256701469701164054608176811
-0.429615408572941796344158891481385	0.291242247850744200014533436832355
-0.431040086840807712234339644810216	0.292050401180609820668446265264841
-0.432466844351314169272404243960151	0.292858716078059274058507636226864
-0.433895687331281329887731369985341	0.293667191924445568320510242819124
-0.435326622035236881765463334695908	0.294475828095434438782302003324689
-0.436759654745583457716655498088229	0.295284623960956327938426977982802
-0.438194791772767325866432119320495	0.296093578885157910569306395984189
-0.439632039455448361713903439585653	0.296902692226353159105385441588171
-0.441071404160671313739968204562564	0.297711963336973944277438327754243
-0.44251289228403837436297600205246	0.298521391563520166034197056019069
-0.443956510249883068167574928193922	0.299330976246509409647636429815465
-0.445402264511445469458942722867995	0.300140716720426121864597474393994
-0.446850161551048761323014464653869	0.300950612313670301900951348150933
-0.448300207880277148503298339916125	0.301760662348505702011183841135102
-0.449752410040155136536434375494082	0.302570866141007532302104182507688
-0.451206774601328189721821155992385	0.303381223001009664394338454060718
-0.452663308164244780635434576201574	0.304191732232051328469344560911361
-0.454122017359339844034413089186423	0.305002393131323298172869363980598
-0.455582908847219648137108530496374	0.305813204989613557778045940412434
-0.457045989318848096403123611096289	0.306624167091252445942686500304927
-0.458511265495734473079400117253507	0.307435278714057270325750523838337
-0.459978744130122645921709641131728	0.308246539129276387257444241263083
-0.461448432005181739645955569018369	0.309057947601532740585922480787709
-0.462920335935198293810545730543241	0.309869503388766853751102746054892
-0.464394462765769918979764601860746	0.310681205742179269062649509701011
-0.465870819374000465168587689481825	0.311493053906172428084729236575625
-0.467349412668696716721764527936958	0.312305047118291986954658449413584
-0.468830249590566627934276837084852	0.313117184609167560386052842357799
-0.470313337112419113876481448724377	0.313929465602452888029519401926749
-0.471798682239365411045400691183474	0.314741889314765416785299821429301
-0.473286292009022022623753504915822	0.315554454955625292582556041876328
-0.474776173491715263290456575662322	0.316367161727393755059171101647192
-0.476268333790687418690494579516009	0.317180008825210928494003938363217
-0.477762780042304534838291050355451	0.317992995436933002260468392832278
-0.479259519416265852897035675572718	0.318806120743068793986087168213406
-0.480758559115814904946869736753463	0.319619383916715688517283362700596
-0.482259906377952286527429147058525	0.320432784123494945702097594187433
-0.483763568473650121915024787115185	0.321246320521486369915739546564068
-0.485269552708068238271733786903787	0.322059992261162334164880563009433
-0.486777866420772064982914721814041	0.322873798485321151516349957351846
-0.488288516985952274681176573741235	0.323687738329019786504392962137029
-0.489801511812646182638658456435849	0.324501810919505899077863313985395
-0.491316858344960921395647747810044	0.325316015376149213554638700498811
-0.492834564062298407682112175297731	0.32613035081037220495514263464284
-0.494354636479582118879680873258431	0.326944816325580094990111421268827
-0.495877083147485696465015338018246	0.32775941101709014987963903198694
-0.497401911652663394071398975242165	0.328574133972060272081044855038793
-0.49892912961798238800377956946003	0.329388984269416877902218026144874
-0.500458744702756968243459095361746	0.330203960979782052874775601873026
-0.501990764602984628182177019250871	0.331019063165399976657608066912056
-0.503525197051584071531514397578714	0.331834289880062609136152052604119
-0.505062049818635155062395076009876	0.332649640169034629276003784937525
-0.506601330711620786041016163911155	0.333465113068977618181244384454757
-0.508143047575670793441842382544545	0.334280707607873477698066019251857
-0.509687208293807792235388189412971	0.335096422804947075792941971643388
-0.511233820787195060268428758686607	0.33591225767058810982164941295652
-0.512782893015386447477067616812044	0.336728211206272178690906163026398
-0.514334432976578337398787349903419	0.337544282404481054798196587085932
-0.515888448707863681178263372851055	0.338360470248622146517511262727062
-0.517444948285488124493373050565774	0.339176773712947141879183899194267
-0.51900393982510824806252798766681	0.339993191762469823970750523741104
-0.520565431482051942632241292863383	0.340809723352883048462753017464871
-0.522129431451580939584760071011298	0.341626367430474873538634068621654
-0.52369594796915551854969306015795	0.342443122932043832381295419103471
-0.52526498931070141365089175598293	0.343259988784813338240487326180206
-0.526836563792878940270448891969734	0.344076963906345211974935366653989
-0.528410679773354364465609922257918	0.344894047204452321830961487940202
-0.529987345651073537431701164222037	0.345711237577110325085289458180629
-0.53156656986653781766491332063359	0.346528533912368501043709957607229
-0.533148360902082303742992896248736	0.347345935088259664749286322689226
-0.534732727282156400909639104657922	0.34816343997270915061377669395184
-0.536319677573606744919733672895632	0.348981047423442855043899762321015
-0.537909220385962506877499845941169	0.349798756287894326989946625071978
-0.539501364371723103078350147945913	0.350616565403110895198007040794187
-0.541096118226648334147596291215601	0.351434473595658820798700614191959
-0.542693490690050978055416217273781	0.352252479681527463714747546756328
-0.544293490545091861877560764808457	0.353070582466032451216944347313802
-0.545896126619077437465295042130512	0.353888780743717836803091472522574
-0.547501407783759886486067408255891	0.354707073298257237417115791222872
-0.549109342955639780598443243737874	0.355525458902353936866003919853813
-0.550719941096271322830993682210327	0.356343936317639943130175080070938
-0.552333211212570196545154514226762	0.357162504294573987098535731990435
-0.553949162357124048676632000739542	0.357981161572338450092633698398358
-0.555567803628505634268795896316706	0.358799906878735207375026978151972
-0.557189144171588649634732272897146	0.359618738930080374665161398652656
-0.558813193177866281812297605639027	0.360437656431097944511670397937588
-0.560439959885772502308690068984771	0.36125665807481229919302753507295
-0.562069453581006133467804335874348	0.362075742542439586638855025218871
-0.563701683596857716135033848669446	0.362894908503277945681876133809651
-0.56533665931453920764030226354213	0.36371415461459656676545130713625
-0.566974390163516539471017566243072	0.364533479521523574043812326638043
-0.568614885621845064362423525424462	0.365352881856932714621459595974685
-0.570258155216507922893550328485237	0.366172360241328840484668113981025
-0.5719042085237573600427174281141	0.366991913282732168481610112835109
-0.573553055169459022527396191370566	0.367811539576561303508198241608179
-0.575204704829439268129278672759344	0.368631237705515009854333158443064
-0.57685916722983551858670395115083	0.369451006239452715459753165104814
-0.578516452147449688023248666248606	0.370270843735273733620079860260986
-0.580176569410104719273378847228946	0.371090748736795186471880548355478
-0.581839528897004260863672552521119	0.371910719774628614370572207360479
-0.583505340539095517811345498936627	0.372730755366055255056719102041785
-0.585174014319435309810734600184859	0.373550854014899976284671543992366
-0.586845560273559370793108626916212	0.374371014211403845362500743134973
-0.588519988489854924265774160960223	0.375191234432095318823747027895159
-0.59019730910993656926302344718435	0.376011513139660035219557734699979
-0.591877532329025512174125166789151	0.376831848782809193784287503967768
-0.593560668396332180152387837558917	0.377652239796146501488507189687476
-0.595246727615442252254428549025959	0.378472684600033670750556589243427
-0.596935720344706144910258947102311	0.379293181600454449831218078432372
-0.598627656997631988782759537968888	0.380113729188877167685719172222718
-0.600322548043282134539658128337126	0.380934325742115774793027008806553
-0.602020404006673225532366139775805	0.381754969622189361224210537988368
-0.603721235469179875854067187131058	0.382575659176180132949449305996757
-0.605425053068941992734407271527759	0.383396392736089827116992418804475
-0.607131867501275782720118842693572	0.384217168618694546766947490570373
-0.608841689519088481590037570739393	0.38503798512539799516813577583312
-0.610554529933296848459358816429146	0.385858840542083089687313526554557
-0.612270399613249465041750573095092	0.386679733138961934816756812994533
-0.613989309487152881559213379110404	0.387500661170424133698462099026398
-0.615711270542501651318479954696709	0.388321622874883417190950830273346
-0.617436293826512296509405016810685	0.389142616474622569227804773876711
-0.619164390446561248325338163953658	0.389963640175636626915519941789473
-0.620895571570626805058031618708142	0.390784692167474333511969207345808
-0.622629848427735152380344166839021	0.391605770623077822115624199686912
-0.624367232308410490598999564575945	0.39242687369862050757962115189652
-0.62610773456512931423708130951913	0.393247999533343163843676879611215
-0.627851366612778889891937931823498	0.394069146249388163550682110013313
-0.629598139929119978908878499970076	0.394890311951631856483430403357571
-0.631348066055253852014604238268098	0.395711494727515063020290615742422
-0.633101156596093643666899217976489	0.396532692646871658466606179504919
-0.634857423220840094498844074978614	0.397353903761755223771110557145203
-0.636616877663461730866877617409065	0.398175126106263737783588342277594
-0.638379531723179531152571000871793	0.398996357696362285851287039026444
-0.640145397264956129118159906477786	0.399817596529703759187095027540104
-0.641914486219989605275867018148658	0.400638840585447519072144130362554
-0.64368681058621191790100840851077	0.401460087824075999579166036993326
-0.645462382428792025998984811656234	0.402281336187209222120524075802602
-0.647241213880643757226687117133163	0.403102583597417194736246802024615
-0.649023317142938474469773092393981	0.403923827958030168642496815761183
-0.650808704485622595488881132466763	0.404745067152946724159604165805623
-0.652597388247940020770322095371598	0.405566299046439657730963430274957
-0.654389380838959525450320984224222	0.406387521482959641329619607152946
-0.656184694738107171926659060470218	0.407208732286936625128130477780826
-0.657983342495703800527790380659394	0.408029929262578953879169921261635
-0.659785336733507656377375072896844	0.40885111019367016701920311896017
-0.661590690145262211371889192754804	0.409672272843363452065293567767896
-0.663399415497249240980746046034829	0.41049341495397372042556364652191
-0.665211525628847216382408890374564	0.411314534246767274286892879826901
-0.667027033453095073266506602642137	0.41213562842174903277896608799487
-0.668845951957261419461203211528731	0.412956695157447285141639655136465
-0.670668294203419244387244541556229	0.413777732110695938142637767434922
-0.672494073329026194195440500492551	0.414598736916414224504678410041332
-0.674323302547510477313074279929667	0.415419707187383838605115002315514
-0.676155995148862466007099152987621	0.416240640514023465206914669785491
-0.677992164500232060468233685260338	0.417061534464160666467126137410282
-0.679831824046531882830445991964181	0.417882386582801091947763822490689
-0.681674987311046369465081178679639	0.418703194391894975824091477048968
-0.683521667896046830828292447774867	0.419523955390100884946467007723732
-0.685371879483412549094749956524008	0.420344667052546680864044901018046
-0.687225635835257984780092180700238	0.421165326830587658361555628805775
-0.689082950794566164539527581685021	0.42198593215156182249392066319477
-0.69094383828582832333067074201963	0.422806480418542265527441906497191
-0.692808312315689875145393532034544	0.423626969010086604610546431356475
-0.694676386973602787548480900835917	0.424447395279983440401388710436466
-0.69654807643248443631050117968578	0.425267756556995796273826484410231
-0.698423394949383017488837143517387	0.426088050144601497107202681887656
-0.700302356866149595394587605563438	0.42690827332073044603879000763739
-0.702184976610116865984357584888141	0.427728423337498756920488538618348
-0.704071268694784716335132255931546	0.428548497420939699573207340374464
-0.705961247720512661997806890043226	0.42936849277073141427310191955746
-0.70785492837521924518085967372782	0.430188406559921351233269094492344
-0.70975232543508847789045155574117	0.431008235934647390162403979135917
-0.711653453765283415347269295861217	0.431827978013855594288080068960338
-0.713558328320666946214054234109214	0.432647629889014552526498064681338
-0.715466964146529887401347127787033	0.433467188623826262762532478967412
-0.717379376379326472472903636152639	0.434286651253933508473452771465357
-0.719295580247417323946878537073138	0.435106014786623680186568284832203
-0.721215591071820001084630539608319	0.43592527620052899250499903469914
-0.723139424266967216076262941835631	0.436744432445323046666557634378118
-0.725067095341472812871196230399495	0.437563480441413687818086150831775
-0.726998619898905604263583611735115	0.438382417079632105391264850691464
-0.728934013638571164226654925889919	0.439201239220918124155631351049458
-0.730873292356301673897543094085341	0.440019943696001632700046641323076
-0.732816471945253921045254232336966	0.440838527305080095254840909412012
-0.734763568396715554309641462500402	0.44165698681749209191308318447242
-0.736714597800919694978996732368964	0.442475318971386831440554429478536
-0.738669576347868010578658145019784	0.44329352047338957997976749346406
-0.740628520328162356073326229025548	0.444111587998262948053466412526863
-0.742591446133845090042085647564074	0.444929518188563977357142453273002
-0.744558370259248174767944252482007	0.445747307654296967897908761354955
-0.746529309301851170793545423835987	0.446564952972561985088256301610167
-0.748504279963148238132109930236615	0.447382450687198985437440628066011
-0.750483299049524257988159361542564	0.448199797308427498500184283857788
-0.752466383473140190536715697017066	0.449016989312481801741678215962165
-0.7544535502528277860330241591053	0.449834023141241523959174758649017
-0.756444816514993768277985053209482	0.450650895201857611863423913921362
-0.758440199494533611247993512004676	0.451467601866373593367445225373818
-0.760439716535755031512375788785111	0.452284139471342070055272661311457
-0.762443385093311320907692279606923	0.45310050431743637020897431655373
-0.764451222733144645816479897474794	0.453916692669057292658038489373974
-0.766463247133439441309173014532481	0.454732700753934870580730011289635
-0.768479476085586030352630667653424	0.455548524762725083231843744531732
-0.770499927495154600267580687038466	0.456364160848601442394994750635579
-0.772524619382879670631056689185201	0.457179605126841379159756070387788
-0.774553569885655188869254926926775	0.457994853674407355404144858597675
-0.77658679725754039187189427665661	0.458809902529522623120715280605917
-0.778624319870776574081860053584504	0.459624747691241553459381317483841
-0.780666156216814904674403605428228	0.46043938511901445607159312258031
-0.782712324907355438639224736418627	0.461253810732246808028144698010421
-0.784762844675397468817170658853452	0.46206802040985281024620521127951
-0.786817734376301368221849223261135	0.462882009989803187999636683437785
-0.788877012988862074296000134262475	0.463695775268667150699770833141124
-0.790940699616394369113839320043917	0.464509312001148424721039387707477
-0.793008813487830111944651793760253	0.465322615899615271606644747556407
-0.795081373958827583040540539459153	0.466135682633624402523268516471874
-0.797158400512893100003347118848712	0.466948507829438698340078191891581
-0.799239912762515070623268941967107	0.467761087069538643185428120869191
-0.801325930450310648665555308123554	0.468573415892127377784066968162962
-0.803416473450185161712838524814099	0.469385489790629277297753785354289
-0.805511561768504482850139645227591	0.470197304213181956782327395612289
-0.807611215545280520708396096162474	0.471008854562121605733833634956927
-0.809715455055370005161530255988643	0.471820136193461551524641386055867
-0.811824300709686748802678172983326	0.472631144416363949826905228706977
-0.813937773056427567208315757025005	0.473441874492604498384577984695127
-0.81605589278231204393577165805088	0.474252321636030068725742255752507
-0.818178680713836329191144139004977	0.475062481012009148603601342467484
-0.820306157818541164152113499590167	0.475872347736874986116314644526923
-0.822438345206294326034760149438692	0.476681916877361324582231132055025
-0.824575264130587692156488360345243	0.477491183450030615337199025375896
-0.826716935989849124469773876327974	0.478300142420694593673724151576408
-0.828863382328769379324987293030569	0.479108788703827101157008231752161
-0.83101462483964425056631316164733	0.479917117161969035529496696388115
-0.833170685363732157474138066327333	0.480725122605125307352658535921258
-0.835331585892627392541603494427551	0.481532799790153680431442537471113
-0.837497348569649247613729181537961	0.482340143420145370922318205419228
-0.839667995691247240526062700979371	0.483147148143797277839107104456686
-0.841843549708422668057690187650891	0.483953808554775715441010319103581
-0.844024033228166714762176905244042	0.484760119191071515713386230214241
-0.846209469014915351061158424939879	0.485566074534346366832952289039715
-0.848399879992021257880475943948753	0.486371669009270251144173081371655
-0.85059528924324301907958519249786	0.487176896982849843761627942864612
-0.852795720014251826973151024914199	0.487981752763747730453072313005508
-0.855001195714155950370994983143248	0.488786230601592300948639166018592
-0.857211739917043218770660109406625	0.48959032468627817126206443163788
-0.859427376363541780627609965177832	0.490394029147256985998829694018943
-0.861648128962399398003346981720952	0.491197338052818448962534408991337
-0.863874021792081544353425908819328	0.492000245409361427653446780786923
-0.866105079102388576767406750110167	0.492802745160654974480815430919931
-0.868341325316092258613243576444846	0.493604831187089104681900131820214
-0.870582785030591913271497702424533	0.494406497304915168054514260530091
-0.872829483019590494472205372985441	0.495207737265475648664846477278972
-0.875081444234790863671385086275233	0.496008544754423223687092868282379
-0.877338693807612569927257549829921	0.496808913390928909464597059380309
-0.879601257050929432860549027548198	0.497608836726879119752342489204301
-0.88186915946082823451109255887866	0.498408308246061457906309217357815
-0.88414242671838883123672807102582	0.499207321363339061524900573361021
-0.886421084691486002242691147048092	0.500005869423813314719826920812727
-0.888705159436613356882794892418017	0.500803945701974739796929042134474
-0.890994677200729628540339912905243	0.501601543400841876659815131581065
-0.893289664423127688679491978431361	0.502398655651087954709213671910845
-0.895590147737326620559573741357522	0.503195275510155158396906442796685
-0.897896153972987198128126339212642	0.503991395961356283903253492841566
-0.900207710157851121756583593740605	0.504787009912963580639860754206494
-0.902524843519704368757917079928938	0.50558211019728456743202910464201
-0.904847581488365023031684607929772	0.506376689569724609307370057024746
-0.90717595169769595472165876729573	0.50717074070783603680543635458849
-0.909509981987642727447820768978888	0.507964256210353585626402045807759
-0.911849700406297117491258529582159	0.508757228596215930252689033020005
-0.914195135211986636270775989352606	0.509549650303573080903873411020403
-0.916546314875390454557263481221201	0.510341513688779408820056111130388
-0.918903268081682134129650981350686	0.511132811025372060409930906980722
-0.921266023732699579988218480521618	0.511923534503034516244750909267696
-0.923634610949142633810921454298562	0.512713676226545046225942367831743
-0.926009059072798737070058160812399	0.513503228214709807499838017099464
-0.928389397668797100124018812577906	0.514292182399280326835431521225796
-0.930775656527891821666083206832052	0.515080530623855104217652031090309
-0.933167865668774411153454246058219	0.515868264642765069336815666219409
-0.935566055340416175259226907431148	0.516655376119942617471948916536568
-0.937970256024440937992212043045525	0.51744185662777394596884316044257
-0.940380498437528572919001456964722	0.518227697645934407100158660366146
-0.942796813533849834904041492163804	0.519012890560206587561740395411565
-0.945219232507532987961574226175284	0.519797426661280819203545263399756
-0.947647786795162735193040619644021	0.520581297143537819812134799135366
-0.950082508078311966369990043169209	0.521364493103813156851397177675044
-0.952523428286106848520920490065214	0.522147005540143221025775044055163
-0.954970579597825794896146443975056	0.522928825350492390352447541436318
-0.957423994445532857923272459684135	0.523709943331461059112206557184841
-0.959883705516746102232813172389773	0.524490350176974199589641269676558
-0.962349745757141524534780290823249	0.52527003647695011790806287777784
-0.964822148373293098068657404226746	0.526048992715949058509619744937177
-0.967300946835449530537280367749552	0.526827209271801304922421060149376
-0.969786174880348335876089350303065	0.52760467641421441739024217532916
-0.972277866514067831909557276446032	0.528381384303359240712449806878119
-0.974776056014917687913057450401719	0.529157322988434308247964483556594
-0.977280777936368658337935962752987	0.529932482406208260473052751399068
-0.979792067110022151477230006344343	0.530706852379539888744068075982011
-0.982309958648620294656658605391397	0.531480422615875406998361961227265
-0.984834487949097170637760612201646	0.532253182705722546024755597915794
-0.987365690695671913325142299935685	0.533025122121101056644348229881831
-0.989903602862984364585729955165803	0.533796230213969199658048470107502
-0.992448260719274008022945914832945	0.534566496214625791733907581765443
-0.994999700829602909911329580863714	0.535335909230087367519814395645745
-0.997557960059123412196051996788628	0.53610445824244000916992667266781
-1.00012307557639133750602973907765	0.536872132107165385160746138410436
-1.00269508485672548152820827003085	0.53763891955144053073920763569545
-1.00527402568561418385361361164845	0.538404809172410892584585426827054
-1.00785993616216978454281066859727	0.539169789435436150272279357103793
-1.01045285470263179017960223949931	0.539933848672308316894301155150191
-1.01305282004391959009760930477693	0.540696975079441610712014117144956
-1.01565987124723558078556470240345	0.54145915671603357898466549627574
-1.01827404770171957421483329452133	0.542220381502196944125561154449351
-1.020895389128155383998288259514	0.542980637217061631079223789887602
-1.0235239355827305018950245009808	0.543739911496846423280185663633152
-1.02615972746084979623264091730022	0.544498191832899682739601909906756
-1.02880280550100418334051580155598	0.545255465569708557701802405028418
-1.03145321078869524308656712249637	0.546011719902876088911155246445574
-1.03411098476041677009976934039655	0.546766941877065612821866396786701
-1.03677616920769427325494648534421	0.54752111838391184706099916915383
-1.03944880628118345750926602351624	0.548274236159898030109203945653164
-1.04212893849482874422605599731874	0.549026281784198473485262074091086
-1.04481660873008290871615902358659	0.549777241676485870700136900278443
-1.04751186024018893688560073786137	0.550527102094702692874057098845206
-1.0502147366545252266169636199146	0.551275849132795986176189040542375
-1.0529252819830152838471104639508	0.552023468718414871140319415519662
-1.05564354062060308825291811198089	0.552769946610570028420966100627186
-1.05836955735179532903713581903239	0.553515268397254439671417570809081
-1.06110337735527173753661910667608	0.554259419493024635936963703451187
-1.06384504620856477027384592301147	0.555002385136541689251246810351274
-1.06659460989280992365924671282458	0.555744150388071165989069419791928
-1.06935211479756798984655763000779	0.556484700126941242952584074322368
-1.07211760772572059226687820880963	0.557224019048958169136586116090689
-1.07489113589844036914080439232565	0.557962091663778237619230447775344
-1.07767274696023720381404414579375	0.558698902292235413043050646937604
-1.08046248898408193210316718618692	0.559434435063623740673365999495099
-1.08326041047660898899821264317808	0.560168673912933643032233772474266
-1.08606656038339949007218538789484	0.560901602578041189590759772310015
-1.08888098809434627681923563515404	0.561633204596849403945025546254493
-1.09170374344910248990960537536228	0.562363463304380651284798122037085
-1.09453487674261527003718457534551	0.563092361829819126772677646366498
-1.09737443873074622267260514529409	0.563819883093502442666955649861573
-1.10022248063598032065001054237877	0.564546009803861288626152533880331
-1.10307905415322495713875201070131	0.56527072445430611560830992544792
-1.10594421145570090121307343961354	0.5659940093200597691043230645828
-1.10881800520092694896520479176556	0.56671584645493497210193580138253
-1.11170048853680010494313264715168	0.567436217688055532144820175566232
-1.11459171510777317166773540377221	0.568155104620520120108040121908765
-1.11749173906113166913021934551738	0.568872488622007440835025216715581
-1.12040061505337205152635409486005	0.569588350827321587549051766971677
-1.12331839825668323508663763978845	0.570302672132876342940436678081188
-1.1262451443655334987502987223262	0.571015433193117160014650320099061
-1.12918090960336486864641643799385	0.571726614416879525140935425662497
-1.13212575072939714792927725241279	0.572436195963682374239464658417566
-1.13507972504554380551075300529594	0.573144157739955200660326471758105
-1.1380428904034419906848634047187	0.573850479395197460011468536703195
-1.14101530521159899559527588316682	0.574555140318068842955907665892123
-1.14399702844265754400344972755594	0.575258119632408951790737720879151
-1.14698811964078234292333350434122	0.57595939619318488041033883398414
-1.14998863892917039344965518231478	0.576658948582365160011178211772806
-1.15299864701768761857445166265125	0.577356755104718494581974107493129
-1.15601820521063442901606053448512	0.578052793783535670805815049450412
-1.15904737541464291313385494296515	0.578747042356272986443846277021156
-1.16208622014670840393015842493943	0.579439478270115499535777798665774
-1.16513480254235824500983426207092	0.580130078677458357801765143448653
-1.16819318636396064824208392254055	0.580818820431304423422747551895432
-1.17126143600917660881446173361838	0.581505680080576362870173380951168
-1.17433961651955791845493489943061	0.582190633865341324607702322089775
-1.17742779358929439489547419451687	0.58287365771194627925181595086212
-1.18052603357411352523430989595545	0.583554727228062047108455081379693
-1.18363440350033580280057319835368	0.58423381769763398685022163495591
-1.18675297107408912151440934922735	0.584910904075737266412871182651477
-1.1898818046906856786506603891611	0.585585960983334582918388557380288
-1.19302097344416492644088610007971	0.586258962701934142520481493682771
-1.19617054713700620517611547119049	0.586929883168145653460349193930116
-1.19933059629001478549401063349327	0.587598695968132026257402154435927
-1.20250119215238514544535772983159	0.588265374331954413780266058698502
-1.20568240671194540883596721720979	0.588929891127808160884558994498582
-1.2088743127055869753350367780412	0.58959221885614716829977134021135
-1.21207698362988348003771123177308	0.590252329643694108429698252820438
-1.21529049375190333068008830495047	0.590910195237333861628173183730817
-1.21851491812022018464578670604095	0.591565786997887470250407175972365
-1.22175033257612584539552166556467	0.592219075893763834283191613537206
-1.22499681376505017912081917282848	0.592870032494486296544639535828528
-1.22825443914819277740093770041265	0.593518626964091187232883793715733
-1.23152328701437122056436705155845	0.594164829054395316906731146121253
-1.23480343649209092946449792562745	0.594808608098129323709703087554308
-1.23809496756184173062045228889971	0.595449933001933694708534452614837
-1.24139796106862640130182597388893	0.596088772239214192510587346547578
-1.24471249873472660730962201823459	0.596725093842853326750315754470371
-1.24803866317271179709083434962751	0.597358865397774415487256531342299
-1.25137653789869677159364462960868	0.597990054033354683927032609464363
-1.25472620734585381010377532787314	0.598618626415683747047977704895319
-1.25808775687818539838736345191804	0.599244548739663718569898631118109
-1.26146127280456377699669331132793	0.599867786720947081113857843631159
-1.26484684239304370477526756701293	0.600488305587708341243136109707382
-1.26824455388545501563949397990802	0.601106070072245378210705804261573
-1.27165449651228173583607931570813	0.601721044402406276526867697150818
-1.27507676050783472430669065946498	0.602333192292837309755443689731526
-1.27851143712572500077392024458675	0.602942476936047616095064654771193
-1.28195861865464513494459386914665	0.603548860993285975144063341355329
-1.28541839843446628606816369364319	0.604152306585224959616808636178448
-1.28889087087265870526064347914676	0.604752775282447595502316079905259
-1.29237613146104374379127884252817	0.60535022809573151905139620276192
-1.29587427679288564922513593174639	0.60594462546612546885728720714274
-1.29938540458033167822810312888362	0.606535927254812795959182625496949
-1.30290961367220931029293863922599	0.607124092732756514142114988144082
-1.30644700407218961097156166252199	0.607709080570120246214960888563278
-1.30999767695732606675015354124315	0.60829084882545924979597053914383
-1.31356173469697849684568429422812	0.608869354934675527787214250120972
-1.31713928087213194031734507841995	0.609444555699730844030137901713559
-1.3207304202951207203732446981681	0.610016407277111273347402848986418
-1.32433525902976820202871970739664	0.610584865166036717023086672602226
-1.3279539044119530847736099581903	0.611149884196408609473649305969476
-1.33158646507061340908749654620157	0.611711418516488829122492510420186
-1.33523305094919980498054462618923	0.612269421580302606004635030717316
-1.33889377332758987273136845578931	0.612823846134757990073986565497686
-1.34256874484447596116324408008517	0.613374644206474207228020423720816
-1.34625807952023899769108006703542	0.613921767088310984351734102131979
-1.3499618927803214275541327412563	0.614465165325590669846582818597809
-1.35368030147911273772040347560482	0.615004788702004711765168125108725
-1.35741342392436147453280888538546	0.615540586225195781415213098139252
-1.3611613799021281139187915717846	0.616072506112006545703907629799132
-1.36492429070229360958918904375935	0.616600495773385796122999874399335
-1.36870227914463892882660174297351	0.617124501798942335661697822365839
-1.37249546960551138796016403941091	0.617644469941136706591767450891659
-1.376303988045094121230572415531	0.618160345099100511486795446059155
-1.38012796203529555829251300558531	0.618672071302072736480165536352343
-1.38396752078827634794734235236369	0.619179591692442129072390003425689
-1.38782279518563174975528603237893	0.619682848508384312178901301584322
-1.39169391780824812189627487959977	0.620181783066081930945940525466548
-1.39558102296685276403146925553111	0.620676335741515728505715935262674
-1.39948424673327702901260642691586	0.621166445951814030611024675036844
-1.4034037269724532981947844367262	0.621652052136147686268256776095922
-1.4073396033751671229864479036109	0.622133091736157061324190533001412
-1.41129201749158657133254062694819	0.622609501175897213666110647598388
-1.41526111276559158334874389263332	0.623081215841286891436063888538072
-1.41924703456992693664690737072555	0.623548170059046488565417794216758
-1.42324993024220325042310396278568	0.624010297075109564087165400786072
-1.42726994912177131960140381988776	0.624467529032491982114858797576114
-1.43130724258749596779608852983233	0.624919796948602157072530261183556
-1.4353619640964565422110337256537	0.625367030691975292650072161727363
-1.43943426922360214656124714018849	0.625809158958413881917526251958451
-1.44352431570239072149232838167419	0.626246109246516088874145594395162
-1.44763226346644213769884816805975	0.626677807832572957185334271925202
-1.45175827469223656701352420054825	0.627104179744814688657134439340158
-1.4559025138428905432740203593775	0.627525148736985500727432753294281
-1.4600651477130443200052125858397	0.627940637261225807454001919822758
-1.46424634547489537823418337674201	0.628350566440239670610755923789851
-1.46844627872541423756290538249786	0.628754856038724634939621094906416
-1.4726651215347800795746555866089	0.629153424434040192631084235657377
-1.47690305049607510750318181246016	0.629546188586090214911607864590734
-1.48116024477627804275919046343497	0.629933064006393741289653677311705
-1.48543688616859870045897909189491	0.630313964726317527535863012148418
-1.48973315914619719577856447357809	0.63068880326444271971506355290172
-1.49404925091733301418907191239706	0.631057490593036941295366812497871
-1.49838535148199093503447267292306	0.631419936103601951151353966118405
-1.50274165369003263331553583393288	0.631776047571465849636250407913328
-1.50711835330092470298715388351569	0.63212573111938757515876569676319
-1.51151564904509585083543738756761	0.632468891180140142045993994947361
-1.51593374268697810759879673436684	0.632805430458037718921901934859973
-1.52037283908978909721938051143744	0.633135249889370232223681382470867
-1.52483314628211470102356961733085	0.633458248601707698471123829070761
-1.52931487552635385659690916923485	0.633774323872034937953746438111742
-1.53381824138908974682192314669147	0.634083371083675697851153860011591
-1.53834346181345426900750950410794	0.634385283681963510472375063329736
-1.54289075819355543363810062056024	0.634679953128614828066706557868586
-1.54746035545104023377686427669372	0.634967268854758105041444196515626
-1.55205248211386855674846693519094	0.635247118212570536665371244250967
-1.556667370397376887020833133176	0.635519386425472105391890785340663
-1.56130525628771388128821604512616	0.635783956536824426439335630358491
-1.56596637962773339221691641129845	0.636040709357079617519884107064974
-1.57065098420543418527268077212364	0.636289523409322037555517649752477
-1.57535931784503944320017344311765	0.636530274873143239418594684815097
-1.58009163250081319537735823361424	0.636762837526787855334049886564677
-1.58484818435371505538397804234788	0.636987082687505373288166669470836
-1.5896292339109991113681832776389	0.637202879150039860842192651482308
-1.59443504610886750258505620383011	0.637410093123186640879486404554225
-1.59926589041829414503722715842714	0.637608588164341713212437034147409
-1.60412204095413925355662598581468	0.637798225111966337249032009338568
-1.60900377658768076193978363915197	0.63797886201588563405394252909993
-1.61391138106269448289337914688421	0.638150354065336320450952198884209
-1.61884514311522089263580440727289	0.638312553514674741898651553122417
-1.62380535659716278925497954635698	0.638465309606652212552491960375915
-1.62879232060386477879544920578519	0.638608468493160287194974750683725
-1.63380633960583260931697544293904	0.638741873153343966668797859405757
-1.63884772358475782303598278734477	0.63886536330897596121910146591571
-1.6439167881740210538682008184329	0.638978775336979988837395575144365
-1.64901385480385558762588432008447	0.639081942178985651280707538992055
-1.65413925085136155195653871062087	0.639174693247791690689622617357153
-1.6592933097955703419317850813356	0.63925685433060836512337204456854
-1.6644763713777686461645467734835	0.639328247488943270941625580347867
-1.66968878176730175084378311679249	0.639388690954988161349367031062213
-1.67493089373308670093442198026991	0.63943799902435713950505282654463
-1.68020306682107742740801680453742	0.639475981945019015526097472831831
-1.68550566753793614797637174302056	0.63950244580225858174906575052637
-1.69083906954117826067269088167002	0.639517192399493049883296480806705
-1.69620365383607162233756404912313	0.639520019134760875161807329719759
-1.70159980897958558876676132377717	0.639510718872690631737757924082567
-1.70702793129170054498097691727211	0.639489079811747463258972693650327
-1.71248842507440493199716862090773	0.639454885346543872778700744605977
-1.7179817028387240443824255168624	0.6394079139249901938259688642857
-1.72350818554014319946222579975278	0.639347938900047953090138525298716
-1.72906830282280733841243688570356	0.639274728375836444633334369772032
-1.73466249327289979150172853268674	0.639188045047829131706627998341893
-1.74029120468162491073001974963926	0.639087646036861916647596884223719
-1.74595489431824263620131205424066	0.638973282716659808788461061568781
-1.75165402921362791847497428540475	0.638844700534572006464609287076872
-1.75738908645485437676195663370164	0.638701638825187818123695110382817
-1.76316055349132975002456541307987	0.63854383061648709910383418713413
-1.76896892845304072242215940140576	0.638371002428158888085520693430917
-1.77481472048149671441340202804264	0.638182874061700596413398760984012
-1.78069845007399637613702701005519	0.637979158381887332308965594691239
-1.78662064944187696316825096035155	0.637759561089176619563018159222018
-1.79258186288344569308076476086404	0.637523780482587776109663610914074
-1.79858264717233376643894611265578	0.637271507212567420910854872381235
-1.8046235719620581966953885658275	0.63700242402332283523152422716677
-1.81070522020762415719530337810357	0.636716205484073061375687809973433
-1.81682818860505146755177863433441	0.636412517708633509045214641397438
-1.82299308804976337576438882536157	0.636091018062713272087161817367399
-1.82920054411483424079970166816714	0.635751354858265135023641727941732
-1.83545119755015540408716159615654	0.635393167034186149296195502994803
-1.84174570480364580837477131929232	0.635016083822621442947599322874938
-1.84808473856570616228627492818659	0.634619724400075331171419013677637
-1.85446898833819307857621885766401	0.634203697522481530385582791529664
-1.86089916102927309335459874617904	0.633767601143328029113316556720569
-1.86737598157560630657960976541036	0.633311022013871588176222990901887
-1.87390019359340612404958496472853	0.63283353526441154970270520239331
-1.88047256006002583546241202630829	0.632334703965522210683794481203246
-1.88709386402783519965618622776717	0.631814078668067001824133803567199
-1.89376490937227156169036072797165	0.631271196920735599220884681797403
-1.90048652157608110625520509871516	0.63070558276375632611226943021944
-1.90725954855190755021641309798195	0.630116746197340157987758849765006
-1.91408486150553887853302702247831	0.629504182623308645769488890844768
-1.92096335584228872005890214501214	0.628867372258245365691286789024742
-1.92789595211916884574766402882903	0.628205779516388257686367940512842
-1.93488359704570438321834516910612	0.627518852360347503379729478040934
-1.94192726453645515439568987965625	0.626806021617589396228071110581755
-1.94902795681853669456118395126372	0.626066700260469832970610407849741
-1.95618670559768482062851954056278	0.62530028264743034337611445717464
-1.96340457328668010670089226340646	0.624506143722783567502757907618679
-1.97068265430024554836830831873085	0.623683638172312218694608148344563
-1.97802207642085456474389789748015	0.622832099531684087307620533717431
-1.98542400224024010169861818395059	0.621950839244443590850901152678744
-1.99288963068178209364129278250504	0.621039145666075575384219459839392
-2.00042019860937342014012937177046	0.620096283010347072862374207093135
-2.00801698252882768618741330430244	0.619121490233814774400470277108121
-2.0156813003884000694119836898567	0.61811397985403700698239488661369
-2.0234145134855500680670190461154	0.617072936696645533369441257664359
-2.03121802848768782536278579407804	0.615997516566010626305743354554139
-2.03909329957532008226997016565671	0.614886844833768193100242517312329
-2.0470418307167548150911652185104	0.613740014938965268379074913888549
-2.05506517808434326463523556105529	0.612556086793014319950174114722911
-2.06316495262314344086832389423647	0.611334085082021143334882542357087
-2.07134282278389058942386131647716	0.610072997458358409954596837060113
-2.07960051743326923551843671979356	0.608771772612588944342246753466813
-2.08793982895571159409229916039708	0.607429318215990153500450199019834
-2.09636261656231353644829199948915	0.606044498722983008897157337480325
-2.10487080982397927746892096273445	0.604616133021713347307051477581711
-2.11346641244759934267622104227168	0.603142991919855989889712966626781
-2.12215150631595595081892026393853	0.601623795451397189067444082878459
-2.13092825581416185516947704686419	0.600057209988679697370675332291134
-2.1397989124678030320465998380282	0.59844184514234599133372868539439
-2.14876581992060712436641218428038	0.596776250429964257779066199617547
-2.15783141928243840642592431544454	0.595058911692040168898292509426709
-2.16699825488177278134019320608751	0.593288247231772191016860745881172
-2.17626898046058702489364087531548	0.591462603652260771991712339278624
-2.18564636585386810889306870573588	0.589580251361887462711696005492936
-2.1951333042007844666856705223531	0.58763937971518654442472989811715
-2.20473281974004751274080484234459	0.585638091752677792733731088125064
-2.21444807624822952168500553297657	0.583574398498742665374877650932484
-2.2242823861869118617965770154527	0.581446212771622730943095728037749
-2.2342392206326556895450399652093	0.579251342453898505655844055788613
-2.2443222200730813796368002007263	0.576987483165250528797316222257249
-2.25453520616301004842196813592326	0.574652210271771694848904834388401
-2.26488219454689495642150974972377	0.572242970157422778849658846670687
-2.27536740886793243525856720403061	0.56975707067320111026079400856837
-2.28599529610062705645042847908662	0.567191670667984755594443887366873
-2.296770543362598023220296335299	0.564543768491531533153493760680028
-2.30769809638354104487091435410955	0.561810189344403454963605969261242
-2.31878317983509358044941124026227	0.558987571331227880727875864357154
-2.33003131975561099527289612684184	0.556072350052179278022148272897637
-2.34144836833942640437530612357869	0.553060741542237094951771947440111
-2.35304053140211738593005431790418	0.549948723337868422020896601142475
-2.36481439888296954356745239952227	0.546732013415339536537745863681607
-2.37677697880485934752538605992788	0.543406046702688736570393660084858
-2.38893573518223030193015072870773	0.539965948817012203246475805254003
-2.40129863045227746798219651327496	0.53640650661826899935684589214997
-2.41387417310612025081712011408102	0.532722135097963486070828744696667
-2.42667147131972615218286193756112	0.528906840032853244405737807319073
-2.43970029353386219122554664699248	0.524954175726486235043434298681128
-2.45297113711507681022859675102243	0.5208571970300559219467041963558
-2.46649530645427260076007574390998	0.516608404672534071552983468915377
-2.4802850021370181969099463414078	0.512199682730181394360331969122334
-2.49435342316502660257250079756861	0.50762222681671534430758139172586
-2.50871488464054145407950175190852	0.502866461263597813966925005423014
-2.52338495387046298982277828958241	0.497921943166409197527795380562392
-2.53838060853947176812343472210355	0.492777250673002508085996276362557
-2.5537204214880158174227458810684	0.487419852248049167846380946972971
-2.56942477777596354519353320931019	0.481835952820075596087641511781097
-2.58551613120479263460648218627772	0.47601031163658368025690845789702
-2.60201930943476130658196318938792	0.469926025229891172570825773271246
-2.61896187944499766131630744411975	0.463564267002585319862669876990119
-2.6363745885974537811987854312223	0.456903972392406127613329485519172
-2.65429190135018485741027674431926	0.449921455102672536044089665464142
-2.67275265826983369263403023383374	0.442589935086803434676462622838855
-2.69180089324459977488197670878296	0.434878952251878279923363313483449
-2.71148685796854506596081178958349	0.426753630270879701985359807998576
-2.73186832185071630245824413471324	0.418173741013552702658399524243684
-2.75301224370153021576962678779589	0.409092499588957859612881156830535
-2.77499695414064883679585863999395	0.39945498899635404287424340887971
-2.79791505359756795694084573281446	0.389196065393393368032889062060928
-2.82187733568658900826192216677903	0.378237518618296886762776760152627
-2.84701821802620199774997778377144	0.36648413717474376181289925412268
-2.87350345594583260317678418954907	0.353818113313703407409412613996823
-2.90154143555896668340421303923274	0.340090844567700780370151987202181
-2.93140031511638477626892584801989	0.32511048033583320867850064610273
-2.9634352095754933069401648989033	0.308622160617986305981449656149133
-2.99813371552126406440296360076315	0.29027490973401397223935489084381
-3.03619764519053739926972625868663	0.269562186650766563784680959655423
-3.07870398544210627135043456681365	0.245704809328141142670768645961541
-3.12746582441971533008352051048955	0.217388464618974984466853144601533
-3.18601993993404514169928080978285	0.182045567475956485859481234416133
-3.26350707556065681632331837110918	0.133032758934054508406944856746964
