0.5994432884374880	-0.0927030479449475
0.5996454598097551	-0.0927010847284940
0.5998478459350671	-0.0926991073992227
0.6000504472285360	-0.0926971159208524
0.6002532641064753	-0.0926951102569945
0.6004562969863850	-0.0926930903711372
0.6006595462869700	-0.0926910562266228
0.6008630124281360	-0.0926890077867146
0.6010666958309919	-0.0926869450145150
0.6012705969178677	-0.0926848678730359
0.6014747161122983	-0.0926827763251368
0.6016790538390537	-0.0926806703335734
0.6018836105241105	-0.0926785498609630
0.6020883865947125	-0.0926764148698139
0.6022933824792891	-0.0926742653224965
0.6024985986075541	-0.0926721011812768
0.6027040354104451	-0.0926699224082522
0.6029096933201521	-0.0926677289654427
0.6031155727701247	-0.0926655208147050
0.6033216741950694	-0.0926632979177806
0.6035279980309610	-0.0926610602362835
0.6037345447150346	-0.0926588077316934
0.6039413146858125	-0.0926565403653789
0.6041483083830891	-0.0926542580985558
0.6043555262479409	-0.0926519608923198
0.6045629687227478	-0.0926496487076297
0.6047706362511598	-0.0926473215053229
0.6049785292781533	-0.0926449792460859
0.6051866482499968	-0.0926426218904991
0.6053949936142584	-0.0926402493989889
0.6056035658198488	-0.0926378617318503
0.6058123653169661	-0.0926354588492568
0.6060213925571578	-0.0926330407112246
0.6062306479932942	-0.0926306072776531
0.6064401320795749	-0.0926281585082986
0.6066498452715654	-0.0926256943627875
0.6068597880261376	-0.0926232148005833
0.6070699608015452	-0.0926207197810488
0.6072803640573912	-0.0926182092633795
0.6074909982546389	-0.0926156832066449
0.6077018638556206	-0.0926131415697671
0.6079129613240413	-0.0926105843115373
0.6081242911249898	-0.0926080113906012
0.6083358537249250	-0.0926054227654499
0.6085476495917128	-0.0926028183944591
0.6087596791946089	-0.0926001982358339
0.6089719430042545	-0.0925975622476557
0.6091844414927220	-0.0925949103878465
0.6093971751334817	-0.0925922426142003
0.6096101444014171	-0.0925895588843425
0.6098233497728447	-0.0925868591557859
0.6100367917255145	-0.0925841433858580
0.6102504707385888	-0.0925814115317629
0.6104643872926978	-0.0925786635505633
0.6106785418698889	-0.0925758993991456
0.6108929349536965	-0.0925731190342686
0.6111075670290834	-0.0925703224125354
0.6113224385824859	-0.0925675094903978
0.6115375501018091	-0.0925646802241528
0.6117529020764390	-0.0925618345699595
0.6119684949972434	-0.0925589724837986
0.6121843293565642	-0.0925560939215220
0.6124004056482546	-0.0925531988388174
0.6126167243676507	-0.0925502871912146
0.6128332860116096	-0.0925473589341001
0.6130500910784852	-0.0925444140226812
0.6132671400681678	-0.0925414524120409
0.6134844334820555	-0.0925384740570761
0.6137019718230848	-0.0925354789125424
0.6139197555957308	-0.0925324669330194
0.6141377853059936	-0.0925294380729439
0.6143560614614524	-0.0925263922865995
0.6145745845712105	-0.0925233295280773
0.6147933551459651	-0.0925202497513345
0.6150123736979526	-0.0925171529101564
0.6152316407409971	-0.0925140389581584
0.6154511567905060	-0.0925109078488070
0.6156709223634766	-0.0925077595353930
0.6158909379784862	-0.0925045939710455
0.6161112041557308	-0.0925014111087201
0.6163317214169974	-0.0924982109012189
0.6165524902857007	-0.0924949933011640
0.6167735112868651	-0.0924917582610204
0.6169947849471551	-0.0924885057330717
0.6172163117948571	-0.0924852356694395
0.6174380923598999	-0.0924819480220764
0.6176601271738724	-0.0924786427427475
0.6178824167700017	-0.0924753197830722
0.6181049616831826	-0.0924719790944764
0.6183277624499841	-0.0924686206282169
0.6185508196086459	-0.0924652443353781
0.6187741336990886	-0.0924618501668681
0.6189977052629211	-0.0924584380734187
0.6192215348434569	-0.0924550080055812
0.6194456229856996	-0.0924515599137370
0.6196699702363830	-0.0924480937480835
0.6198945771439363	-0.0924446094586361
0.6201194442585291	-0.0924411069952328
0.6203445721320557	-0.0924375863075343
0.6205699613181619	-0.0924340473450133
0.6207956123722187	-0.0924304900569594
0.6210215258513820	-0.0924269143924846
0.6212477023145325	-0.0924233203005145
0.6214741423223518	-0.0924197077297797
0.6217008464372841	-0.0924160766288381
0.6219278152235548	-0.0924124269460553
0.6221550492471898	-0.0924087586296075
0.6223825490760134	-0.0924050716274790
0.6226103152796468	-0.0924013658874761
0.6228383484295376	-0.0923976413571996
0.6230666490989455	-0.0923938979840704
0.6232952178629807	-0.0923901357153082
0.6235240552985589	-0.0923863544979477
0.6237531619844725	-0.0923825542788237
0.6239825385013462	-0.0923787350045806
0.6242121854316808	-0.0923748966216576
0.6244421033598455	-0.0923710390763124
0.6246722928720678	-0.0923671623145867
0.6249027545564872	-0.0923632662823379
0.6251334890031270	-0.0923593509252197
0.6253644968039035	-0.0923554161886777
0.6255957785526596	-0.0923514620179645
0.6258273348451425	-0.0923474883581306
0.6260591662790268	-0.0923434951540174
0.6262912734539415	-0.0923394823502647
0.6265236569714360	-0.0923354498913074
0.6267563174350199	-0.0923313977213713
0.6269892554501635	-0.0923273257844796
0.6272224716243108	-0.0923232340244468
0.6274559665668735	-0.0923191223848686
0.6276897408892582	-0.0923149908091415
0.6279237952048621	-0.0923108392404452
0.6281581301290848	-0.0923066676217525
0.6283927462793414	-0.0923024758958132
0.6286276442750641	-0.0922982640051693
0.6288628247377128	-0.0922940318921503
0.6290982882908021	-0.0922897794988614
0.6293340355598711	-0.0922855067671977
0.6295700671725324	-0.0922812136388307
0.6298063837584590	-0.0922769000552146
0.6300429859493897	-0.0922725659575844
0.6302798743791657	-0.0922682112869451
0.6305170496837097	-0.0922638359840919
0.6307545125010501	-0.0922594399895843
0.6309922634713220	-0.0922550232437699
0.6312303032367834	-0.0922505856867581
0.6314686324418294	-0.0922461272584347
0.6317072517329825	-0.0922416478984592
0.6319461617589295	-0.0922371475462631
0.6321853631705057	-0.0922326261410467
0.6324248566207179	-0.0922280836217739
0.6326646427647454	-0.0922235199271815
0.6329047222599684	-0.0922189349957710
0.6331450957659576	-0.0922143287658088
0.6333857639444817	-0.0922097011753234
0.6336267274595492	-0.0922050521621142
0.6338679869773750	-0.0922003816637279
0.6341095431664149	-0.0921956896174866
0.6343513966973829	-0.0921909759604602
0.6345935482432425	-0.0921862406294842
0.6348359984792308	-0.0921814835611475
0.6350787480828441	-0.0921767046917954
0.6353217977338946	-0.0921719039575282
0.6355651481144748	-0.0921670812942004
0.6358087999089923	-0.0921622366374158
0.6360527538041683	-0.0921573699225305
0.6362970104890575	-0.0921524810846559
0.6365415706550622	-0.0921475700586377
0.6367864349959238	-0.0921426367790845
0.6370316042077512	-0.0921376811803394
0.6372770789890254	-0.0921327031964984
0.6375228600406094	-0.0921277027613967
0.6377689480657649	-0.0921226798086086
0.6380153437701542	-0.0921176342714548
0.6382620478618585	-0.0921125660829983
0.6385090610513786	-0.0921074751760282
0.6387563840516651	-0.0921023614830815
0.6390040175781146	-0.0920972249364280
0.6392519623485771	-0.0920920654680690
0.6395002190833846	-0.0920868830097424
0.6397487885053498	-0.0920816774929143
0.6399976713397765	-0.0920764488487853
0.6402468683144761	-0.0920711970082796
0.6404963801597852	-0.0920659219020556
0.6407462076085567	-0.0920606234604915
0.6409963513962036	-0.0920553016136925
0.6412468122606738	-0.0920499562914888
0.6414975909424890	-0.0920445874234312
0.6417486881847501	-0.0920391949387939
0.6420001047331421	-0.0920337787665636
0.6422518413359517	-0.0920283388354505
0.6425038987440873	-0.0920228750738812
0.6427562777110655	-0.0920173874099946
0.6430089789930624	-0.0920118757716424
0.6432620033488842	-0.0920063400863923
0.6435153515400125	-0.0920007802815163
0.6437690243306029	-0.0919951962840041
0.6440230224874881	-0.0919895880205452
0.6442773467802162	-0.0919839554175373
0.6445319979810380	-0.0919782984010857
0.6447869768649332	-0.0919726168969917
0.6450422842096208	-0.0919669108307644
0.6452979207955709	-0.0919611801276152
0.6455538874060217	-0.0919554247124459
0.6458101848269810	-0.0919496445098582
0.6460668138472553	-0.0919438394441521
0.6463237752584475	-0.0919380094393160
0.6465810698549928	-0.0919321544190384
0.6468386984341411	-0.0919262743066870
0.6470966617959949	-0.0919203690253281
0.6473549607435144	-0.0919144384977111
0.6476135960825331	-0.0919084826462731
0.6478725686217637	-0.0919025013931316
0.6481318791728263	-0.0918964946600898
0.6483915285502493	-0.0918904623686344
0.6486515175714875	-0.0918844044399205
0.6489118470569424	-0.0918783207947892
0.6491725178299674	-0.0918722113537594
0.6494335307168853	-0.0918660760370167
0.6496948865470057	-0.0918599147644227
0.6499565861526311	-0.0918537274555089
0.6502186303690849	-0.0918475140294754
0.6504810200347136	-0.0918412744051923
0.6507437559909079	-0.0918350085011893
0.6510068390821150	-0.0918287162356655
0.6512702701558523	-0.0918223975264758
0.6515340500627256	-0.0918160522911400
0.6517981796564447	-0.0918096804468350
0.6520626597938346	-0.0918032819103919
0.6523274913348532	-0.0917968565982983
0.6525926751426068	-0.0917904044266925
0.6528582120833643	-0.0917839253113677
0.6531241030265713	-0.0917774191677612
0.6533903488448716	-0.0917708859109603
0.6536569504141188	-0.0917643254556963
0.6539239086133909	-0.0917577377163443
0.6541912243250052	-0.0917511226069199
0.6544588984345416	-0.0917444800410796
0.6547269318308531	-0.0917378099321170
0.6549953254060786	-0.0917311121929610
0.6552640800556701	-0.0917243867361739
0.6555331966783932	-0.0917176334739483
0.6558026761763662	-0.0917108523181072
0.6560725194550521	-0.0917040431801070
0.6563427274232873	-0.0916972059710185
0.6566133009933065	-0.0916903406015462
0.6568842410807407	-0.0916834469820099
0.6571555486046520	-0.0916765250223525
0.6574272244875390	-0.0916695746321320
0.6576992696553583	-0.0916625957205223
0.6579716850375443	-0.0916555881963127
0.6582444715670220	-0.0916485519678985
0.6585176301802284	-0.0916414869432900
0.6587911618171257	-0.0916343930301004
0.6590650674212262	-0.0916272701355492
0.6593393479396022	-0.0916201181664564
0.6596140043229102	-0.0916129370292448
0.6598890375254025	-0.0916057266299360
0.6601644485049571	-0.0915984868741443
0.6604402382230806	-0.0915912176670785
0.6607164076449393	-0.0915839189135405
0.6609929577393747	-0.0915765905179211
0.6612698894789159	-0.0915692323841970
0.6615472038398028	-0.0915618444159283
0.6618249018020133	-0.0915544265162622
0.6621029843492670	-0.0915469785879190
0.6623814524690546	-0.0915395005332034
0.6626603071526566	-0.0915319922539898
0.6629395493951563	-0.0915244536517304
0.6632191801954689	-0.0915168846274449
0.6634992005563535	-0.0915092850817199
0.6637796114844368	-0.0915016549147139
0.6640604139902287	-0.0914939940261397
0.6643416090881522	-0.0914863023152784
0.6646231977965530	-0.0914785796809642
0.6649051811377235	-0.0914708260215930
0.6651875601379252	-0.0914630412351084
0.6654703358274073	-0.0914552252190088
0.6657535092404284	-0.0914473778703378
0.6660370814152794	-0.0914394990856856
0.6663210533942967	-0.0914315887611876
0.6666054262238945	-0.0914236467925171
0.6668902009545796	-0.0914156730748880
0.6671753786409682	-0.0914076675030479
0.6674609603418215	-0.0913996299712758
0.6677469471200571	-0.0913915603733846
0.6680333400427664	-0.0913834586027099
0.6683201401812499	-0.0913753245521155
0.6686073486110304	-0.0913671581139850
0.6688949664118770	-0.0913589591802224
0.6691829946678304	-0.0913507276422484
0.6694714344672200	-0.0913424633909965
0.6697602869026925	-0.0913341663169095
0.6700495530712307	-0.0913258363099408
0.6703392340741772	-0.0913174732595486
0.6706293310172633	-0.0913090770546924
0.6709198450106219	-0.0913006475838313
0.6712107771688202	-0.0912921847349229
0.6715021286108780	-0.0912836883954133
0.6717939004602960	-0.0912751584522458
0.6720860938450743	-0.0912665947918467
0.6723787098977435	-0.0912579973001286
0.6726717497553835	-0.0912493658624867
0.6729652145596452	-0.0912407003637926
0.6732591054567888	-0.0912320006883958
0.6735534235976919	-0.0912232667201170
0.6738481701378874	-0.0912144983422477
0.6741433462375797	-0.0912056954375428
0.6744389530616742	-0.0911968578882236
0.6747349917798074	-0.0911879855759717
0.6750314635663597	-0.0911790783819220
0.6753283696004961	-0.0911701361866656
0.6756257110661815	-0.0911611588702441
0.6759234891522153	-0.0911521463121460
0.6762217050522470	-0.0911430983913022
0.6765203599648145	-0.0911340149860873
0.6768194550933635	-0.0911248959743089
0.6771189916462774	-0.0911157412332130
0.6774189708369025	-0.0911065506394736
0.6777193938835792	-0.0910973240691911
0.6780202620096621	-0.0910880613978927
0.6783215764435554	-0.0910787625005215
0.6786233384187396	-0.0910694272514422
0.6789255491737963	-0.0910600555244288
0.6792282099524350	-0.0910506471926681
0.6795313220035295	-0.0910412021287491
0.6798348865811397	-0.0910317202046683
0.6801389049445431	-0.0910222012918182
0.6804433783582614	-0.0910126452609868
0.6807483080920957	-0.0910030519823553
0.6810536954211488	-0.0909934213254922
0.6813595416258612	-0.0909837531593484
0.6816658479920350	-0.0909740473522585
0.6819726158108684	-0.0909643037719334
0.6822798463789860	-0.0909545222854528
0.6825875409984684	-0.0909447027592716
0.6828957009768791	-0.0909348450592073
0.6832043276273065	-0.0909249490504381
0.6835134222683797	-0.0909150145974999
0.6838229862243135	-0.0909050415642838
0.6841330208249317	-0.0908950298140295
0.6844435274057052	-0.0908849792093203
0.6847545073077781	-0.0908748896120849
0.6850659618780055	-0.0908647608835870
0.6853778924689796	-0.0908545928844244
0.6856903004390711	-0.0908443854745243
0.6860031871524552	-0.0908341385131386
0.6863165539791485	-0.0908238518588399
0.6866304022950384	-0.0908135253695172
0.6869447334819225	-0.0908031589023747
0.6872595489275410	-0.0907927523139210
0.6875748500256080	-0.0907823054599709
0.6878906381758486	-0.0907718181956380
0.6882069147840328	-0.0907612903753302
0.6885236812620124	-0.0907507218527483
0.6888409390277527	-0.0907401124808765
0.6891586895053702	-0.0907294621119830
0.6894769341251711	-0.0907187705976116
0.6897956743236809	-0.0907080377885811
0.6901149115436869	-0.0906972635349742
0.6904346472342717	-0.0906864476861407
0.6907548828508500	-0.0906755900906890
0.6910756198552073	-0.0906646905964794
0.6913968597155368	-0.0906537490506220
0.6917186039064748	-0.0906427652994737
0.6920408539091432	-0.0906317391886277
0.6923636112111820	-0.0906206705629159
0.6926868773067953	-0.0906095592663957
0.6930106536967824	-0.0905984051423526
0.6933349418885809	-0.0905872080332924
0.6936597433963084	-0.0905759677809339
0.6939850597407951	-0.0905646842262087
0.6943108924496311	-0.0905533572092501
0.6946372430572020	-0.0905419865693929
0.6949641131047328	-0.0905305721451662
0.6952915041403253	-0.0905191137742889
0.6956194177190056	-0.0905076112936655
0.6959478554027531	-0.0904960645393750
0.6962768187605591	-0.0904844733466749
0.6966063093684544	-0.0904728375499860
0.6969363288095622	-0.0904611569828969
0.6972668786741320	-0.0904494314781498
0.6975979605595920	-0.0904376608676407
0.6979295760705816	-0.0904258449824090
0.6982617268190078	-0.0904139836526396
0.6985944144240783	-0.0904020767076463
0.6989276405123530	-0.0903901239758783
0.6992614067177834	-0.0903781252849019
0.6995957146817646	-0.0903660804614087
0.6999305660531736	-0.0903539893311940
0.7002659624884204	-0.0903418517191658
0.7006019056514906	-0.0903296674493284
0.7009383972139945	-0.0903174363447828
0.7012754388552114	-0.0903051582277151
0.7016130322621421	-0.0902928329193968
0.7019511791295484	-0.0902804602401721
0.7022898811600091	-0.0902680400094581
0.7026291400639636	-0.0902555720457329
0.7029689575597606	-0.0902430561665329
0.7033093353737123	-0.0902304921884459
0.7036502752401369	-0.0902178799271036
0.7039917789014123	-0.0902052191971751
0.7043338481080285	-0.0901925098123635
0.7046764846186334	-0.0901797515853936
0.7050196902000864	-0.0901669443280126
0.7053634666275099	-0.0901540878509755
0.7057078156843428	-0.0901411819640468
0.7060527391623900	-0.0901282264759855
0.7063982388618760	-0.0901152211945446
0.7067443165914971	-0.0901021659264596
0.7070909741684799	-0.0900890604774472
0.7074382134186280	-0.0900759046521907
0.7077860361763824	-0.0900626982543413
0.7081344442848722	-0.0900494410865034
0.7084834395959739	-0.0900361329502331
0.7088330239703633	-0.0900227736460271
0.7091831992775746	-0.0900093629733193
0.7095339673960536	-0.0899959007304670
0.7098853302132208	-0.0899823867147532
0.7102372896255221	-0.0899688207223688
0.7105898475384919	-0.0899552025484130
0.7109430058668078	-0.0899415319868805
0.7112967665343557	-0.0899278088306576
0.7116511314742786	-0.0899140328715105
0.7120061026290494	-0.0899002039000832
0.7123616819505203	-0.0898863217058813
0.7127178713999915	-0.0898723860772742
0.7130746729482673	-0.0898583968014768
0.7134320885757220	-0.0898443536645506
0.7137901202723600	-0.0898302564513880
0.7141487700378795	-0.0898161049457116
0.7145080398817346	-0.0898018989300561
0.7148679318232027	-0.0897876381857714
0.7152284478914447	-0.0897733224930035
0.7155895901255751	-0.0897589516306952
0.7159513605747209	-0.0897445253765685
0.7163137612980954	-0.0897300435071253
0.7166767943650585	-0.0897155057976299
0.7170404618551872	-0.0897009120221080
0.7174047658583431	-0.0896862619533305
0.7177697084747413	-0.0896715553628114
0.7181352918150160	-0.0896567920207919
0.7185015180002950	-0.0896419716962388
0.7188683891622664	-0.0896270941568274
0.7192359074432499	-0.0896121591689395
0.7196040749962693	-0.0895971664976483
0.7199728939851233	-0.0895821159067127
0.7203423665844572	-0.0895670071585648
0.7207124949798394	-0.0895518400143039
0.7210832813678307	-0.0895366142336821
0.7214547279560626	-0.0895213295751004
0.7218268369633092	-0.0895059857955923
0.7221996106195651	-0.0894905826508194
0.7225730511661204	-0.0894751198950564
0.7229471608556390	-0.0894595972811870
0.7233219419522351	-0.0894440145606867
0.7236973967315511	-0.0894283714836186
0.7240735274808369	-0.0894126677986173
0.7244503364990325	-0.0893969032528854
0.7248278260968412	-0.0893810775921743
0.7252059985968203	-0.0893651905607815
0.7255848563334532	-0.0893492419015339
0.7259644016532397	-0.0893332313557811
0.7263446369147735	-0.0893171586633806
0.7267255644888306	-0.0893010235626905
0.7271071867584485	-0.0892848257905541
0.7274895061190182	-0.0892685650822932
0.7278725249783660	-0.0892522411716918
0.7282562457568392	-0.0892358537909894
0.7286406708873986	-0.0892194026708651
0.7290258028157032	-0.0892028875404291
0.7294116440001985	-0.0891863081272069
0.7297981969122119	-0.0891696641571335
0.7301854640360368	-0.0891529553545344
0.7305734478690302	-0.0891361814421195
0.7309621509216985	-0.0891193421409642
0.7313515757177979	-0.0891024371705049
0.7317417247944233	-0.0890854662485186
0.7321326007021060	-0.0890684290911167
0.7325242060049066	-0.0890513254127265
0.7329165432805166	-0.0890341549260844
0.7333096151203484	-0.0890169173422157
0.7337034241296420	-0.0889996123704293
0.7340979729275584	-0.0889822397182973
0.7344932641472814	-0.0889647990916470
0.7348893004361202	-0.0889472901945433
0.7352860844556085	-0.0889297127292783
0.7356836188816097	-0.0889120663963543
0.7360819064044211	-0.0888943508944736
0.7364809497288762	-0.0888765659205200
0.7368807515744533	-0.0888587111695500
0.7372813146753785	-0.0888407863347725
0.7376826417807393	-0.0888227911075394
0.7380847356545869	-0.0888047251773265
0.7384875990760505	-0.0887865882317248
0.7388912348394457	-0.0887683799564172
0.7392956457543874	-0.0887501000351727
0.7397008346459018	-0.0887317481498226
0.7401068043545401	-0.0887133239802523
0.7405135577364956	-0.0886948272043802
0.7409210976637164	-0.0886762574981464
0.7413294270240243	-0.0886576145354937
0.7417385487212336	-0.0886388979883542
0.7421484656752689	-0.0886201075266297
0.7425591808222857	-0.0886012428181806
0.7429706971147936	-0.0885823035288033
0.7433830175217765	-0.0885632893222201
0.7437961450288176	-0.0885441998600561
0.7442100826382263	-0.0885250348018268
0.7446248333691606	-0.0885057938049189
0.7450404002577571	-0.0884864765245747
0.7454567863572595	-0.0884670826138713
0.7458739947381484	-0.0884476117237076
0.7462920284882707	-0.0884280635027823
0.7467108907129740	-0.0884084375975784
0.7471305845352395	-0.0883887336523435
0.7475511130958173	-0.0883689513090747
0.7479724795533614	-0.0883490902074941
0.7483946870845688	-0.0883291499850363
0.7488177388843174	-0.0883091302768249
0.7492416381658069	-0.0882890307156568
0.7496663881606999	-0.0882688509319806
0.7500919921192641	-0.0882485905538775
0.7505184533105188	-0.0882282492070422
0.7509457750223791	-0.0882078265147629
0.7513739605618031	-0.0881873220979005
0.7518030132549414	-0.0881667355748695
0.7522329364472865	-0.0881460665616160
0.7526637335038250	-0.0881253146715981
0.7530954078091899	-0.0881044795157636
0.7535279627678166	-0.0880835607025315
0.7539614018040978	-0.0880625578377667
0.7543957283625413	-0.0880414705247622
0.7548309459079302	-0.0880202983642141
0.7552670579254834	-0.0879990409542025
0.7557040679210176	-0.0879776978901657
0.7561419794211117	-0.0879562687648814
0.7565807959732733	-0.0879347531684406
0.7570205211461055	-0.0879131506882275
0.7574611585294757	-0.0878914609088927
0.7579027117346879	-0.0878696834123340
0.7583451843946529	-0.0878478177776683
0.7587885801640656	-0.0878258635812113
0.7592329027195792	-0.0878038203964502
0.7596781557599829	-0.0877816877940214
0.7601243430063834	-0.0877594653416839
0.7605714682023852	-0.0877371526042962
0.7610195351142741	-0.0877147491437881
0.7614685475312025	-0.0876922545191390
0.7619185092653786	-0.0876696682863474
0.7623694241522522	-0.0876469899984091
0.7628212960507086	-0.0876242192052875
0.7632741288432610	-0.0876013554538889
0.7637279264362457	-0.0875783982880334
0.7641826927600183	-0.0875553472484302
0.7646384317691548	-0.0875322018726473
0.7650951474426518	-0.0875089616950856
0.7655528437841304	-0.0874856262469495
0.7660115248220409	-0.0874621950562184
0.7664711946098722	-0.0874386676476178
0.7669318572263617	-0.0874150435425917
0.7673935167757043	-0.0873913222592697
0.7678561773877722	-0.0873675033124411
0.7683198432183270	-0.0873435862135206
0.7687845184492411	-0.0873195704705217
0.7692502072887194	-0.0872954555880231
0.7697169139715214	-0.0872712410671388
0.7701846427591884	-0.0872469264054854
0.7706533979402728	-0.0872225110971515
0.7711231838305677	-0.0871979946326646
0.7715940047733417	-0.0871733764989586
0.7720658651395748	-0.0871486561793406
0.7725387693281961	-0.0871238331534577
0.7730127217663268	-0.0870989068972632
0.7734877269095232	-0.0870738768829828
0.7739637892420225	-0.0870487425790785
0.7744409132769936	-0.0870235034502162
0.7749191035567885	-0.0869981589572274
0.7753983646531976	-0.0869727085570762
0.7758787011677055	-0.0869471517028207
0.7763601177317538	-0.0869214878435784
0.7768426190070038	-0.0868957164244876
0.7773262096856017	-0.0868698368866709
0.7778108944904494	-0.0868438486671967
0.7782966781754757	-0.0868177511990419
0.7787835655259118	-0.0867915439110508
0.7792715613585709	-0.0867652262278988
0.7797606705221276	-0.0867387975700506
0.7802508978974051	-0.0867122573537211
0.7807422483976605	-0.0866856049908335
0.7812347269688781	-0.0866588398889797
0.7817283385900637	-0.0866319614513775
0.7822230882735407	-0.0866049690768292
0.7827189810652539	-0.0865778621596780
0.7832160220450719	-0.0865506400897665
0.7837142163270969	-0.0865233022523910
0.7842135690599761	-0.0864958480282593
0.7847140854272167	-0.0864682767934441
0.7852157706475039	-0.0864405879193394
0.7857186299750266	-0.0864127807726135
0.7862226686998012	-0.0863848547151634
0.7867278921480018	-0.0863568091040674
0.7872343056822955	-0.0863286432915377
0.7877419147021807	-0.0863003566248724
0.7882507246443264	-0.0862719484464070
0.7887607409829223	-0.0862434180934645
0.7892719692300245	-0.0862147648983064
0.7897844149359127	-0.0861859881880814
0.7902980836894472	-0.0861570872847751
0.7908129811184322	-0.0861280615051571
0.7913291128899820	-0.0860989101607296
0.7918464847108927	-0.0860696325576744
0.7923651023280178	-0.0860402279967983
0.7928849715286492	-0.0860106957734793
0.7934060981408999	-0.0859810351776117
0.7939284880340967	-0.0859512454935499
0.7944521471191707	-0.0859213260000524
0.7949770813490599	-0.0858912759702239
0.7955032967191090	-0.0858610946714580
0.7960307992674823	-0.0858307813653785
0.7965595950755733	-0.0858003353077803
0.7970896902684267	-0.0857697557485678
0.7976210910151603	-0.0857390419316962
0.7981538035293945	-0.0857081930951076
0.7986878340696877	-0.0856772084706706
0.7992231889399740	-0.0856460872841150
0.7997598744900102	-0.0856148287549693
0.8002978971158251	-0.0855834320964943
0.8008372632601775	-0.0855518965156189
0.8013779794130168	-0.0855202212128723
0.8019200521119506	-0.0854884053823163
0.8024634879427200	-0.0854564482114781
0.8030082935396774	-0.0854243488812799
0.8035544755862737	-0.0853921065659688
0.8041020408155489	-0.0853597204330463
0.8046509960106307	-0.0853271896431957
0.8052013480052398	-0.0852945133502089
0.8057531036841989	-0.0852616907009128
0.8063062699839512	-0.0852287208350938
0.8068608538930847	-0.0851956028854228
0.8074168624528619	-0.0851623359773764
0.8079743027577588	-0.0851289192291607
0.8085331819560081	-0.0850953517516312
0.8090935072501516	-0.0850616326482123
0.8096552858975989	-0.0850277610148172
0.8102185252111932	-0.0849937359397641
0.8107832325597844	-0.0849595565036938
0.8113494153688113	-0.0849252217794843
0.8119170811208897	-0.0848907308321657
0.8124862373564075	-0.0848560827188326
0.8130568916741311	-0.0848212764885562
0.8136290517318164	-0.0847863111822949
0.8142027252468290	-0.0847511858328034
0.8147779199967743	-0.0847158994645409
0.8153546438201320	-0.0846804510935786
0.8159329046169053	-0.0846448397275040
0.8165127103492718	-0.0846090643653260
0.8170940690422487	-0.0845731239973773
0.8176769887843645	-0.0845370176052162
0.8182614777283392	-0.0845007441615265
0.8188475440917765	-0.0844643026300160
0.8194351961578623	-0.0844276919653143
0.8200244422760745	-0.0843909111128678
0.8206152908629025	-0.0843539590088344
0.8212077504025762	-0.0843168345799768
0.8218018294478048	-0.0842795367435526
0.8223975366205264	-0.0842420644072047
0.8229948806126683	-0.0842044164688492
0.8235938701869160	-0.0841665918165620
0.8241945141774960	-0.0841285893284632
0.8247968214909657	-0.0840904078726007
0.8254008011070189	-0.0840520463068314
0.8260064620792991	-0.0840135034787006
0.8266138135362249	-0.0839747782253202
0.8272228646818287	-0.0839358693732452
0.8278336247966057	-0.0838967757383470
0.8284461032383758	-0.0838574961256868
0.8290603094431575	-0.0838180293293855
0.8296762529260547	-0.0837783741324922
0.8302939432821552	-0.0837385293068515
0.8309133901874441	-0.0836984936129676
0.8315346033997285	-0.0836582657998671
0.8321575927595760	-0.0836178446049591
0.8327823681912687	-0.0835772287538939
0.8334089397037677	-0.0835364169604198
0.8340373173916965	-0.0834954079262361
0.8346675114363322	-0.0834542003408456
0.8352995321066192	-0.0834127928814041
0.8359333897601910	-0.0833711842125677
0.8365690948444111	-0.0833293729863371
0.8372066578974285	-0.0832873578419012
0.8378460895492489	-0.0832451374054761
0.8384874005228202	-0.0832027102901436
0.8391306016351390	-0.0831600750956853
0.8397757037983670	-0.0831172304084156
0.8404227180209709	-0.0830741748010119
0.8410716554088754	-0.0830309068323410
0.8417225271666353	-0.0829874250472837
0.8423753445986247	-0.0829437279765570
0.8430301191102459	-0.0828998141365321
0.8436868622091550	-0.0828556820290512
0.8443455855065075	-0.0828113301412394
0.8450063007182231	-0.0827667569453159
0.8456690196662704	-0.0827219608983996
0.8463337542799699	-0.0826769404423142
0.8470005165973203	-0.0826316940033879
0.8476693187663423	-0.0825862199922513
0.8483401730464464	-0.0825405168036308
0.8490130918098198	-0.0824945828161404
0.8496880875428383	-0.0824484163920678
0.8503651728474968	-0.0824020158771589
0.8510443604428657	-0.0823553796003981
0.8517256631665694	-0.0823085058737840
0.8524090939762882	-0.0822613929921031
0.8530946659512856	-0.0822140392326989
0.8537823922939580	-0.0821664428552361
0.8544722863314130	-0.0821186021014630
0.8551643615170695	-0.0820705151949679
0.8558586314322869	-0.0820221803409328
0.8565551097880191	-0.0819735957258816
0.8572538104264974	-0.0819247595174256
0.8579547473229391	-0.0818756698640034
0.8586579345872867	-0.0818263248946164
0.8593633864659734	-0.0817767227185608
0.8600711173437207	-0.0817268614251537
0.8607811417453638	-0.0816767390834550
0.8614934743377095	-0.0816263537419853
0.8622081299314236	-0.0815757034284369
0.8629251234829520	-0.0815247861493819
0.8636444700964728	-0.0814735998899736
0.8643661850258834	-0.0814221426136432
0.8650902836768189	-0.0813704122617919
0.8658167816087092	-0.0813184067534761
0.8665456945368666	-0.0812661239850876
0.8672770383346136	-0.0812135618300290
0.8680108290354455	-0.0811607181383812
0.8687470828352311	-0.0811075907365678
0.8694858160944522	-0.0810541774270102
0.8702270453404819	-0.0810004759877792
0.8709707872699030	-0.0809464841722384
0.8717170587508680	-0.0808921997086824
0.8724658768255006	-0.0808376202999673
0.8732172587123388	-0.0807827436231351
0.8739712218088247	-0.0807275673290309
0.8747277836938352	-0.0806720890419131
0.8754869621302611	-0.0806163063590559
0.8762487750676322	-0.0805602168503456
0.8770132406447884	-0.0805038180578677
0.8777803771926023	-0.0804471074954875
0.8785502032367488	-0.0803900826484218
0.8793227375005281	-0.0803327409728039
0.8800979989077382	-0.0802750798952385
0.8808760065856026	-0.0802170968123491
0.8816567798677519	-0.0801587890903175
0.8824403382972602	-0.0801001540644128
0.8832267016297395	-0.0800411890385119
0.8840158898364908	-0.0799818912846114
0.8848079231077172	-0.0799222580423294
0.8856028218557952	-0.0798622865183971
0.8864006067186095	-0.0798019738861417
0.8872012985629518	-0.0797413172849576
0.8880049184879850	-0.0796803138197684
0.8888114878287728	-0.0796189605604772
0.8896210281598785	-0.0795572545414071
0.8904335612990343	-0.0794951927607290
0.8912491093108817	-0.0794327721798794
0.8920676945107833	-0.0793699897229654
0.8928893394687142	-0.0793068422761580
0.8937140670132250	-0.0792433266870732
0.8945419002354871	-0.0791794397641402
0.8953728624934172	-0.0791151782759564
0.8962069774158847	-0.0790505389506302
0.8970442689070026	-0.0789855184751087
0.8978847611505069	-0.0789201134944925
0.8987284786142234	-0.0788543206113353
0.8995754460546261	-0.0787881363849306
0.9004256885214879	-0.0787215573305807
0.9012792313626279	-0.0786545799188527
0.9021361002287561	-0.0785872005748171
0.9029963210784191	-0.0785194156772714
0.9038599201830471	-0.0784512215579456
0.9047269241321086	-0.0783826145006923
0.9055973598383714	-0.0783135907406578
0.9064712545432770	-0.0782441464634363
0.9073486358224250	-0.0781742778042048
0.9082295315911787	-0.0781039808468402
0.9091139701103873	-0.0780332516230154
0.9100019799922333	-0.0779620861112769
0.9108935902062036	-0.0778904802361013
0.9117888300851927	-0.0778184298669308
0.9126877293317373	-0.0777459308171864
0.9135903180243871	-0.0776729788432615
0.9144966266242175	-0.0775995696434883
0.9154066859814841	-0.0775256988570859
0.9163205273424261	-0.0774513620630798
0.9172381823562210	-0.0773765547792004
0.9181596830820958	-0.0773012724607522
0.9190850619965976	-0.0772255104994626
0.9200143520010284	-0.0771492642222959
0.9209475864290514	-0.0770725288902487
0.9218847990544670	-0.0769952996971087
0.9228260240991717	-0.0769175717681908
0.9237712962412979	-0.0768393401590386
0.9247206506235424	-0.0767605998540984
0.9256741228616922	-0.0766813457653582
0.9266317490533447	-0.0766015727309581
0.9275935657868390	-0.0765212755137620
0.9285596101503942	-0.0764404487999005
0.9295299197414674	-0.0763590871972723
0.9305045326763338	-0.0762771852340142
0.9314834875999002	-0.0761947373569286
0.9324668236957494	-0.0761117379298769
0.9334545806964368	-0.0760281812321279
0.9344467988940306	-0.0759440614566703
0.9354435191509156	-0.0758593727084759
0.9364447829108614	-0.0757741090027277
0.9374506322103657	-0.0756882642629935
0.9384611096902801	-0.0756018323193613
0.9394762586077279	-0.0755148069065200
0.9404961228483218	-0.0754271816617956
0.9415207469386913	-0.0753389501231331
0.9425501760593281	-0.0752501057270286
0.9435844560577650	-0.0751606418064036
0.9446236334620870	-0.0750705515884266
0.9456677554948004	-0.0749798281922755
0.9467168700870567	-0.0748884646268398
0.9477710258932530	-0.0747964537883627
0.9488302723060158	-0.0747037884580176
0.9498946594715816	-0.0746104612994213
0.9509642383055881	-0.0745164648560771
0.9520390605092881	-0.0744217915487496
0.9531191785862007	-0.0743264336727662
0.9542046458592145	-0.0742303833952434
0.9552955164881557	-0.0741336327522372
0.9563918454878410	-0.0740361736458122
0.9574936887466258	-0.0739379978410282
0.9586011030454695	-0.0738390969628424
0.9597141460775321	-0.0737394624929215
0.9608328764683229	-0.0736390857663636
0.9619573537964174	-0.0735379579683242
0.9630876386147647	-0.0734360701305461
0.9642237924726034	-0.0733334131277856
0.9653658779380109	-0.0732299776741345
0.9665139586211041	-0.0731257543192341
0.9676680991979183	-0.0730207334443749
0.9688283654349851	-0.0729149052584806
0.9699948242146385	-0.0728082597939707
0.9711675435610716	-0.0727007869024972
0.9723465926671742	-0.0725924762505517
0.9735320419221758	-0.0724833173149370
0.9747239629401312	-0.0723732993780992
0.9759224285892700	-0.0722624115233140
0.9771275130222516	-0.0721506426297225
0.9783392917073527	-0.0720379813672104
0.9795578414606277	-0.0719244161911250
0.9807832404790765	-0.0718099353368220
0.9820155683748565	-0.0716945268140392
0.9832549062105850	-0.0715781784010861
0.9845013365357683	-0.0714608776388447
0.9857549434244055	-0.0713426118245736
0.9870158125138108	-0.0712233680055070
0.9882840310447046	-0.0711031329722408
0.9895596879026256	-0.0709818932518970
0.9908428736607108	-0.0708596351010571
0.9921336806239066	-0.0707363444984562
0.9934322028746654	-0.0706120071374259
0.9947385363201889	-0.0704866084180773
0.9960527787412846	-0.0703601334392125
0.9973750298428986	-0.0702325669899525
0.9987053913064019	-0.0701038935410710
1.0000439668436980	-0.0699740972360199
1.0013908622532333	-0.0698431618816338
1.0027461854779931	-0.0697110709384993
1.0041100466655648	-0.0695778075109758
1.0054825582303661	-0.0694433543368489
1.0068638349181263	-0.0693076937766044
1.0082539938727235	-0.0691708078023027
1.0096531547054899	-0.0690326779860360
1.0110614395670834	-0.0688932854879509
1.0124789732220547	-0.0687526110438143
1.0139058831262278	-0.0686106349521026
1.0153422995070238	-0.0684673370605913
1.0167883554468706	-0.0683226967524224
1.0182441869698360	-0.0681766929316233
1.0197099331316444	-0.0680293040080517
1.0211857361132362	-0.0678805078817393
1.0226717413180397	-0.0677302819266037
1.0241680974731409	-0.0675786029734980
1.0256749567345369	-0.0674254472925654
1.0271924747966799	-0.0672707905748638
1.0287208110065269	-0.0671146079132236
1.0302601284823192	-0.0669568737822987
1.0318105942373348	-0.0667975620177711
1.0333723793088700	-0.0666366457946634
1.0349456588927226	-0.0664740976047126
1.0365306124834599	-0.0663098892327570
1.0381274240207850	-0.0661439917320817
1.0397362820423210	-0.0659763753986678
1.0413573798431630	-0.0658070097442848
1.0429909156425632	-0.0656358634683637
1.0446370927581456	-0.0654629044285815
1.0462961197880647	-0.0652880996100867
1.0479682108015544	-0.0651114150932881
1.0496535855383471	-0.0649328160201243
1.0513524696174603	-0.0647522665587265
1.0530650947559081	-0.0645697298663818
1.0547916989979029	-0.0643851680506954
1.0565325269551753	-0.0641985421288453
1.0582878300590737	-0.0640098119848141
1.0600578668251566	-0.0638189363244752
1.0618429031310348	-0.0636258726284021
1.0636432125082880	-0.0634305771022572
1.0654590764493261	-0.0632330046246104
1.0672907847301467	-0.0630331086920219
1.0691386357499939	-0.0628308413612150
1.0710029368890175	-0.0626261531881484
1.0728840048851043	-0.0624189931637843
1.0747821662311470	-0.0622093086463336
1.0766977575941223	-0.0619970452897377
1.0786311262574526	-0.0617821469681342
1.0805826305882422	-0.0615645556960261
1.0825526405311241	-0.0613442115438564
1.0845415381305765	-0.0611210525486615
1.0865497180837418	-0.0608950146194520
1.0885775883259454	-0.0606660314369367
1.0906255706513008	-0.0604340343471765
1.0926941013709988	-0.0601989522487129
1.0947836320121076	-0.0599607114726800
1.0968946300599631	-0.0597192356553645
1.0990275797475113	-0.0594744456026238
1.1011829828952668	-0.0592262591455274
1.1033613598059131	-0.0589745909865151
1.1055632502179251	-0.0587193525353102
1.1077892143230426	-0.0584604517337429
1.1100398338528752	-0.0581977928685612
1.1123157132404620	-0.0579312763712131
1.1146174808631710	-0.0576607986034811
1.1169457903740112	-0.0573862516277355
1.1193013221291250	-0.0571075229604440
1.1216847847200899	-0.0568244953074291
1.1240969166205488	-0.0565370462792068
1.1265384879577582	-0.0562450480845506
1.1290103024207958	-0.0559483672002250
1.1315131993185070	-0.0556468640145940
1.1340480558017749	-0.0553403924425493
1.1366157892663964	-0.0550287995089008
1.1392173599547901	-0.0547119248970317
1.1418537737769783	-0.0543896004592306
1.1445260853738066	-0.0540616496846665
1.1472354014482560	-0.0537278871204678
1.1499828843940358	-0.0533881177407736
1.1527697562544594	-0.0530421362579585
1.1555973030490254	-0.0526897263694484
1.1584668795102389	-0.0523306599326469
1.1613799142791299	-0.0519646960594450
1.1643379156148481	-0.0515915801205645
1.1673424776817640	-0.0512110426485681
1.1703952874869732	-0.0508227981266938
1.1734981325522089	-0.0504265436487115
1.1766529094172893	-0.0500219574326805
1.1798616330877636	-0.0496086971687434
1.1831264475578991	-0.0491863981778222
1.1864496375622120	-0.0487546713541838
1.1898336417352005	-0.0483131008601646
1.1932810673908085	-0.0478612415357017
1.1967947071717187	-0.0473986159784986
1.2003775578654823	-0.0469247112423439
1.2040328417418709	-0.0464389750909486
1.2077640308363533	-0.0459408117321729
1.2115748746918558	-0.0454295769420619
1.2154694321795214	-0.0449045724688666
1.2194521081551961	-0.0443650395831258
1.2235276958799501	-0.0438101516094565
1.2277014263510104	-0.0432390052370330
1.2319790259688703	-0.0426506103561702
1.2363667843272996	-0.0420438781043776
1.2408716343836530	-0.0414176067217111
1.2455012478865908	-0.0407704647052276
1.2502641497629636	-0.0401009706058998
1.2551698562754894	-0.0394074686142004
1.2602290432751881	-0.0386880988118432
1.2654537529611460	-0.0379407605959590
1.2708576504872380	-0.0371630672616053
1.2764563459240676	-0.0363522889871991
1.2822678031272263	-0.0355052803925524
1.2883128659962901	-0.0346183872496734
1.2946159461067961	-0.0336873245241099
1.3012059365974438	-0.0327070142036860
1.3081174504628914	-0.0316713654468278
1.3153925360501961	-0.0305729698476309
1.3230831156288565	-0.0294026680296664
1.3312545582232751	-0.0281489143117817
1.3399911064573256	-0.0267968111689734
1.3494044882897152	-0.0253265762028919
1.3596483460081803	-0.0237109721059786
1.3709441509616627	-0.0219106881612403
1.3836322465895545	-0.0198652379254745
1.3982862985468711	-0.0174725368664008
1.4160263526275680	-0.0145330032214815
1.4397480746542428	-0.0105299081016537
