0.3736716844180411	-0.0889623156889350
0.3736717203311761	-0.0889623093071499
0.3736718280707101	-0.0889622901617125
0.3736720076369794	-0.0889622582524950
0.3736722590305817	-0.0889622135792696
0.3736725822523136	-0.0889621561416728
0.3736729773032316	-0.0889620859392713
0.3736734441846074	-0.0889620029715349
0.3736739828979593	-0.0889619072378280
0.3736745934450306	-0.0889617987374232
0.3736752758277948	-0.0889616774694926
0.3736760300484628	-0.0889615434331136
0.3736768561094763	-0.0889613966272610
0.3736777540135092	-0.0889612370508273
0.3736787237634674	-0.0889610647025774
0.3736797653625002	-0.0889608795812221
0.3736808788139620	-0.0889606816853214
0.3736820641214837	-0.0889604710134033
0.3736833212888813	-0.0889602475638322
0.3736846503202370	-0.0889600113349146
0.3736860512198524	-0.0889597623248510
0.3736875239922631	-0.0889595005317420
0.3736890686422445	-0.0889592259535909
0.3736906851747939	-0.0889589385883058
0.3736923735951524	-0.0889586384336984
0.3736941339087866	-0.0889583254874722
0.3736959661214022	-0.0889579997472484
0.3736978702389353	-0.0889576612105367
0.3736998462675504	-0.0889573098747611
0.3737018942136581	-0.0889569457372364
0.3737040140838911	-0.0889565687951874
0.3737062058851221	-0.0889561790457390
0.3737084696244528	-0.0889557764859134
0.3737108053092220	-0.0889553611126423
0.3737132129469994	-0.0889549329227558
0.3737156925455937	-0.0889544919129823
0.3737182441130399	-0.0889540380799586
0.3737208676576174	-0.0889535714202183
0.3737235631878296	-0.0889530919301993
0.3737263307124207	-0.0889525996062389
0.3737291702403681	-0.0889520944445762
0.3737320817808804	-0.0889515764413563
0.3737350653434041	-0.0889510455926181
0.3737381209376216	-0.0889505018943066
0.3737412485734433	-0.0889499453422682
0.3737444482610215	-0.0889493759322493
0.3737477200107435	-0.0889487936598956
0.3737510638332286	-0.0889481985207555
0.3737544797393301	-0.0889475905102817
0.3737579677401389	-0.0889469696238227
0.3737615278469846	-0.0889463358566285
0.3737651600714273	-0.0889456892038499
0.3737688644252633	-0.0889450296605426
0.3737726409205255	-0.0889443572216567
0.3737764895694901	-0.0889436718820458
0.3737804103846564	-0.0889429736364639
0.3737844033787677	-0.0889422624795638
0.3737884685648061	-0.0889415384059003
0.3737926059559836	-0.0889408014099279
0.3737968155657506	-0.0889400514859983
0.3738010974078017	-0.0889392886283673
0.3738054514960557	-0.0889385128311855
0.3738098778446823	-0.0889377240885078
0.3738143764680784	-0.0889369223942861
0.3738189473808806	-0.0889361077423714
0.3738235905979684	-0.0889352801265178
0.3738283061344529	-0.0889344395403708
0.3738330940056858	-0.0889335859774813
0.3738379542272581	-0.0889327194312989
0.3738428868149965	-0.0889318398951709
0.3738478917849682	-0.0889309473623428
0.3738529691534810	-0.0889300418259571
0.3738581189370730	-0.0889291232790579
0.3738633411525340	-0.0889281917145878
0.3738686358168851	-0.0889272471253834
0.3738740029473870	-0.0889262895041836
0.3738794425615444	-0.0889253188436226
0.3738849546770935	-0.0889243351362354
0.3738905393120208	-0.0889233383744520
0.3738961964845461	-0.0889223285506000
0.3739019262131332	-0.0889213056569056
0.3739077285164857	-0.0889202696854909
0.3739136034135479	-0.0889192206283780
0.3739195509235058	-0.0889181584774819
0.3739255710657808	-0.0889170832246207
0.3739316638600478	-0.0889159948614989
0.3739378293262097	-0.0889148933797281
0.3739440674844275	-0.0889137787708089
0.3739503783550872	-0.0889126510261438
0.3739567619588300	-0.0889115101370267
0.3739632183165344	-0.0889103560946483
0.3739697474493195	-0.0889091888900980
0.3739763493785533	-0.0889080085143580
0.3739830241258440	-0.0889068149583061
0.3739897717130446	-0.0889056082127166
0.3739965921622537	-0.0889043882682579
0.3740034854958047	-0.0889031551154934
0.3740104517362867	-0.0889019087448825
0.3740174909065316	-0.0889006491467757
0.3740246030296106	-0.0888993763114220
0.3740317881288426	-0.0888980902289621
0.3740390462277958	-0.0888967908894334
0.3740463773502768	-0.0888954782827629
0.3740537815203462	-0.0888941523987751
0.3740612587623051	-0.0888928132271861
0.3740688091007012	-0.0888914607576027
0.3740764325603365	-0.0888900949795307
0.3740841291662477	-0.0888887158823671
0.3740918989437287	-0.0888873234553959
0.3740997419183194	-0.0888859176878011
0.3741076581158005	-0.0888844985686561
0.3741156475622147	-0.0888830660869249
0.3741237102838370	-0.0888816202314649
0.3741318463072050	-0.0888801609910240
0.3741400556590977	-0.0888786883542452
0.3741483383665458	-0.0888772023096584
0.3741566944568319	-0.0888757028456858
0.3741651239574820	-0.0888741899506432
0.3741736268962788	-0.0888726636127314
0.3741822033012552	-0.0888711238200455
0.3741908532006923	-0.0888695705605739
0.3741995766231238	-0.0888680038221866
0.3742083735973341	-0.0888664235926511
0.3742172441523661	-0.0888648298596216
0.3742261883175017	-0.0888632226106411
0.3742352061222934	-0.0888616018331391
0.3742442975965274	-0.0888599675144405
0.3742534627702561	-0.0888583196417535
0.3742627016737838	-0.0888566582021734
0.3742720143376643	-0.0888549831826922
0.3742814007927109	-0.0888532945701790
0.3742908610699898	-0.0888515923513972
0.3743003952008167	-0.0888498765129982
0.3743100032167753	-0.0888481470415125
0.3743196851496967	-0.0888464039233689
0.3743294410316637	-0.0888446471448738
0.3743392708950297	-0.0888428766922241
0.3743491747723898	-0.0888410925515011
0.3743591526966013	-0.0888392947086751
0.3743692047007901	-0.0888374831495961
0.3743793308183275	-0.0888356578600051
0.3743895310828453	-0.0888338188255267
0.3743998055282371	-0.0888319660316681
0.3744101541886529	-0.0888300994638223
0.3744205770985101	-0.0888282191072673
0.3744310742924732	-0.0888263249471635
0.3744416458054797	-0.0888244169685560
0.3744522916727157	-0.0888224951563748
0.3744630119296411	-0.0888205594954293
0.3744738066119720	-0.0888186099704139
0.3744846757556805	-0.0888166465659044
0.3744956193970134	-0.0888146692663645
0.3745066375724678	-0.0888126780561300
0.3745177303188157	-0.0888106729194238
0.3745288976730870	-0.0888086538403532
0.3745401396725732	-0.0888066208028991
0.3745514563548371	-0.0888045737909294
0.3745628477577000	-0.0888025127881898
0.3745743139192525	-0.0888004377783063
0.3745858548778556	-0.0887983487447836
0.3745974706721272	-0.0887962456710082
0.3746091613409550	-0.0887941285402440
0.3746209269234973	-0.0887919973356350
0.3746327674591819	-0.0887898520402021
0.3746446829876997	-0.0887876926368452
0.3746566735490118	-0.0887855191083446
0.3746687391833458	-0.0887833314373540
0.3746808799312034	-0.0887811296064053
0.3746930958333625	-0.0887789135979084
0.3747053869308567	-0.0887766833941502
0.3747177532649986	-0.0887744389772917
0.3747301948773766	-0.0887721803293735
0.3747427118098425	-0.0887699074323047
0.3747553041045301	-0.0887676202678759
0.3747679718038344	-0.0887653188177536
0.3747807149504320	-0.0887630030634707
0.3747935335872787	-0.0887606729864423
0.3748064277575940	-0.0887583285679518
0.3748193975048769	-0.0887559697891606
0.3748324428729030	-0.0887535966310989
0.3748455639057243	-0.0887512090746717
0.3748587606476665	-0.0887488071006561
0.3748720331433353	-0.0887463906897003
0.3748853814376137	-0.0887439598223251
0.3748988055756623	-0.0887415144789223
0.3749123056029217	-0.0887390546397499
0.3749258815651115	-0.0887365802849440
0.3749395335082287	-0.0887340913945040
0.3749532614785503	-0.0887315879483059
0.3749670655226449	-0.0887290699260871
0.3749809456873483	-0.0887265373074580
0.3749949020197876	-0.0887239900718973
0.3750089345673661	-0.0887214281987505
0.3750230433777771	-0.0887188516672309
0.3750372284989943	-0.0887162604564181
0.3750514899792741	-0.0887136545452625
0.3750658278671637	-0.0887110339125758
0.3750802422114873	-0.0887083985370363
0.3750947330613657	-0.0887057483971919
0.3751093004661943	-0.0887030834714493
0.3751239444756667	-0.0887004037380860
0.3751386651397572	-0.0886977091752371
0.3751534625087358	-0.0886949997609082
0.3751683366331509	-0.0886922754729672
0.3751832875638539	-0.0886895362891379
0.3751983153519727	-0.0886867821870134
0.3752134200489426	-0.0886840131440450
0.3752286017064735	-0.0886812291375511
0.3752438603765763	-0.0886784301447045
0.3752591961115574	-0.0886756161425417
0.3752746089640098	-0.0886727871079568
0.3752900989868275	-0.0886699430177111
0.3753056662331963	-0.0886670838484149
0.3753213107565879	-0.0886642095765428
0.3753370326107886	-0.0886613201784282
0.3753528318498719	-0.0886584156302637
0.3753687085282031	-0.0886554959080888
0.3753846627004570	-0.0886525609878131
0.3754006944215976	-0.0886496108451954
0.3754168037468938	-0.0886466454558539
0.3754329907319120	-0.0886436647952557
0.3754492554325247	-0.0886406688387296
0.3754655979048976	-0.0886376575614573
0.3754820182055023	-0.0886346309384710
0.3754985163911193	-0.0886315889446586
0.3755150925188199	-0.0886285315547607
0.3755317466459935	-0.0886254587433706
0.3755484788303208	-0.0886223704849319
0.3755652891298004	-0.0886192667537407
0.3755821776027288	-0.0886161475239448
0.3755991443077166	-0.0886130127695357
0.3756161893036813	-0.0886098624643641
0.3756333126498360	-0.0886066965821253
0.3756505144057206	-0.0886035150963616
0.3756677946311787	-0.0886003179804668
0.3756851533863627	-0.0885971052076759
0.3757025907317361	-0.0885938767510776
0.3757201067280780	-0.0885906325836027
0.3757377014364811	-0.0885873726780335
0.3757553749183471	-0.0885840970069889
0.3757731272353935	-0.0885808055429407
0.3757909584496616	-0.0885774982581944
0.3758088686234928	-0.0885741751249129
0.3758268578195637	-0.0885708361150915
0.3758449261008550	-0.0885674812005686
0.3758630735306687	-0.0885641103530311
0.3758813001726314	-0.0885607235439977
0.3758996060906876	-0.0885573207448362
0.3759179913490979	-0.0885539019267483
0.3759364560124508	-0.0885504670607782
0.3759550001456539	-0.0885470161178091
0.3759736238139386	-0.0885435490685593
0.3759923270828628	-0.0885400658835845
0.3760111100183035	-0.0885365665332804
0.3760299726864733	-0.0885330509878813
0.3760489151539012	-0.0885295192174443
0.3760679374874538	-0.0885259711918786
0.3760870397543163	-0.0885224068809156
0.3761062220220092	-0.0885188262541255
0.3761254843583772	-0.0885152292809084
0.3761448268316077	-0.0885116159304991
0.3761642495102077	-0.0885079861719630
0.3761837524630244	-0.0885043399741989
0.3762033357592314	-0.0885006773059298
0.3762229994683471	-0.0884969981357181
0.3762427436602169	-0.0884933024319456
0.3762625684050263	-0.0884895901628250
0.3762824737732942	-0.0884858612964041
0.3763024598358849	-0.0884821158005421
0.3763225266639895	-0.0884783536429415
0.3763426743291544	-0.0884745747911209
0.3763629029032538	-0.0884707792124215
0.3763832124585118	-0.0884669668740165
0.3764036030674906	-0.0884631377428983
0.3764240748031005	-0.0884592917858804
0.3764446277385914	-0.0884554289695973
0.3764652619475590	-0.0884515492605124
0.3764859775039511	-0.0884476526249035
0.3765067744820564	-0.0884437390288650
0.3765276529565202	-0.0884398084383149
0.3765486130023256	-0.0884358608189931
0.3765696546948144	-0.0884318961364513
0.3765907781096839	-0.0884279143560559
0.3766119833229685	-0.0884239154429947
0.3766332704110682	-0.0884198993622692
0.3766546394507403	-0.0884158660786926
0.3766760905190825	-0.0884118155568938
0.3766976236935632	-0.0884077477613149
0.3767192390520019	-0.0884036626562126
0.3767409366725782	-0.0883995602056457
0.3767627166338279	-0.0883954403734925
0.3767845790146540	-0.0883913031234360
0.3768065238943120	-0.0883871484189713
0.3768285513524287	-0.0883829762234002
0.3768506614689941	-0.0883787864998275
0.3768728543243458	-0.0883745792111733
0.3768951299992179	-0.0883703543201529
0.3769174885746850	-0.0883661117892950
0.3769399301321943	-0.0883618515809219
0.3769624547535793	-0.0883575736571729
0.3769850625210231	-0.0883532779799785
0.3770077535170900	-0.0883489645110719
0.3770305278247135	-0.0883446332119858
0.3770533855272016	-0.0883402840440582
0.3770763267082374	-0.0883359169684213
0.3770993514518797	-0.0883315319460060
0.3771224598425608	-0.0883271289375352
0.3771456519650940	-0.0883227079035358
0.3771689279046748	-0.0883182688043262
0.3771922877468724	-0.0883138116000163
0.3772157315776402	-0.0883093362505084
0.3772392594833165	-0.0883048427155055
0.3772628715506181	-0.0883003309544905
0.3772865678666497	-0.0882958009267420
0.3773103485189090	-0.0882912525913309
0.3773342135952613	-0.0882866859071133
0.3773581631839821	-0.0882821008327300
0.3773821973737251	-0.0882774973266102
0.3774063162535355	-0.0882728753469714
0.3774305199128544	-0.0882682348518135
0.3774548084415167	-0.0882635757989168
0.3774791819297437	-0.0882588981458489
0.3775036404681614	-0.0882542018499593
0.3775281841477911	-0.0882494868683685
0.3775528130600433	-0.0882447531579913
0.3775775272967430	-0.0882400006755094
0.3776023269501063	-0.0882352293773858
0.3776272121127514	-0.0882304392198594
0.3776521828777038	-0.0882256301589443
0.3776772393383908	-0.0882208021504295
0.3777023815886490	-0.0882159551498785
0.3777276097227131	-0.0882110891126206
0.3777529238352458	-0.0882062039937652
0.3777783240212937	-0.0882012997481841
0.3778038103763343	-0.0881963763305242
0.3778293829962516	-0.0881914336951975
0.3778550419773423	-0.0881864717963789
0.3778807874163162	-0.0881814905880118
0.3779066194103043	-0.0881764900238052
0.3779325380568573	-0.0881714700572336
0.3779585434539361	-0.0881664306415282
0.3779846356999319	-0.0881613717296826
0.3780108148936480	-0.0881562932744524
0.3780370811343245	-0.0881511952283533
0.3780634345216142	-0.0881460775436508
0.3780898751556013	-0.0881409401723756
0.3781164031368001	-0.0881357830663094
0.3781430185661455	-0.0881306061769888
0.3781697215450128	-0.0881254094557024
0.3781965121752065	-0.0881201928534910
0.3782233905589586	-0.0881149563211462
0.3782503567989450	-0.0881096998092053
0.3782774109982663	-0.0881044232679603
0.3783045532604726	-0.0880991266474431
0.3783317836895523	-0.0880938098974382
0.3783591023899266	-0.0880884729674621
0.3783865094664631	-0.0880831158067887
0.3784140050244753	-0.0880777383644243
0.3784415891697187	-0.0880723405891156
0.3784692620084000	-0.0880669224293546
0.3784970236471671	-0.0880614838333671
0.3785248741931265	-0.0880560247491120
0.3785528137538314	-0.0880505451242864
0.3785808424372868	-0.0880450449063234
0.3786089603519562	-0.0880395240423867
0.3786371676067540	-0.0880339824793681
0.3786654643110555	-0.0880284201638928
0.3786938505747014	-0.0880228370423151
0.3787223265079795	-0.0880172330607103
0.3787508922216507	-0.0880116081648834
0.3787795478269419	-0.0880059623003685
0.3788082934355380	-0.0880002954124116
0.3788371291595922	-0.0879946074459892
0.3788660551117326	-0.0879888983457897
0.3788950714050565	-0.0879831680562273
0.3789241781531285	-0.0879774165214282
0.3789533754699945	-0.0879716436852369
0.3789826634701685	-0.0879658494912158
0.3790120422686507	-0.0879600338826255
0.3790415119809097	-0.0879541968024539
0.3790710727229076	-0.0879483381933889
0.3791007246110830	-0.0879424579978311
0.3791304677623539	-0.0879365561578857
0.3791603022941310	-0.0879306326153614
0.3791902283243135	-0.0879246873117702
0.3792202459712869	-0.0879187201883345
0.3792503553539288	-0.0879127311859629
0.3792805565916163	-0.0879067202452732
0.3793108498042063	-0.0879006873065782
0.3793412351120690	-0.0878946323098811
0.3793717126360636	-0.0878885551948848
0.3794022824975539	-0.0878824559009833
0.3794329448183976	-0.0878763343672620
0.3794636997209790	-0.0878701905324905
0.3794945473281606	-0.0878640243351326
0.3795254877633291	-0.0878578357133306
0.3795565211503751	-0.0878516246049165
0.3795876476137085	-0.0878453909474025
0.3796188672782411	-0.0878391346779782
0.3796501802694068	-0.0878328557335219
0.3796815867131605	-0.0878265540505750
0.3797130867359708	-0.0878202295653662
0.3797446804648263	-0.0878138822137910
0.3797763680272467	-0.0878075119314151
0.3798081495512658	-0.0878011186534858
0.3798400251654583	-0.0877947023149011
0.3798719949989124	-0.0877882628502460
0.3799040591812628	-0.0877818001937486
0.3799362178426650	-0.0877753142793136
0.3799684711138131	-0.0877688050405065
0.3800008191259477	-0.0877622724105447
0.3800332620108359	-0.0877557163223049
0.3800657999007942	-0.0877491367083266
0.3800984329286736	-0.0877425335007897
0.3801311612278813	-0.0877359066315349
0.3801639849323701	-0.0877292560320534
0.3801969041766370	-0.0877225816334752
0.3802299190957316	-0.0877158833665840
0.3802630298252639	-0.0877091611617979
0.3802962365013927	-0.0877024149491910
0.3803295392608372	-0.0876956446584659
0.3803629382408795	-0.0876888502189635
0.3803964335793595	-0.0876820315596644
0.3804300254146913	-0.0876751886091747
0.3804637138858455	-0.0876683212957425
0.3804974991323672	-0.0876614295472397
0.3805313812943689	-0.0876545132911661
0.3805653605125432	-0.0876475724546456
0.3805994369281555	-0.0876406069644253
0.3806336106830407	-0.0876336167468728
0.3806678819196330	-0.0876266017279751
0.3807022507809347	-0.0876195618333386
0.3807367174105316	-0.0876124969881755
0.3807712819526122	-0.0876054071173206
0.3808059445519382	-0.0875982921452086
0.3808407053538738	-0.0875911519958898
0.3808755645043746	-0.0875839865930112
0.3809105221499851	-0.0875767958598359
0.3809455784378603	-0.0875695797192120
0.3809807335157558	-0.0875623380935993
0.3810159875320247	-0.0875550709050443
0.3810513406356364	-0.0875477780751929
0.3810867929761549	-0.0875404595252757
0.3811223447037670	-0.0875331151761214
0.3811579959692656	-0.0875257449481425
0.3811937469240725	-0.0875183487613276
0.3812295977202059	-0.0875109265352556
0.3812655485103364	-0.0875034781890840
0.3813015994477280	-0.0874960036415415
0.3813377506862890	-0.0874885028109375
0.3813740023805531	-0.0874809756151490
0.3814103546856837	-0.0874734219716214
0.3814468077574776	-0.0874658417973707
0.3814833617523671	-0.0874582350089734
0.3815200168274339	-0.0874506015225698
0.3815567731403860	-0.0874429412538593
0.3815936308495878	-0.0874352541180918
0.3816305901140483	-0.0874275400300766
0.3816676510934265	-0.0874197989041735
0.3817048139480246	-0.0874120306542901
0.3817420788388187	-0.0874042351938783
0.3817794459274218	-0.0873964124359294
0.3818169153761323	-0.0873885622929831
0.3818544873478834	-0.0873806846771060
0.3818921620063006	-0.0873727794999069
0.3819299395156661	-0.0873648466725236
0.3819678200409367	-0.0873568861056201
0.3820058037477324	-0.0873488977093898
0.3820438908023741	-0.0873408813935491
0.3820820813718440	-0.0873328370673306
0.3821203756238137	-0.0873247646394876
0.3821587737266431	-0.0873166640182827
0.3821972758493786	-0.0873085351114953
0.3822358821617604	-0.0873003778264132
0.3822745928342198	-0.0872921920698212
0.3823134080378919	-0.0872839777480136
0.3823523279446107	-0.0872757347667801
0.3823913527269080	-0.0872674630314112
0.3824304825580311	-0.0872591624466809
0.3824697176119327	-0.0872508329168634
0.3825090580632793	-0.0872424743457057
0.3825485040874618	-0.0872340866364541
0.3825880558605672	-0.0872256696918230
0.3826277135594316	-0.0872172234140056
0.3826674773615966	-0.0872087477046738
0.3827073474453477	-0.0872002424649635
0.3827473239896909	-0.0871917075954781
0.3827874071743690	-0.0871831429962866
0.3828275971798666	-0.0871745485669131
0.3828678941874067	-0.0871659242063530
0.3829082983789581	-0.0871572698130323
0.3829488099372394	-0.0871485852848432
0.3829894290457096	-0.0871398705191171
0.3830301558885996	-0.0871311254126327
0.3830709906508778	-0.0871223498615991
0.3831119335182892	-0.0871135437616725
0.3831529846773376	-0.0871047070079300
0.3831941443152941	-0.0870958394948849
0.3832354126201974	-0.0870869411164691
0.3832767897808679	-0.0870780117660411
0.3833182759869006	-0.0870690513363718
0.3833598714286676	-0.0870600597196468
0.3834015762973283	-0.0870510368074589
0.3834433907848357	-0.0870419824908111
0.3834853150839236	-0.0870328966601046
0.3835273493881355	-0.0870237792051416
0.3835694938917974	-0.0870146300151170
0.3836117487900527	-0.0870054489786105
0.3836541142788396	-0.0869962359836014
0.3836965905549101	-0.0869869909174322
0.3837391778158307	-0.0869777136668395
0.3837818762599833	-0.0869684041179255
0.3838246860865679	-0.0869590621561642
0.3838676074956109	-0.0869496876663942
0.3839106406879708	-0.0869402805328174
0.3839537858653282	-0.0869308406389929
0.3839970432302094	-0.0869213678678318
0.3840404129859726	-0.0869118621015912
0.3840838953368253	-0.0869023232218787
0.3841274904878110	-0.0868927511096342
0.3841711986448319	-0.0868831456451404
0.3842150200146501	-0.0868735067080071
0.3842589548048771	-0.0868638341771674
0.3843030032239846	-0.0868541279308823
0.3843471654813250	-0.0868443878467360
0.3843914417871059	-0.0868346138016057
0.3844358323524101	-0.0868248056716956
0.3844803373892144	-0.0868149633325065
0.3845249571103591	-0.0868050866588353
0.3845696917295819	-0.0867951755247828
0.3846145414615105	-0.0867852298037254
0.3846595065216573	-0.0867752493683375
0.3847045871264502	-0.0867652340905636
0.3847497834932070	-0.0867551838416249
0.3847950958401558	-0.0867450984920182
0.3848405243864295	-0.0867349779114973
0.3848860693521025	-0.0867248219690775
0.3849317309581337	-0.0867146305330313
0.3849775094264338	-0.0867044034708806
0.3850234049798235	-0.0866941406493900
0.3850694178420663	-0.0866838419345655
0.3851155482378597	-0.0866735071916406
0.3851617963928435	-0.0866631362850863
0.3852081625336077	-0.0866527290785876
0.3852546468876830	-0.0866422854350566
0.3853012496835648	-0.0866318052166101
0.3853479711506989	-0.0866212882845740
0.3853948115195062	-0.0866107344994807
0.3854417710213675	-0.0866001437210469
0.3854888498886287	-0.0865895158081874
0.3855360483546453	-0.0865788506190061
0.3855833666537227	-0.0865681480107689
0.3856308050211559	-0.0865574078399301
0.3856783636932491	-0.0865466299621084
0.3857260429072900	-0.0865358142320754
0.3857738429015750	-0.0865249605037672
0.3858217639154015	-0.0865140686302602
0.3858698061890714	-0.0865031384637815
0.3859179699639200	-0.0864921698556949
0.3859662554822843	-0.0864811626564833
0.3860146629875428	-0.0864701167157669
0.3860631927240928	-0.0864590318822816
0.3861118449373717	-0.0864479080038707
0.3861606198738514	-0.0864367449274891
0.3862095177810511	-0.0864255424991871
0.3862585389075611	-0.0864143005641006
0.3863076835029913	-0.0864030189664677
0.3863569518180364	-0.0863916975495940
0.3864063441044444	-0.0863803361558554
0.3864558606150484	-0.0863689346267073
0.3865055016037434	-0.0863574928026523
0.3865552673255060	-0.0863460105232471
0.3866051580364142	-0.0863344876271003
0.3866551739936208	-0.0863229239518496
0.3867053154553828	-0.0863113193341670
0.3867555826810641	-0.0862996736097566
0.3868059759311237	-0.0862879866133289
0.3868564954671529	-0.0862762581786054
0.3869071415518430	-0.0862644881383192
0.3869579144490222	-0.0862526763241840
0.3870088144236396	-0.0862408225669208
0.3870598417417847	-0.0862289266962111
0.3871109966706827	-0.0862169885407129
0.3871622794787171	-0.0862050079280619
0.3872136904354102	-0.0861929846848372
0.3872652298114519	-0.0861809186365714
0.3873168978786874	-0.0861688096077491
0.3873686949101395	-0.0861566574217577
0.3874206211799966	-0.0861444619009449
0.3874726769636357	-0.0861322228665622
0.3875248625376175	-0.0861199401387673
0.3875771781796983	-0.0861076135366138
0.3876296241688260	-0.0860952428780683
0.3876822007851671	-0.0860828279799566
0.3877349083100842	-0.0860703686579933
0.3877877470261605	-0.0860578647267680
0.3878407172172031	-0.0860453159997085
0.3878938191682536	-0.0860327222891111
0.3879470531655738	-0.0860200834061063
0.3880004194966877	-0.0860073991606471
0.3880539184503489	-0.0859946693615221
0.3881075503165737	-0.0859818938163283
0.3881613153866216	-0.0859690723314744
0.3882152139530531	-0.0859562047121578
0.3882692463096696	-0.0859432907623673
0.3883234127515643	-0.0859303302848536
0.3883777135751094	-0.0859173230811551
0.3884321490779883	-0.0859042689515609
0.3884867195591470	-0.0858911676950985
0.3885414253188850	-0.0858780191095508
0.3885962666587629	-0.0858648229914059
0.3886512438816972	-0.0858515791358990
0.3887063572919045	-0.0858382873369543
0.3887616071949642	-0.0858249473872009
0.3888169938977472	-0.0858115590779480
0.3888725177085201	-0.0857981221991908
0.3889281789368652	-0.0857846365395899
0.3889839778937476	-0.0857711018864613
0.3890399148914815	-0.0857575180257667
0.3890959902437634	-0.0857438847421078
0.3891522042656700	-0.0857302018186950
0.3892085572736531	-0.0857164690373738
0.3892650495855740	-0.0857026861785715
0.3893216815206892	-0.0856888530213238
0.3893784533996557	-0.0856749693432323
0.3894353655445639	-0.0856610349204732
0.3894924182789159	-0.0856470495277738
0.3895496119276369	-0.0856330129384215
0.3896069468171058	-0.0856189249242121
0.3896644232751412	-0.0856047852554870
0.3897220416310030	-0.0855905937010767
0.3897798022154211	-0.0855763500283245
0.3898377053605925	-0.0855620540030531
0.3898957514001820	-0.0855477053895543
0.3899539406693504	-0.0855333039505738
0.3900122735047405	-0.0855188494473269
0.3900707502444842	-0.0855043416394390
0.3901293712282374	-0.0854897802849699
0.3901881367971604	-0.0854751651403845
0.3902470472939257	-0.0854604959605473
0.3903061030627443	-0.0854457724986978
0.3903653044493722	-0.0854309945064474
0.3904246518010863	-0.0854161617337647
0.3904841454667438	-0.0854012739289570
0.3905437857967463	-0.0853863308386585
0.3906035731430711	-0.0853713322078216
0.3906635078592660	-0.0853562777796934
0.3907235903004653	-0.0853411672958102
0.3907838208234134	-0.0853260004959726
0.3908441997863745	-0.0853107771185463
0.3909047275494562	-0.0852954968989269
0.3909654044740593	-0.0852801595725491
0.3910262309234349	-0.0852647648718518
0.3910872072623988	-0.0852493125280471
0.3911483338574567	-0.0852338022697098
0.3912096110766189	-0.0852182338243838
0.3912710392897784	-0.0852026069172117
0.3913326188683451	-0.0851869212723490
0.3913943501854101	-0.0851711766115037
0.3914562336158851	-0.0851553726538503
0.3915182695362738	-0.0851395091174941
0.3915804583246970	-0.0851235857182003
0.3916428003611129	-0.0851076021708384
0.3917052960272088	-0.0850915581864437
0.3917679457064294	-0.0850754534754117
0.3918307497837802	-0.0850592877458309
0.3918937086462765	-0.0850430607033312
0.3919568226823966	-0.0850267720530060
0.3920200922826613	-0.0850104214956815
0.3920835178391381	-0.0849940087316324
0.3921470997460057	-0.0849775334586992
0.3922108383987968	-0.0849609953724270
0.3922747341951920	-0.0849443941665169
0.3923387875344607	-0.0849277295323070
0.3924029988180507	-0.0849110011590496
0.3924673684488131	-0.0848942087338088
0.3925318968316959	-0.0848773519415384
0.3925965843733049	-0.0848604304647453
0.3926614314824241	-0.0848434439839860
0.3927264385695177	-0.0848263921771846
0.3927916060468034	-0.0848092747205077
0.3928569343285448	-0.0847920912873187
0.3929224238309482	-0.0847748415489236
0.3929880749721487	-0.0847575251741862
0.3930538881720417	-0.0847401418296924
0.3931198638524754	-0.0847226911795538
0.3931860024373615	-0.0847051728854473
0.3932523043525532	-0.0846875866068590
0.3933187700257283	-0.0846699320005126
0.3933853998866351	-0.0846522087208754
0.3934521943669745	-0.0846344164198337
0.3935191539006643	-0.0846165547466811
0.3935862789231831	-0.0845986233482657
0.3936535698723268	-0.0845806218690056
0.3937210271877748	-0.0845625499504171
0.3937886513114113	-0.0845444072315756
0.3938564426870921	-0.0845261933490277
0.3939244017606284	-0.0845079079363947
0.3939925289798794	-0.0844895506249288
0.3940608247950332	-0.0844711210428369
0.3941292896581911	-0.0844526188158495
0.3941979240235225	-0.0844340435667457
0.3942667283472051	-0.0844153949157063
0.3943357030878395	-0.0843966724799885
0.3944048487059118	-0.0843778758740310
0.3944741656642087	-0.0843590047092882
0.3945436544275425	-0.0843400585945084
0.3946133154628949	-0.0843210371354305
0.3946831492394644	-0.0843019399348633
0.3947531562286247	-0.0842827665925807
0.3948233369040029	-0.0842635167054419
0.3948936917413858	-0.0842441898671717
0.3949642212185882	-0.0842247856686450
0.3950349258161024	-0.0842053036971390
0.3951058060161414	-0.0841857435375327
0.3951768623036481	-0.0841661047709671
0.3952480951654103	-0.0841463869755726
0.3953195050909195	-0.0841265897263661
0.3953910925713151	-0.0841067125951107
0.3954628581007212	-0.0840867551501795
0.3955348021753574	-0.0840667169566593
0.3956069252932696	-0.0840465975762867
0.3956792279559080	-0.0840263965676573
0.3957517106658196	-0.0840061134855582
0.3958243739287287	-0.0839857478816899
0.3958972182524206	-0.0839652993040929
0.3959702441472927	-0.0839447672972758
0.3960434521259088	-0.0839241514023439
0.3961168427029996	-0.0839034511567517
0.3961904163964559	-0.0838826660943593
0.3962641737256254	-0.0838617957453778
0.3963381152131699	-0.0838408396361874
0.3964122413837668	-0.0838197972896918
0.3964865527645259	-0.0837986682249858
0.3965610498852912	-0.0837774519571564
0.3966357332780170	-0.0837561479977181
0.3967106034773786	-0.0837347558540980
0.3967856610206154	-0.0837132750299850
0.3968609064471009	-0.0836917050251877
0.3969363402994649	-0.0836700453349947
0.3970119631222154	-0.0836482954515261
0.3970877754626309	-0.0836264548618258
0.3971637778706213	-0.0836045230498517
0.3972399708985314	-0.0835824994943822
0.3973163551012733	-0.0835603836710782
0.3973929310367052	-0.0835381750505887
0.3974696992651833	-0.0835158730991998
0.3975466603488816	-0.0834934772795207
0.3976238148539937	-0.0834709870491893
0.3977011633482206	-0.0834484018617971
0.3977787064025110	-0.0834257211662555
0.3978564445905585	-0.0834029444070135
0.3979343784879899	-0.0833800710239238
0.3980125086737313	-0.0833571004525591
0.3980908357296721	-0.0833340321234095
0.3981693602399168	-0.0833108654621953
0.3982480827911389	-0.0832875998905057
0.3983270039732880	-0.0832642348246770
0.3984061243788014	-0.0832407696759678
0.3984854446031659	-0.0832172038509881
0.3985649652438372	-0.0831935367519895
0.3986446869017212	-0.0831697677752038
0.3987246101806820	-0.0831458963123381
0.3988047356869067	-0.0831219217495748
0.3988850640295005	-0.0830978434687346
0.3989655958207445	-0.0830736608457980
0.3990463316751382	-0.0830493732514272
0.3991272722105547	-0.0830249800509815
0.3992084180475868	-0.0830004806049195
0.3992897698098369	-0.0829758742677494
0.3993713281232025	-0.0829511603883566
0.3994530936171569	-0.0829263383105002
0.3995350669236412	-0.0829014073722144
0.3996172486776395	-0.0828763669054844
0.3996996395172825	-0.0828512162368796
0.3997822400833820	-0.0828259546870787
0.3998650510197382	-0.0828005815706459
0.3999480729729646	-0.0827750961963353
0.4000313065929965	-0.0827494978672513
0.4001147525323390	-0.0827237858801138
0.4001984114462707	-0.0826979595256050
0.4002822839942526	-0.0826720180874406
0.4003663708373311	-0.0826459608443344
0.4004506726404447	-0.0826197870678867
0.4005351900710013	-0.0825934960230427
0.4006199237994303	-0.0825670869690715
0.4007048745002276	-0.0825405591582099
0.4007900428496241	-0.0825139118354413
0.4008754295271877	-0.0824871442401491
0.4009610352159682	-0.0824602556046174
0.4010468606018341	-0.0824332451536660
0.4011329063739503	-0.0824061121054969
0.4012191732238395	-0.0823788556721219
0.4013056618470286	-0.0823514750565834
0.4013923729414141	-0.0823239694566921
0.4014793072083436	-0.0822963380615287
0.4015664653524794	-0.0822685800541174
0.4016538480802800	-0.0822406946090229
0.4017414561037165	-0.0822126808937774
0.4018292901350674	-0.0821845380677929
0.4019173508919503	-0.0821562652834400
0.4020056390941230	-0.0821278616850885
0.4020941554645364	-0.0820993264089180
0.4021829007289041	-0.0820706585839874
0.4022718756170540	-0.0820418573300215
0.4023610808611244	-0.0820129217599319
0.4024505171966554	-0.0819838509770274
0.4025401853616000	-0.0819546440780255
0.4026300860988249	-0.0819253001493769
0.4027202201526403	-0.0818958182699201
0.4028105882708092	-0.0818661975103106
0.4029011912045548	-0.0818364369311848
0.4029920297085818	-0.0818065355856665
0.4030831045394755	-0.0817764925171672
0.4031744164581700	-0.0817463067596536
0.4032659662281872	-0.0817159773392280
0.4033577546164224	-0.0816855032718591
0.4034497823922936	-0.0816548835639300
0.4035420503289441	-0.0816241172132699
0.4036345592025780	-0.0815932032069882
0.4037273097912882	-0.0815621405231426
0.4038203028786144	-0.0815309281300036
0.4039135392487594	-0.0814995649858598
0.4040070196903004	-0.0814680500384193
0.4041007449949729	-0.0814363822257413
0.4041947159564925	-0.0814045604752130
0.4042889333731495	-0.0813725837043205
0.4043833980441068	-0.0813404508200075
0.4044781107737349	-0.0813081607172752
0.4045730723685368	-0.0812757122815420
0.4046682836375471	-0.0812431043868645
0.4047637453925603	-0.0812103358970004
0.4048594584499342	-0.0811774056630100
0.4049554236273355	-0.0811443125254732
0.4050516417457815	-0.0811110553127361
0.4051481136291715	-0.0810776328433797
0.4052448401046802	-0.0810440439228080
0.4053418220016604	-0.0810102873435753
0.4054390601528974	-0.0809763618884876
0.4055365553936522	-0.0809422663253687
0.4056343085611781	-0.0809079994134870
0.4057323204962175	-0.0808735598951112
0.4058305920432179	-0.0808389465024511
0.4059291240478468	-0.0808041579546368
0.4060279173583549	-0.0807691929580574
0.4061269728260247	-0.0807340502053644
0.4062262913051138	-0.0806987283752991
0.4063258736520646	-0.0806632261343446
0.4064257207252790	-0.0806275421345625
0.4065258333855210	-0.0805916750152739
0.4066262124979432	-0.0805556233998171
0.4067268589268785	-0.0805193858999543
0.4068277735408767	-0.0804829611095329
0.4069289572112549	-0.0804463476120732
0.4070304108105450	-0.0804095439724593
0.4071321352131058	-0.0803725487448490
0.4072341312961500	-0.0803353604634530
0.4073363999384884	-0.0802979776507287
0.4074389420203333	-0.0802603988139215
0.4075417584260245	-0.0802226224420284
0.4076448500385455	-0.0801846470095124
0.4077482177450416	-0.0801464709758898
0.4078518624319742	-0.0801080927833606
0.4079557849928960	-0.0800695108559889
0.4080599863155587	-0.0800307236041400
0.4081644672927544	-0.0799917294201489
0.4082692288207424	-0.0799525266774734
0.4083742717922399	-0.0799131137355472
0.4084795971045280	-0.0798734889357205
0.4085852056545840	-0.0798336505985035
0.4086910983430300	-0.0797935970279492
0.4087972760664052	-0.0797533265121899
0.4089037397274397	-0.0797128373176486
0.4090104902253662	-0.0796721276951252
0.4091175284624322	-0.0796311958738950
0.4092248553401843	-0.0795900400663700
0.4093324717600937	-0.0795486584624366
0.4094403786269858	-0.0795070492364145
0.4095485768409797	-0.0794652105401286
0.4096570673053625	-0.0794231405051582
0.4097658509230867	-0.0793808372432672
0.4098749285942390	-0.0793382988490388
0.4099843012229467	-0.0792955233876688
0.4100939697075361	-0.0792525089105778
0.4102039349487724	-0.0792092534485258
0.4103141978464619	-0.0791657550050455
0.4104247592980926	-0.0791220115636743
0.4105356201999198	-0.0790780210891276
0.4106467814475780	-0.0790337815176477
0.4107582439335191	-0.0789892907732159
0.4108700085513990	-0.0789445467384839
0.4109820761888348	-0.0788995472927026
0.4110944477326217	-0.0788542902819957
0.4112071240695344	-0.0788087735275543
0.4113201060805590	-0.0787629948260471
0.4114333946456674	-0.0787169519588917
0.4115469906385105	-0.0786706426696802
0.4116608949346530	-0.0786240646833757
0.4117751083981108	-0.0785772157041010
0.4118896319008822	-0.0785300933960963
0.4120044663005760	-0.0784826954164769
0.4121196124511512	-0.0784350193861246
0.4122350712071180	-0.0783870628959832
0.4123508434142293	-0.0783388235095464
0.4124669299163681	-0.0782902987769314
0.4125833315451193	-0.0782414862062792
0.4127000491318109	-0.0781923832858661
0.4128170835006492	-0.0781429874688840
0.4129344354653200	-0.0780932961881462
0.4130521058400235	-0.0780433068425462
0.4131700954231171	-0.0779930167958175
0.4132884050194987	-0.0779424234101405
0.4134070354001913	-0.0778915239719654
0.4135259873560941	-0.0778403157786191
0.4136452616541926	-0.0777887960830754
0.4137648590516912	-0.0777369620905654
0.4138847803052907	-0.0776848110081276
0.4140050261451741	-0.0776323399848219
0.4141255973117223	-0.0775795461492321
0.4142464945189038	-0.0775264266035985
0.4143677184718694	-0.0774729783995555
0.4144892698757491	-0.0774191985681373
0.4146111493935248	-0.0773650841172775
0.4147333577193446	-0.0773106319977744
0.4148558954967099	-0.0772558391437604
0.4149787633651137	-0.0772007024627453
0.4151019619673090	-0.0771452187972488
0.4152254919000095	-0.0770893850083304
0.4153493537624186	-0.0770331978506122
0.4154735481363788	-0.0769766540986824
0.4155980756013287	-0.0769197504877799
0.4157229366876155	-0.0768624837150142
0.4158481319101516	-0.0768048503737248
0.4159736618058901	-0.0767468471500139
0.4160995268482460	-0.0766884705773364
0.4162257275063259	-0.0766297172155754
0.4163522642230102	-0.0765705835823568
0.4164791374353046	-0.0765110661138301
0.4166063475468326	-0.0764511613010462
0.4167338949334686	-0.0763908654590920
0.4168617799553106	-0.0763301750107434
0.4169900029421307	-0.0762690862688152
0.4171185642234627	-0.0762075954763912
0.4172474640212217	-0.0761456988996074
0.4173767026524597	-0.0760833927366895
0.4175062802895921	-0.0760206731789862
0.4176361971545741	-0.0759575363461775
0.4177664534480076	-0.0758939782817607
0.4178970492548335	-0.0758299951016777
0.4180279846840859	-0.0757655827875688
0.4181592598069934	-0.0757007373314585
0.4182905349299008	-0.0756358918753483
0.4184228294282930	-0.0755697306917147
0.4185551239266852	-0.0755035695080812
0.4186874184250774	-0.0754374083244476
0.4188207316200841	-0.0753698689469420
0.4189540448150908	-0.0753023295694365
0.4190873580100975	-0.0752347901919309
0.4192206712051042	-0.0751672508144253
0.4193539844001109	-0.0750997114369197
0.4194872975951176	-0.0750321720594142
0.4196256936675370	-0.0749576589037404
0.4197640897399564	-0.0748831457480665
0.4199024858123758	-0.0748086325923927
0.4200408818847952	-0.0747341194367189
0.4201792779572145	-0.0746596062810451
0.4203176740296339	-0.0745850931253713
0.4204560701020533	-0.0745105799696974
0.4205944661744727	-0.0744360668140236
0.4207328622468921	-0.0743615536583498
0.4208712583193115	-0.0742870405026760
0.4210096543917309	-0.0742125273470022
0.4211480504641503	-0.0741380141913283
0.4212864465365697	-0.0740635010356545
0.4214248426089890	-0.0739889878799807
0.4215632386814084	-0.0739144747243069
0.4217016347538278	-0.0738399615686331
0.4218400308262472	-0.0737654484129592
0.4219784268986666	-0.0736909352572854
0.4221168229710860	-0.0736164221016116
0.4222552190435054	-0.0735419089459378
0.4223936151159248	-0.0734673957902640
0.4225320111883442	-0.0733928826345902
0.4226704072607635	-0.0733183694789163
0.4228088033331829	-0.0732438563232425
0.4229471994056023	-0.0731693431675687
0.4230855954780217	-0.0730948300118949
0.4232239915504411	-0.0730203168562211
0.4233623876228605	-0.0729458037005472
0.4235007836952799	-0.0728712905448734
0.4236391797676993	-0.0727967773891996
0.4237775758401187	-0.0727222642335258
0.4239159719125380	-0.0726477510778520
0.4240543679849574	-0.0725732379221781
0.4241927640573768	-0.0724987247665043
0.4243311601297962	-0.0724242116108305
0.4244695562022156	-0.0723496984551567
0.4246079522746350	-0.0722751852994829
0.4247463483470544	-0.0722006721438090
0.4248847444194738	-0.0721261589881352
