0.3467109968791484	-0.2739148752912436
0.3465671927153625	-0.2739276272664223
0.3464235399118838	-0.2739403451184267
0.3462800381787473	-0.2739530289279923
0.3461366872267232	-0.2739656787756782
0.3459934867675070	-0.2739782947416960
0.3458504365136065	-0.2739908769060375
0.3457075361784191	-0.2740034253483370
0.3455647854760945	-0.2740159401480194
0.3454221841217019	-0.2740284213841928
0.3452797318310981	-0.2740408691357052
0.3451374283209338	-0.2740532834811308
0.3449952733087752	-0.2740656644987644
0.3448532665129151	-0.2740780122666313
0.3447114076525530	-0.2740903268624724
0.3445696964476156	-0.2741026083638388
0.3444281326189170	-0.2741148568478634
0.3442867158879865	-0.2741270723914607
0.3441454459772857	-0.2741392550714311
0.3440043226099936	-0.2741514049641136
0.3438633455100448	-0.2741635221457119
0.3437225144023309	-0.2741756066920604
0.3435818290123652	-0.2741876586788202
0.3434412890665159	-0.2741996781813640
0.3433008942920528	-0.2742116652747606
0.3431606444167610	-0.2742236200338427
0.3430205391694058	-0.2742355425333601
0.3428805782795843	-0.2742474328474780
0.3427407614774901	-0.2742592910501854
0.3426010884941924	-0.2742711172155446
0.3424615590615330	-0.2742829114170193
0.3423221729120678	-0.2742946737279271
0.3421829297791384	-0.2743064042213474
0.3420438293968833	-0.2743181029700820
0.3419048715001077	-0.2743297700467168
0.3417660558245492	-0.2743414055235527
0.3416273821064361	-0.2743530094727434
0.3414888500828555	-0.2743645819660704
0.3413504594919405	-0.2743761230749342
0.3412122100719375	-0.2743876328709087
0.3410741015624256	-0.2743991114250439
0.3409361337034794	-0.2744105588081507
0.3407983062358558	-0.2744219750908811
0.3406606189010924	-0.2744333603435771
0.3405230714414968	-0.2744447146363781
0.3403856636000416	-0.2744560380392459
0.3402483951205406	-0.2744673306216978
0.3401112657473689	-0.2744785924532261
0.3399742752256094	-0.2744898236033597
0.3398374233013143	-0.2745010241402741
0.3397007097209524	-0.2745121941333569
0.3395641342318428	-0.2745233336509002
0.3394276965820542	-0.2745344427611513
0.3392913965202561	-0.2745455215321743
0.3391552337958730	-0.2745565700317055
0.3390192081589194	-0.2745675883274348
0.3388833193603752	-0.2745785764865655
0.3387475671517147	-0.2745895345763000
0.3386119512850022	-0.2746004626634353
0.3384764715131992	-0.2746113608148040
0.3383411275898883	-0.2746222290967424
0.3382059192692943	-0.2746330675755109
0.3380708463063739	-0.2746438763170828
0.3379359084567373	-0.2746546553872560
0.3378011054766560	-0.2746654048516001
0.3376664371231352	-0.2746761247754483
0.3375319031536796	-0.2746868152238769
0.3373975033268269	-0.2746974762619873
0.3372632374012439	-0.2747081079540798
0.3371291051367799	-0.2747187103652573
0.3369951062935950	-0.2747292835588369
0.3368612406327281	-0.2747398275996916
0.3367275079157537	-0.2747503425513773
0.3365939079049304	-0.2747608284774900
0.3364604403631481	-0.2747712854414951
0.3363271050539611	-0.2747817135065864
0.3361939017415871	-0.2747921127357739
0.3360608301909247	-0.2748024831917579
0.3359278901671643	-0.2748128249371206
0.3357950814369799	-0.2748231380342881
0.3356624037668782	-0.2748334225450595
0.3355298569240810	-0.2748436785319839
0.3353974406767913	-0.2748539060565256
0.3352651547935881	-0.2748641051802523
0.3351329990438139	-0.2748742759645408
0.3350009731973360	-0.2748844184705025
0.3348690770248546	-0.2748945327589797
0.3347373102974663	-0.2749046188908014
0.3346056727865405	-0.2749146769266465
0.3344741642651020	-0.2749247069267052
0.3343427845057927	-0.2749347089508607
0.3342115332823002	-0.2749446830595079
0.3340804103688382	-0.2749546293122013
0.3339494155402772	-0.2749645477685219
0.3338185485720229	-0.2749744384878284
0.3336878092401163	-0.2749843015292668
0.3335571973212644	-0.2749941369517655
0.3334267125924928	-0.2750039448144158
0.3332963548320119	-0.2750137251752122
0.3331661238179937	-0.2750234780930328
0.3330360193294374	-0.2750332036255838
0.3329060411460540	-0.2750429018314886
0.3327761890480441	-0.2750525727682230
0.3326464628161446	-0.2750622164935672
0.3325168622316922	-0.2750718330649587
0.3323873870767259	-0.2750814225394828
0.3322580371338589	-0.2750909849743247
0.3321288121859217	-0.2751005204265912
0.3319997120167686	-0.2751100289526406
0.3318707364105729	-0.2751195106093166
0.3317418851524098	-0.2751289654523957
0.3316131580273930	-0.2751383935386350
0.3314845548215754	-0.2751477949238071
0.3313560753214496	-0.2751571696637111
0.3312277193141112	-0.2751665178139797
0.3310994865873578	-0.2751758394299716
0.3309713769292648	-0.2751851345668963
0.3308433901284486	-0.2751944032800120
0.3307155259747258	-0.2752036456242034
0.3305877842571789	-0.2752128616542509
0.3304601647669254	-0.2752220514241812
0.3303326672946754	-0.2752312149889377
0.3302052916319577	-0.2752403524025228
0.3300780375708204	-0.2752494637190085
0.3299509049039245	-0.2752585489921665
0.3298238934244650	-0.2752676082757050
0.3296970029259597	-0.2752766416231288
0.3295702332027671	-0.2752856490879185
0.3294435840492912	-0.2752946307229956
0.3293170552614699	-0.2753035865813035
0.3291906466347284	-0.2753125167159926
0.3290643579654149	-0.2753214211794622
0.3289381890505304	-0.2753303000242828
0.3288121396874279	-0.2753391533027698
0.3286862096740497	-0.2753479810670479
0.3285603988088625	-0.2753567833691462
0.3284347068907792	-0.2753655602607537
0.3283091337193548	-0.2753743117937428
0.3281836790946943	-0.2753830380193032
0.3280583428170048	-0.2753917389893410
0.3279331246874153	-0.2754004147540486
0.3278080245077100	-0.2754090653652545
0.3276830420798474	-0.2754176908734876
0.3275581772063543	-0.2754262913295186
0.3274334296903405	-0.2754348667837866
0.3273087993352613	-0.2754434172866885
0.3271842859454395	-0.2754519428883837
0.3270598893250816	-0.2754604436390897
0.3269356092796137	-0.2754689195880500
0.3268114456145244	-0.2754773707859420
0.3266873981358057	-0.2754857972814736
0.3265634666500212	-0.2754941991245731
0.3264396509642833	-0.2755025763642979
0.3263159508861262	-0.2755109290498137
0.3261923662235753	-0.2755192572300132
0.3260688967851043	-0.2755275609537612
0.3259455423797170	-0.2755358402696192
0.3258223028171641	-0.2755440952259562
0.3256991779071566	-0.2755523258713039
0.3255761674598714	-0.2755605322535250
0.3254532712869784	-0.2755687144210197
0.3253304891992940	-0.2755768724215255
0.3252078210089263	-0.2755850063027059
0.3250852665281527	-0.2755931161121530
0.3249628255698501	-0.2756012018973426
0.3248404979472631	-0.2756092637055228
0.3247182834742403	-0.2756173015838529
0.3245961819648749	-0.2756253155791142
0.3244741932341555	-0.2756333057384713
0.3243523170970742	-0.2756412721082208
0.3242305533689983	-0.2756492147350806
0.3241089018663556	-0.2756571336655403
0.3239873624055965	-0.2756650289458495
0.3238659348037119	-0.2756729006220408
0.3237446188782434	-0.2756807487399799
0.3236234144469712	-0.2756885733457344
0.3235023213281146	-0.2756963744848011
0.3233813393412782	-0.2757041522024859
0.3232604683045400	-0.2757119065451055
0.3231397080386241	-0.2757196375566300
0.3230190583629773	-0.2757273452826750
0.3228985190986291	-0.2757350297685688
0.3227780900665109	-0.2757426910588934
0.3226577710881913	-0.2757503291982780
0.3225375619855042	-0.2757579442314255
0.3224174625808915	-0.2757655362024957
0.3222974726972642	-0.2757731051559098
0.3221775921573466	-0.2757806511362247
0.3220578207854876	-0.2757881741863968
0.3219381584053896	-0.2757956743518780
0.3218186048418436	-0.2758031516744606
0.3216991599196837	-0.2758106061991517
0.3215798234642788	-0.2758180379689960
0.3214605953015829	-0.2758254470272548
0.3213414752577939	-0.2758328334172965
0.3212224631596382	-0.2758401971820726
0.3211035588342295	-0.2758475383644137
0.3209847621088285	-0.2758548570072283
0.3208660728120332	-0.2758621531534287
0.3207474907711804	-0.2758694268450567
0.3206290158160605	-0.2758766781245832
0.3205106477754229	-0.2758839070345669
0.3203923864788319	-0.2758911136171784
0.3202742317564828	-0.2758982979141597
0.3201561834387285	-0.2759054599675702
0.3200382413564150	-0.2759125998190708
0.3199204053408599	-0.2759197175104110
0.3198026752235200	-0.2759268130828677
0.3196850508369803	-0.2759338865780540
0.3195675320131988	-0.2759409380371138
0.3194501185850560	-0.2759479675010236
0.3193328103862195	-0.2759549750110694
0.3192156072501667	-0.2759619606079633
0.3190985090108281	-0.2759689243325243
0.3189815155029883	-0.2759758662251738
0.3188646265613826	-0.2759827863265484
0.3187478420211775	-0.2759896846773415
0.3186311617182080	-0.2759965613172766
0.3185145854884458	-0.2760034162863436
0.3183981131681353	-0.2760102496254874
0.3182817445949758	-0.2760170613734012
0.3181654796052069	-0.2760238515707538
0.3180493180368357	-0.2760306202568794
0.3179332597279609	-0.2760373674711916
0.3178173045167906	-0.2760440932533328
0.3177014522422597	-0.2760507976423058
0.3175857027433270	-0.2760574806777379
0.3174700558597732	-0.2760641423979579
0.3173545114312594	-0.2760707828422880
0.3172390692987654	-0.2760774020497666
0.3171237293016246	-0.2760840000585666
0.3170084912820820	-0.2760905769077173
0.3168933550811464	-0.2760971326354673
0.3167783205407322	-0.2761036672801767
0.3166633875029004	-0.2761101808801014
0.3165485558101680	-0.2761166734735081
0.3164338253056709	-0.2761231450980539
0.3163191958324463	-0.2761295957916678
0.3162046672342016	-0.2761360255925654
0.3160902393547634	-0.2761424345380347
0.3159759120394548	-0.2761488226649493
0.3158616851318999	-0.2761551900118445
0.3157475584776698	-0.2761615366157140
0.3156335319222936	-0.2761678625135599
0.3155196053113543	-0.2761741677426872
0.3154057784911793	-0.2761804523399355
0.3152920513089508	-0.2761867163419550
0.3151784236100779	-0.2761929597861466
0.3150648952433966	-0.2761991827081705
0.3149514660557778	-0.2762053851458174
0.3148381358950616	-0.2762115671342680
0.3147249046098212	-0.2762177287106779
0.3146117720488267	-0.2762238699108197
0.3144987380609960	-0.2762299907710994
0.3143858024956086	-0.2762360913273224
0.3142729652024322	-0.2762421716154641
0.3141602260317186	-0.2762482316711458
0.3140475848336304	-0.2762542715304748
0.3139350414595873	-0.2762602912279022
0.3138225957597805	-0.2762662908005159
0.3137102475857628	-0.2762722702825010
0.3135979967898808	-0.2762782297094534
0.3134858432239708	-0.2762841691163893
0.3133737867404928	-0.2762900885385791
0.3132618271923006	-0.2762959880106746
0.3131499644325577	-0.2763018675675595
0.3130381983145180	-0.2763077272445787
0.3129265286925172	-0.2763135670751077
0.3128149554198986	-0.2763193870952962
0.3127034783524199	-0.2763251873377708
0.3125920973431859	-0.2763309678380516
0.3124808122485015	-0.2763367286301030
0.3123696229236577	-0.2763424697479748
0.3122585292244344	-0.2763481912254421
0.3121475310067108	-0.2763538930968663
0.3120366281270129	-0.2763595753960625
0.3119258204425336	-0.2763652381558548
0.3118151078103594	-0.2763708814106621
0.3117044900865993	-0.2763765051943169
0.3115939671307482	-0.2763821095389554
0.3114835387999717	-0.2763876944799737
0.3113732049528863	-0.2763932600485553
0.3112629654482229	-0.2763988062785259
0.3111528201447880	-0.2764043332030632
0.3110427689022010	-0.2764098408548860
0.3109328115798135	-0.2764153292669808
0.3108229480378072	-0.2764207984719971
0.3107131781364179	-0.2764262485027634
0.3106035017360843	-0.2764316793910703
0.3104939186979672	-0.2764370911707706
0.3103844288834127	-0.2764424838725265
0.3102750321536664	-0.2764478575297372
0.3101657283706273	-0.2764532121743084
0.3100565173962446	-0.2764585478381789
0.3099473990933795	-0.2764638645534047
0.3098383733246206	-0.2764691623518017
0.3097294399529550	-0.2764744412651908
0.3096205988416454	-0.2764797013255986
0.3095118498544445	-0.2764849425641400
0.3094031928557055	-0.2764901650125958
0.3092946277094179	-0.2764953687011044
0.3091861542800075	-0.2765005536630531
0.3090777724325453	-0.2765057199285964
0.3089694820320397	-0.2765108675290331
0.3088612829442021	-0.2765159964954774
0.3087531750345925	-0.2765211068586370
0.3086451581692187	-0.2765261986499067
0.3085372322147953	-0.2765312718993736
0.3084293970381868	-0.2765363266377305
0.3083216525052995	-0.2765413628960592
0.3082139984836749	-0.2765463807048270
0.3081064348414970	-0.2765513800943930
0.3079989614462375	-0.2765563610949593
0.3078915781658650	-0.2765613237368666
0.3077842848689836	-0.2765662680501492
0.3076770814244737	-0.2765711940651016
0.3075699677001114	-0.2765761018116553
0.3074629435668414	-0.2765809913193027
0.3073560088928839	-0.2765858626182178
0.3072491635493648	-0.2765907157387147
0.3071424074048289	-0.2765955507082583
0.3070357403306944	-0.2766003675588587
0.3069291621972924	-0.2766051663191639
0.3068226728756803	-0.2766099470181995
0.3067162722370415	-0.2766147096857752
0.3066099601529146	-0.2766194543501405
0.3065037364951064	-0.2766241810420494
0.3063976011357812	-0.2766288897888623
0.3062915539462477	-0.2766335806212124
0.3061855947998886	-0.2766382535648579
0.3060797235710997	-0.2766429086529625
0.3059739401308277	-0.2766475459112669
0.3058682443534395	-0.2766521653690504
0.3057626361122411	-0.2766567670551318
0.3056571152815318	-0.2766613509979396
0.3055516817355497	-0.2766659172255249
0.3054463353487437	-0.2766704657665885
0.3053410759957776	-0.2766749966491456
0.3052359035514478	-0.2766795099009206
0.3051308178912517	-0.2766840055510189
0.3050258188916237	-0.2766884836264749
0.3049209064274254	-0.2766929441554069
0.3048160803748962	-0.2766973871661400
0.3047113406104897	-0.2767018126856757
0.3046066870111680	-0.2767062207419378
0.3045021194533027	-0.2767106113628471
0.3043976378143882	-0.2767149845750188
0.3042932419717284	-0.2767193404070735
0.3041889318028343	-0.2767236788857502
0.3040847071854426	-0.2767280000392675
0.3039805679989341	-0.2767323038923372
0.3038765141205128	-0.2767365904740876
0.3037725454292858	-0.2767408598111983
0.3036686618041120	-0.2767451119304513
0.3035648631244154	-0.2767493468590444
0.3034611492698838	-0.2767535646233958
0.3033575201192990	-0.2767577652498604
0.3032539755533190	-0.2767619487666029
0.3031505154523167	-0.2767661151984999
0.3030471396957808	-0.2767702645726827
0.3029438481663975	-0.2767743969166078
0.3028406407432840	-0.2767785122550104
0.3027375173083411	-0.2767826106149359
0.3026344777430174	-0.2767866920225266
0.3025315219287505	-0.2767907565037916
0.3024286497480128	-0.2767948040850219
0.3023258610825174	-0.2767988347921636
0.3022231558149296	-0.2768028486507024
0.3021205338279821	-0.2768068456874100
0.3020179950048839	-0.2768108259265387
0.3019155392279665	-0.2768147893955583
0.3018131663814926	-0.2768187361189871
0.3017108763487711	-0.2768226661225899
0.3016086690136012	-0.2768265794319275
0.3015065442603765	-0.2768304760724078
0.3014045019733633	-0.2768343560692912
0.3013025420368705	-0.2768382194480600
0.3012006643365605	-0.2768420662328411
0.3010988687566877	-0.2768458964504282
0.3009971551826445	-0.2768497101252749
0.3008955235008304	-0.2768535072818217
0.3007939735962538	-0.2768572879454714
0.3006925053550394	-0.2768610521409691
0.3005911186636306	-0.2768647998930363
0.3004898134081934	-0.2768685312263399
0.3003885894760154	-0.2768722461656574
0.3002874467537821	-0.2768759447356715
0.3001863851282472	-0.2768796269608548
0.3000854044880804	-0.2768832928652182
0.2999845047188805	-0.2768869424733464
0.2998836857100243	-0.2768905758092430
0.2997829473493899	-0.2768941928978068
0.2996822895253464	-0.2768977937630526
0.2995817121260991	-0.2769013784287898
0.2994812150407198	-0.2769049469193052
0.2993807981580336	-0.2769084992584443
0.2992804613673570	-0.2769120354701582
0.2991802045582385	-0.2769155555774172
0.2990800276199631	-0.2769190596057887
0.2989799304432284	-0.2769225475774370
0.2988799129169123	-0.2769260195173918
0.2987799749323524	-0.2769294754476224
0.2986801163797999	-0.2769329153926541
0.2985803371499043	-0.2769363393754150
0.2984806371340635	-0.2769397474198467
0.2983810162228601	-0.2769431395488054
0.2982814743082204	-0.2769465157857231
0.2981820112817007	-0.2769498761539957
0.2980826270355703	-0.2769532206761597
0.2979833214604508	-0.2769565493750385
0.2978840944497508	-0.2769598622754382
0.2977849458961373	-0.2769631593986841
0.2976858756920410	-0.2769664407677677
0.2975868837302293	-0.2769697064059530
0.2974879699041233	-0.2769729563357780
0.2973891341065218	-0.2769761905799974
0.2972903762314474	-0.2769794091610149
0.2971916961729345	-0.2769826121018348
0.2970930938254288	-0.2769857994236016
0.2969945690807280	-0.2769889711522088
0.2968961218362896	-0.2769921273060508
0.2967977519846740	-0.2769952679092473
0.2966994594214282	-0.2769983929840577
0.2966012440414648	-0.2770015025522601
0.2965031057400490	-0.2770045966366372
0.2964050444125487	-0.2770076752586955
0.2963070599549528	-0.2770107384409417
0.2962091522626845	-0.2770137862051494
0.2961113212304091	-0.2770168185716330
0.2960135667582050	-0.2770198355658527
0.2959158887386172	-0.2770228372060892
0.2958182870707214	-0.2770258235159329
0.2957207616501648	-0.2770287945166290
0.2956233123744393	-0.2770317502293965
0.2955259391410639	-0.2770346906764252
0.2954286418466339	-0.2770376158789036
0.2953314203893309	-0.2770405258575633
0.2952342746678338	-0.2770434206360026
0.2951372045782248	-0.2770463002322481
0.2950402100196016	-0.2770491646703396
0.2949432908925047	-0.2770520139706873
0.2948464470926044	-0.2770548481539125
0.2947496785201954	-0.2770576672415277
0.2946529850739936	-0.2770604712547213
0.2945563666531727	-0.2770632602141356
0.2944598231574824	-0.2770660341409371
0.2943633544862296	-0.2770687930553356
0.2942669605382269	-0.2770715369795677
0.2941706412155934	-0.2770742659334614
0.2940743964169609	-0.2770769799385162
0.2939782260435551	-0.2770796790125801
0.2938821299959138	-0.2770823631796939
0.2937861081736731	-0.2770850324589591
0.2936901604787765	-0.2770876868710473
0.2935942868122549	-0.2770903264365938
0.2934984870750393	-0.2770929511756927
0.2934027611690855	-0.2770955611078102
0.2933071089965428	-0.2770981562552869
0.2932115304593355	-0.2771007366369589
0.2931160254568073	-0.2771033022741242
0.2930205934405138	-0.2771058535523822
0.2929252356720787	-0.2771083893900384
0.2928299506950164	-0.2771109109109334
0.2927347388647643	-0.2771134177667243
0.2926396000841399	-0.2771159099768806
0.2925445342567844	-0.2771183875615438
0.2924495412855537	-0.2771208505411089
0.2923546210755051	-0.2771232989350380
0.2922597735270535	-0.2771257327625885
0.2921649985465266	-0.2771281520436866
0.2920702955558340	-0.2771305571572838
0.2919756659067735	-0.2771329470445096
0.2918811080549382	-0.2771353228038362
0.2917866223879048	-0.2771376840949753
0.2916922088106117	-0.2771400309367110
0.2915978672284013	-0.2771423633489501
0.2915035975454713	-0.2771446813529653
0.2914093996679881	-0.2771469849640810
0.2913152735021431	-0.2771492742038243
0.2912212189494818	-0.2771515490914556
0.2911272353482243	-0.2771538099790510
0.2910333243230904	-0.2771560558830491
0.2909394840571263	-0.2771582878268968
0.2908457150328790	-0.2771605054945505
0.2907520171557830	-0.2771627089053441
0.2906583903324109	-0.2771648980769817
0.2905648344705825	-0.2771670730287169
0.2904713494761367	-0.2771692337786629
0.2903779352563407	-0.2771713803478113
0.2902845917214802	-0.2771735127515611
0.2901913180447840	-0.2771756314152446
0.2900981154023187	-0.2771777352409471
0.2900049842867575	-0.2771798251726985
0.2899119225588994	-0.2771819011094153
0.2898189310535095	-0.2771839629754906
0.2897260096792511	-0.2771860107886774
0.2896331583433756	-0.2771880445692882
0.2895403769550987	-0.2771900643330665
0.2894476654273620	-0.2771920701016428
0.2893550236602446	-0.2771940618864598
0.2892624512485812	-0.2771960399976703
0.2891699481040027	-0.2771980041364027
0.2890775160576921	-0.2771999535540571
0.2889851524515057	-0.2772018896056039
0.2888928581595964	-0.2772038117686229
0.2888006330918894	-0.2772057200608491
0.2887084771580312	-0.2772076144999234
0.2886163902670666	-0.2772094951052393
0.2885243723352678	-0.2772113618915366
0.2884324232656539	-0.2772132148799220
0.2883405426575019	-0.2772150546384372
0.2882487304737474	-0.2772168801396748
0.2881569883678995	-0.2772186912245074
0.2880653138739563	-0.2772204891919505
0.2879737078015463	-0.2772222734478856
0.2878821700632616	-0.2772240440104429
0.2877907005712229	-0.2772258008979270
0.2876992992346226	-0.2772275441271655
0.2876079659673800	-0.2772292737112714
0.2875167006867561	-0.2772309896737856
0.2874255026869450	-0.2772326924304785
0.2873343731855106	-0.2772343811667671
0.2872433118505247	-0.2772360559946643
0.2871523176201554	-0.2772377176350020
0.2870613909355160	-0.2772393657382861
0.2869705317101091	-0.2772410003202495
0.2868797398579429	-0.2772426213984789
0.2867890152880244	-0.2772442289943090
0.2866983579239224	-0.2772458231135527
0.2866077676695554	-0.2772474037859473
0.2865172440193418	-0.2772489711732979
0.2864267872203590	-0.2772505252643658
0.2863363987289334	-0.2772520652518189
0.2862460760708518	-0.2772535922819201
0.2861558200972522	-0.2772551059431098
0.2860656307234567	-0.2772566062527723
0.2859755078666162	-0.2772580932280095
0.2858854514358872	-0.2772595668842171
0.2857954613558413	-0.2772610272425601
0.2857055375328462	-0.2772624743096457
0.2856156795684882	-0.2772639086843020
0.2855258879086288	-0.2772653285839069
0.2854361599258358	-0.2772667377819655
0.2853465031504415	-0.2772681300701919
0.2852569093630629	-0.2772695109620223
0.2851673813325560	-0.2772708786691323
0.2850779189728031	-0.2772722332048484
0.2849885222042600	-0.2772735745870336
0.2848991909398502	-0.2772749028311183
0.2848099250904332	-0.2772762179572443
0.2847207241121946	-0.2772775205851189
0.2846315885835856	-0.2772788091818620
0.2845425163642576	-0.2772800873249397
0.2844535087448933	-0.2772813473379607
0.2843645743094462	-0.2772825973113926
0.2842756992590786	-0.2772838340437819
0.2841868890533329	-0.2772850577669673
0.2840981436085765	-0.2772862684991414
0.2840094628412925	-0.2772874662533588
0.2839208466706865	-0.2772886510422102
0.2838322942768380	-0.2772898226631811
0.2837438070460175	-0.2772909819190068
0.2836553814798429	-0.2772921273211268
0.2835670263613753	-0.2772932609115779
0.2834787319638547	-0.2772943811317821
0.2833905016792206	-0.2772954884855047
0.2833023354201443	-0.2772965829875125
0.2832142331119061	-0.2772976646550700
0.2831261946715398	-0.2772987335009975
0.2830382200178345	-0.2772997895435926
0.2829503084754453	-0.2773008333243438
0.2828624615045653	-0.2773018626625569
0.2827746750109679	-0.2773028808714774
0.2826869482356074	-0.2773038843257731
0.2825993007827396	-0.2773048782164732
0.2825117071815630	-0.2773058577509876
0.2824241768082281	-0.2773068245886067
0.2823367095844029	-0.2773077787465159
0.2822493054344932	-0.2773087202344429
0.2821619642698696	-0.2773096490753964
0.2820746857482049	-0.2773105655219581
0.2819874711168971	-0.2773114694030886
0.2819003148110689	-0.2773123627746031
0.2818132226118827	-0.2773132417972078
0.2817261856554684	-0.2773141060312003
0.2816392155444676	-0.2773149617097060
0.2815523333263636	-0.2773157979547844
0.2814654932682415	-0.2773166261209989
0.2813787155116126	-0.2773174417726196
0.2812919999375252	-0.2773182449141843
0.2812053464162541	-0.2773190352284053
0.2811187545279476	-0.2773198151776839
0.2810322216856296	-0.2773205829832672
0.2809457481665068	-0.2773213332330078
0.2808593386900007	-0.2773220751984771
0.2807729873242637	-0.2773228061933159
0.2806867264165002	-0.2773235181497964
0.2806005057543591	-0.2773242218197070
0.2805143466076040	-0.2773249131123585
0.2804282488918627	-0.2773255920595851
0.2803422112402253	-0.2773262582696044
0.2802562355704405	-0.2773269142792263
0.2801703202067583	-0.2773275531133986
0.2800844620361778	-0.2773281863060475
0.2799986640402117	-0.2773288089119961
0.2799129255567901	-0.2773294156935184
0.2798272409856861	-0.2773299983504414
0.2797416699138006	-0.2773305805654890
0.2796561217595167	-0.2773311489741725
0.2795706342495227	-0.2773317051558154
0.2794852071498611	-0.2773322504191380
0.2793998408381657	-0.2773327805289414
0.2793145315079633	-0.2773333016190941
0.2792292817205396	-0.2773338104512521
0.2791440928200681	-0.2773343088286709
0.2790589650464073	-0.2773347970420501
0.2789738804371547	-0.2773352673299935
0.2788888722256786	-0.2773357259056773
0.2788039184451311	-0.2773361751346046
0.2787190300833553	-0.2773366085212808
0.2786342541800619	-0.2773370213675552
0.2785494904180371	-0.2773374325449771
0.2784647803893726	-0.2773378350839384
0.2783801327154787	-0.2773382222529349
0.2782955389770779	-0.2773385896181836
0.2782110137727614	-0.2773389612395642
0.2781265306436640	-0.2773393122819964
0.2780421165058980	-0.2773396500481843
0.2779577435657011	-0.2773399880135606
0.2778734555391479	-0.2773402950379154
0.2777892829281555	-0.2773405916360629
0.2777051107626949	-0.2773408780803536
0.2776209927235440	-0.2773411581572202
0.2775369474493047	-0.2773414283555478
0.2774529335477285	-0.2773416884119766
0.2773689841527783	-0.2773419304354229
0.2772851112641759	-0.2773421710889880
0.2772012776201560	-0.2773423690381240
0.2771175279435993	-0.2773425948057626
0.2770337901420014	-0.2773428034796689
0.2769502158846490	-0.2773429668672996
0.2768666317952825	-0.2773431414468779
0.2767831015452477	-0.2773433067118481
0.2766996263015060	-0.2773434619959205
0.2766162161896771	-0.2773435993409080
0.2765328577377161	-0.2773437175223733
0.2764495408919785	-0.2773438252821042
0.2763663132488219	-0.2773439404602239
0.2762831379691457	-0.2773440442187577
0.2761999927407355	-0.2773441435527143
0.2761169815359208	-0.2773441697725462
0.2760339765476291	-0.2773442221078680
0.2759510242606510	-0.2773442714915995
0.2758681359587971	-0.2773443019758595
0.2757853054283933	-0.2773443261781936
0.2757025202319947	-0.2773443462429420
0.2756197915312181	-0.2773443218508225
0.2755370837897593	-0.2773443118195701
0.2754544941362207	-0.2773442963949065
0.2753718865633727	-0.2773442724204171
0.2752895134537305	-0.2773442063135607
0.2752070849694208	-0.2773441458262573
0.2751246995407852	-0.2773440715358922
0.2750423793569174	-0.2773439941374573
0.2749601275217883	-0.2773438984520199
0.2748778963103404	-0.2773438085556918
0.2747957557013763	-0.2773436399673729
0.2747136593334862	-0.2773435861552229
0.2746315427386753	-0.2773433680688349
0.2745496173750084	-0.2773432854106191
0.2744677399373987	-0.2773430966189707
0.2743858739243362	-0.2773429201537744
0.2743040624432456	-0.2773427272192091
0.2742223014550941	-0.2773425455368778
0.2741405925161758	-0.2773423185427876
0.2740589423002706	-0.2773421078327621
0.2739773875457552	-0.2773419064880357
0.2738957994859754	-0.2773416585789312
0.2738143464170447	-0.2773413763309228
0.2737329240669079	-0.2773411272877511
0.2736515872158861	-0.2773408407995523
0.2735702765645737	-0.2773405560832167
0.2734890235298688	-0.2773402664109730
0.2734078230065890	-0.2773399353526843
0.2733266860907670	-0.2773396230868711
0.2732456051974614	-0.2773393486468502
0.2731645682801221	-0.2773389647451907
0.2730835317960231	-0.2773386296409919
0.2730025333474642	-0.2773382506805996
0.2729217275548522	-0.2773378646785001
0.2728410012058316	-0.2773374748542002
0.2727602464393509	-0.2773370776563183
0.2726795396034891	-0.2773366596624494
0.2725988643632042	-0.2773362402411032
0.2725183243202964	-0.2773358686109020
0.2724377853583021	-0.2773353252952572
0.2723572959734708	-0.2773349091136487
0.2722767978971994	-0.2773344176119132
0.2721964159907179	-0.2773340263397308
0.2721161401081604	-0.2773335951556932
0.2720358909582344	-0.2773329873390074
0.2719556967405385	-0.2773324750766578
0.2718755139735580	-0.2773319513750437
0.2717954374375504	-0.2773314590663573
0.2717153499303285	-0.2773308906341772
0.2716353460297405	-0.2773303423380917
0.2715554186548816	-0.2773297392152605
0.2714755324073582	-0.2773291878272344
0.2713956194874700	-0.2773286136573430
0.2713159047917909	-0.2773279730470556
0.2712362220281988	-0.2773273934653866
0.2711565553936531	-0.2773267882199876
0.2710769516613791	-0.2773261388309517
0.2709973420643132	-0.2773255146229575
0.2709178759781457	-0.2773249269139010
0.2708384042255534	-0.2773241965319556
0.2707591213766669	-0.2773235757186451
0.2706795776676805	-0.2773229062774590
0.2706002407647093	-0.2773221255447623
0.2705210656426542	-0.2773212882052586
0.2704365530981632	-0.2773217995917658
0.2703627473013079	-0.2773199972923143
0.2702836672502060	-0.2773192729236004
0.2702046867386360	-0.2773185190284921
0.2701256435476140	-0.2773177551940585
0.2700467250519736	-0.2773170066365520
0.2699677155322390	-0.2773162789922619
0.2698889417925806	-0.2773154083175267
0.2698101564217991	-0.2773148149225148
0.2697314529248926	-0.2773138728963190
0.2696529017025557	-0.2773129890131787
0.2695658293252660	-0.2773120100600023
0.2694957062854866	-0.2773112874182428
0.2694172175438220	-0.2773104241826050
0.2693387944753297	-0.2773095116293791
0.2692603148525914	-0.2773087107412308
0.2691820326918375	-0.2773077874789828
0.2691037138410233	-0.2773069375512265
0.2690254020636410	-0.2773059555307656
0.2689471965535530	-0.2773051429351999
0.2688692503069482	-0.2773041784345916
0.2687821779296585	-0.2773031994814152
0.2686951055523688	-0.2773022205282389
0.2686349161910081	-0.2773013647991105
0.2685570076595531	-0.2773004410092141
0.2684791286499599	-0.2772993673218992
0.2684011390650703	-0.2772983205930635
0.2683233793304516	-0.2772975041416489
0.2682456153227059	-0.2772962295637791
0.2681682559617529	-0.2772949980641569
0.2680855989113408	-0.2772953678560045
0.2679985265340510	-0.2772943889028281
0.2679114541567613	-0.2772934099496518
0.2678243817794716	-0.2772924309964755
0.2677373094021819	-0.2772914520432991
0.2677030781870515	-0.2772891575107855
0.2676257623197280	-0.2772880200328942
0.2675486587241468	-0.2772869151533600
0.2674721136714785	-0.2772854541222657
0.2673944924526576	-0.2772843984458946
0.2673019475157333	-0.2772865572774174
0.2672148751384436	-0.2772855783242411
0.2671278027611538	-0.2772845993710648
0.2670407303838641	-0.2772836204178884
0.2669536580065744	-0.2772826414647120
0.2668665856292847	-0.2772816625115357
0.2667795132519949	-0.2772806835583593
0.2666924408747052	-0.2772797046051830
0.2666053684974155	-0.2772787256520067
0.2665182961201258	-0.2772777466988303
0.2665182961201258	-0.2772777466988303
0.2664312237428361	-0.2772767677456540
0.2663441513655463	-0.2772757887924776
0.2662570789882566	-0.2772748098393013
0.2661700066109669	-0.2772738308861250
0.2660829342336772	-0.2772728519329486
0.2659958618563875	-0.2772718729797722
0.2659087894790977	-0.2772708940265959
0.2658217171018080	-0.2772699150734196
0.2657346447245183	-0.2772689361202432
0.2657346447245183	-0.2772689361202432
0.2656475723472286	-0.2772679571670669
0.2655604999699389	-0.2772669782138905
0.2654734275926491	-0.2772659992607142
0.2653863552153594	-0.2772650203075379
0.2652992828380697	-0.2772640413543615
0.2652122104607800	-0.2772630624011851
0.2651251380834903	-0.2772620834480088
0.2650380657062005	-0.2772611044948325
0.2649509933289108	-0.2772601255416561
0.2649509933289108	-0.2772601255416561
0.2648639209516211	-0.2772591465884798
0.2647768485743314	-0.2772581676353034
0.2646897761970416	-0.2772571886821271
0.2646027038197519	-0.2772562097289508
0.2645156314424622	-0.2772552307757744
0.2644285590651725	-0.2772542518225981
0.2643414866878828	-0.2772532728694217
0.2642544143105930	-0.2772522939162454
0.2641673419333033	-0.2772513149630690
0.2641673419333033	-0.2772513149630690
0.2640802695560136	-0.2772503360098927
0.2639931971787239	-0.2772493570567163
0.2639061248014342	-0.2772483781035400
0.2638190524241444	-0.2772473991503637
0.2637319800468547	-0.2772464201971873
0.2636449076695650	-0.2772454412440110
0.2635578352922753	-0.2772444622908347
0.2634707629149856	-0.2772434833376583
0.2633836905376958	-0.2772425043844819
0.2633836905376958	-0.2772425043844819
0.2632966181604061	-0.2772415254313056
0.2632095457831164	-0.2772405464781293
0.2631224734058267	-0.2772395675249529
0.2630354010285370	-0.2772385885717766
0.2629483286512472	-0.2772376096186002
0.2628612562739575	-0.2772366306654239
0.2627741838966678	-0.2772356517122476
0.2626871115193781	-0.2772346727590712
0.2626000391420883	-0.2772336938058949
0.2626000391420883	-0.2772336938058949
0.2625129667647986	-0.2772327148527185
0.2624258943875089	-0.2772317358995422
0.2623388220102192	-0.2772307569463658
0.2622517496329295	-0.2772297779931895
0.2621646772556397	-0.2772287990400131
0.2620776048783500	-0.2772278200868368
0.2619905325010603	-0.2772268411336605
0.2619034601237706	-0.2772258621804841
0.2618163877464809	-0.2772248832273078
0.2618163877464809	-0.2772248832273078
0.2617293153691911	-0.2772239042741314
0.2616422429919014	-0.2772229253209550
0.2615551706146117	-0.2772219463677787
0.2614680982373220	-0.2772209674146024
0.2613810258600323	-0.2772199884614260
0.2612939534827425	-0.2772190095082497
0.2612068811054528	-0.2772180305550734
0.2611198087281631	-0.2772170516018970
0.2610327363508734	-0.2772160726487207
0.2610327363508734	-0.2772160726487207
0.2609456639735837	-0.2772150936955443
0.2608585915962939	-0.2772141147423680
0.2607715192190042	-0.2772131357891917
0.2606844468417145	-0.2772121568360153
0.2605973744644248	-0.2772111778828389
0.2605103020871350	-0.2772101989296626
0.2604232297098453	-0.2772092199764863
0.2603361573325556	-0.2772082410233099
0.2602490849552659	-0.2772072620701336
0.2602490849552659	-0.2772072620701336
0.2601620125779762	-0.2772062831169572
0.2600749402006864	-0.2772053041637809
0.2599878678233967	-0.2772043252106046
0.2599007954461070	-0.2772033462574282
0.2598137230688173	-0.2772023673042519
0.2597266506915276	-0.2772013883510756
0.2596395783142378	-0.2772004093978991
0.2595525059369481	-0.2771994304447228
0.2594654335596584	-0.2771984514915465
0.2594654335596584	-0.2771984514915465
0.2593783611823687	-0.2771974725383701
0.2592912888050790	-0.2771964935851938
0.2592042164277892	-0.2771955146320175
0.2591171440504995	-0.2771945356788411
0.2590300716732098	-0.2771935567256648
0.2589429992959201	-0.2771925777724884
0.2588559269186304	-0.2771915988193121
0.2587688545413406	-0.2771906198661357
0.2586817821640509	-0.2771896409129594
0.2586817821640509	-0.2771896409129594
0.2585947097867612	-0.2771886619597830
0.2585076374094715	-0.2771876830066067
0.2584205650321817	-0.2771867040534304
0.2583334926548920	-0.2771857251002540
0.2582464202776023	-0.2771847461470777
0.2581593479003126	-0.2771837671939013
0.2580722755230229	-0.2771827882407250
0.2579852031457331	-0.2771818092875487
0.2578981307684434	-0.2771808303343723
0.2578981307684434	-0.2771808303343723
0.2578110583911537	-0.2771798513811959
0.2577239860138640	-0.2771788724280196
0.2576369136365743	-0.2771778934748433
0.2575498412592845	-0.2771769145216669
0.2574627688819948	-0.2771759355684906
0.2573756965047051	-0.2771749566153142
0.2572886241274154	-0.2771739776621379
0.2572015517501257	-0.2771729987089616
0.2571144793728359	-0.2771720197557852
0.2571144793728359	-0.2771720197557852
0.2570274069955462	-0.2771710408026088
0.2569403346182565	-0.2771700618494325
0.2568532622409668	-0.2771690828962562
0.2567661898636771	-0.2771681039430798
0.2566791174863873	-0.2771671249899035
0.2565920451090976	-0.2771661460367271
0.2565049727318079	-0.2771651670835508
0.2564179003545182	-0.2771641881303745
0.2563308279772284	-0.2771632091771981
0.2563308279772284	-0.2771632091771981
0.2562437555999387	-0.2771622302240218
0.2561566832226490	-0.2771612512708455
0.2560696108453593	-0.2771602723176691
0.2559825384680696	-0.2771592933644927
0.2558954660907798	-0.2771583144113164
0.2558083937134901	-0.2771573354581400
0.2557213213362004	-0.2771563565049637
0.2556342489589107	-0.2771553775517874
0.2555471765816210	-0.2771543985986110
0.2555471765816210	-0.2771543985986110
0.2554601042043312	-0.2771534196454347
0.2553730318270415	-0.2771524406922584
0.2552859594497518	-0.2771514617390820
0.2551988870724621	-0.2771504827859056
0.2551118146951724	-0.2771495038327293
0.2550247423178826	-0.2771485248795530
0.2549376699405929	-0.2771475459263766
0.2548505975633032	-0.2771465669732003
0.2547635251860135	-0.2771455880200239
0.2547635251860135	-0.2771455880200239
0.2546764528087238	-0.2771446090668476
0.2545893804314340	-0.2771436301136713
0.2545023080541443	-0.2771426511604949
0.2544152356768546	-0.2771416722073186
0.2543281632995649	-0.2771406932541422
0.2542410909222751	-0.2771397143009658
0.2541540185449854	-0.2771387353477895
0.2540669461676957	-0.2771377563946132
0.2539798737904060	-0.2771367774414368
0.2539798737904060	-0.2771367774414368
0.2538928014131163	-0.2771357984882605
0.2538057290358265	-0.2771348195350841
0.2537186566585368	-0.2771338405819078
0.2536315842812471	-0.2771328616287315
0.2535445119039574	-0.2771318826755551
0.2534574395266677	-0.2771309037223788
0.2533703671493779	-0.2771299247692024
0.2532832947720882	-0.2771289458160261
0.2531962223947985	-0.2771279668628497
0.2531962223947985	-0.2771279668628497
0.2531091500175088	-0.2771269879096734
0.2530220776402191	-0.2771260089564971
0.2529350052629293	-0.2771250300033207
0.2528479328856396	-0.2771240510501444
0.2527608605083499	-0.2771230720969680
0.2526737881310602	-0.2771220931437917
0.2525867157537705	-0.2771211141906154
0.2524996433764807	-0.2771201352374390
0.2524125709991910	-0.2771191562842626
0.2524125709991910	-0.2771191562842626
0.2523254986219013	-0.2771181773310863
0.2522384262446116	-0.2771171983779099
0.2521513538673218	-0.2771162194247336
0.2520642814900321	-0.2771152404715573
0.2519772091127424	-0.2771142615183809
0.2518901367354527	-0.2771132825652046
0.2518030643581630	-0.2771123036120282
0.2517159919808732	-0.2771113246588519
0.2516289196035835	-0.2771103457056756
0.2516289196035835	-0.2771103457056756
0.2515418472262938	-0.2771093667524992
0.2514547748490041	-0.2771083877993228
0.2513677024717144	-0.2771074088461465
0.2512806300944246	-0.2771064298929702
0.2511935577171349	-0.2771054509397938
0.2511064853398452	-0.2771044719866175
0.2510194129625555	-0.2771034930334411
0.2509323405852658	-0.2771025140802648
0.2508452682079760	-0.2771015351270885
0.2508452682079760	-0.2771015351270885
0.2507581958306863	-0.2771005561739121
0.2506711234533966	-0.2770995772207357
0.2505840510761069	-0.2770985982675594
0.2504969786988172	-0.2770976193143831
0.2504099063215274	-0.2770966403612067
0.2503228339442377	-0.2770956614080304
0.2502357615669480	-0.2770946824548540
0.2501486891896583	-0.2770937035016777
0.2500616168123685	-0.2770927245485014
0.2500616168123685	-0.2770927245485014
0.2499745444350788	-0.2770917455953250
0.2498874720577891	-0.2770907666421487
0.2498003996804994	-0.2770897876889724
0.2497133273032097	-0.2770888087357960
0.2496262549259199	-0.2770878297826196
0.2495391825486302	-0.2770868508294433
0.2494521101713405	-0.2770858718762670
0.2493650377940508	-0.2770848929230906
0.2492779654167611	-0.2770839139699143
0.2492779654167611	-0.2770839139699143
0.2491908930394713	-0.2770829350167379
0.2491038206621817	-0.2770819560635616
0.2490167482848919	-0.2770809771103852
0.2489296759076022	-0.2770799981572089
0.2488426035303125	-0.2770790192040326
0.2487555311530227	-0.2770780402508562
0.2486684587757330	-0.2770770612976798
0.2485813863984433	-0.2770760823445035
0.2484943140211536	-0.2770751033913272
