0.301053454612366393802003608880077	-0.478276983223071809984182830722621
0.301225609065134439006454017808677	-0.478232085432002981155725018760636
0.301397931965313380792846987450749	-0.47818712720111217896071292783296
0.301570423604189629740354555166953	-0.478142108388498681640116328255487
0.30174308427390870112489858983333	-0.47809702885179000845451617023916
0.301915914267478693013346966386805	-0.478051888448140069666480344647747
0.302088913878773781693192910225723	-0.478006687034227306849019457525874
0.302262083402537734545206886364936	-0.477961424466252823458273736638697
0.302435423134387440467313604211475	-0.477916100599938505608124021264626
0.302608933370816457958716091956287	-0.477870715290525132983957578562913
0.302782614409198580974064421006584	-0.477825268392770479832353201536484
0.302956466547791422658248587306789	-0.477779759760947405962979635025757
0.303130490085740017073183340064268	-0.47773418924884193769852680696689
0.303304685323080439028747447127624	-0.477688556709751338708010571544858
0.303479052560743442130841058451635	-0.477642861996482170658308657637184
0.303653592100558115160332533690311	-0.477597104961348343618298218394562
0.303828304245255556897480396543374	-0.477551285456169156149473753790086
0.304003189298472569507237027183145	-0.477505403332267325016428184881685
0.30417824756475537060166836565183	-0.477459458440467004450079453286056
0.304353479349563324096558334885972	-0.477413450631091794896020158397122
0.304528884959272689980107963952916	-0.477367379753962741179858384155576
0.304704464701180393112487362743139	-0.477321245658396320020903962152983
0.304880218883507811175853831950228	-0.47727504819320241682503592350989
0.305056147815404581895311550511329	-0.477228787206682291687063762772408
0.305232251806952429652157531241079	-0.477182462546626534532367326991066
0.305408531169169011611634939274985	-0.477136074060313009327067605633615
0.3055849862140117834882984929089	-0.477089621594504787285443384968609
0.305761617254381885072987578891067	-0.477043104995448069002766596450653
0.305938424604128045646300981279833	-0.476996524108870095441182184314109
0.306115408578050509404372812377154	-0.476949878779977047695706394376421
0.306292569491904981023662414422948	-0.476903168853451935466860494758494
0.30646990766240659149239174081101	-0.476856394173452474165895030086493
0.306647423407233884337192095383991	-0.476809554583608950577992733429588
0.306825117045032822374458178404633	-0.476762649927022077008266123866975
0.307002988895420815116851229314682	-0.476715680046260833834788550710784
0.307181039278990766966344741334599	-0.476668644783360300392314956002297
0.307359268517315146326165824002315	-0.47662154397981947410976086232776
0.30753767693295007576495288030953	-0.476574377476599077823915000050706
0.307716264849439443367425919324546	-0.476527145114119355191262512915082
0.307895032591319035406849617994448	-0.476479846732257854119191769213507
0.308073980484120690475561252860843	-0.476432482170347198137248402298165
0.308253108854376475210835920132627	-0.47638505126717284562848525347405
0.308432418029622881754370128142187	-0.476337553860970836840336335963883
0.308611908338405047084681957659034	-0.476289989789425528593816723733899
0.308791580110280994362751621629539	-0.476242358889667316609218335945972
0.308971433675825896432260496238814	-0.47619466099827034536583387841326
0.309151469366636361616829620145846	-0.476146895951250205412597658792032
0.309331687515334741957710349540366	-0.476099063584061618045882552769621
0.309512088455573464036440395354123	-0.476051163731596107270037003960593
0.309692672522039382528047938409982	-0.476003196228179658955584529665894
0.309873440050458156631465002239383	-0.475955160907570367109340716447516
0.310054391377598649524898846326048	-0.475907057602956067170029061290675
0.310235526841277350995006910092327	-0.475858886146951956242297182911783
0.310416846780362823389826876361464	-0.47581064637159820018134882975191
0.310598351534780171046528819514991	-0.475762338108357527439714681864368
0.310780041445515533346181246227768	-0.47571396118811280958698611801605
0.310961916854620601548857214515414	-0.475665515441164628412630830875633
0.311143978105217159563550719797813	-0.475617000697228829521297355403387
0.3113262255415016488085272556221	-0.475568416785434062329297160957994
0.311508659508749757318895983387193	-0.47551976353431930637022787789236
0.311691280353321033259364372605411	-0.475471040771831383816969415428048
0.311874088422663523001319594618281	-0.475422248325322458126546109483654
0.312057084065318433924574462912164	-0.475373386021547518713602546186347
0.312240267630924822105319407894716	-0.47532445368666185155748826749607
0.312423639470224305053035949823258	-0.475275451146218495647187107370353
0.312607199935065799660351488149038	-0.475226378225165685167560357005484
0.312790949378410285531050057499722	-0.475177234747844277329599241865249
0.312974888154335593852699109527052	-0.475128020537985165746601236555773
0.313159016618041221981608466599984	-0.475078735418706679257396470345714
0.313343335125853173909104459566777	-0.475029379212511966096954809615405
0.313527844035228826779380010348965	-0.474979951741286363313901066193011
0.313712543704761823630470154837051	-0.474930452826294751333655093946492
0.313897434494186992531202327388216	-0.474880882288178893565095220774994
0.314082516764385292288281751230741	-0.474831239946954760947817438979487
0.314267790877388784898994606413195	-0.47478152562200984133622896265031
0.314453257196385634926345386876759	-0.47473173913210043361587307399134
0.31463891608572513597479012018177	-0.474681880295348926446532538250409
0.314824767910922764446084017938791	-0.474631948929241061525801185003869
0.315010813038665260756130763790024	-0.474581944850623181265947446826082
0.315197051836815738195101141738995	-0.474531867875699460776019628731461
0.315383484674418819614481174801445	-0.4744817178200291240402603660653
0.315570111921705802126114497610374	-0.474431494498523644183007026566725
0.315756933950099849999720443226709	-0.474381197725443927709355634920423
0.315943951132221215946798401684229	-0.474330827314397482609958154983996
0.31613116384189249098027052466949	-0.474280383078335570217406564688893
0.316318572454143883040668927396724	-0.474229864829550340700732008945966
0.316506177345218524581140296640825	-0.474179272379671952083613323226156
0.316693978892577809305020375779701	-0.474128605539665672670946290208696
0.316881977474906758251223287605753	-0.474077864119828966767473028241979
0.317070173472119415424196198942764	-0.474027047929788563571209816458385
0.317258567265364273166708554423204	-0.473976156778497509123441339179676
0.317447159237029727475277138155635	-0.47392519047423220119606968253302
0.317635949770749563459573690815642	-0.473874148824589406996117338572827
0.317824939251408471148720846669666	-0.473823031636483263566184865075089
0.318014128065147591848954892320994	-0.473771838716142260758655609728669
0.318203516599370095258720420087783	-0.473720569869106206660421931650481
0.318393105242746787548862488839534	-0.4736692249002231753438795357103
0.318582894385221750617196550223283	-0.473617803613646436818898769515863
0.318772884418018012728365286349475	-0.473566305812831369059433911247237
0.318963075733643250751534775494491	-0.473514731300532351977373489716252
0.319153468725895524210140196013513	-0.473463079878799643215166415618957
0.31934406378986904135956373774879	-0.473411351348976235627680053178093
0.319534861321959957510314658590726	-0.473359545511694696322657211117324
0.319725861719872205815983646866511	-0.473307662166873987128039266686255
0.319917065382623360746960974814619	-0.473255701113716266353312140396552
0.320108472710550534472640503048662	-0.473203662150703671710910494964545
0.320300084105316306376579570708371	-0.473151545075595084262583220995029
0.320491899969914685930848332637511	-0.473099349685422873254479874055469
0.320683920708677109157581336747361	-0.473047075776489621703563121392584
0.32087614672727846890753922669644	-0.472994723144364832596786318570422
0.321068578432743179187299563786865	-0.472942291583881615563297942200719
0.3212612162334512737685230458776	-0.472889780889133353878745628614848
0.321454060539144539314585020182509	-0.472837190853470351659551882179121
0.321647111760932683261722302821288	-0.472784521269496461103820991811785
0.321840370311299536693722094436125	-0.472731771929065689634312199372662
0.322033836604109292451073383353836	-0.472678942623278786797677566619298
0.322227511054612778717411822728546	-0.472626033142479810772914154391052
0.322421394079453768328016824717667	-0.472573043276252674340718922988169
0.322615486096675324047064703727891	-0.472519972813417670164161049085801
0.322809787525726180062304294672063	-0.472466821542027975229799993009964
0.323004298787467159947801745430257	-0.472413589249366134297078500137813
0.323199020304177631347399311628762	-0.472360275721940522202507639178937
0.323393952499561997633549144678788	-0.472306880745481784863835823996601
0.323589095798756226798217440927844	-0.472253404104939258828055388517815
0.323784450628334417834607092910911	-0.472199845584477369205748538430538
0.323980017416315404870518337167691	-0.4721462049674720058329092392282
0.324175796592169399316257013049493	-0.472092482036506877499998666334078
0.324371788586824670292109121536375	-0.472038676573369844086599086248635
0.324567993832674263602528592541672	-0.471984788359049226438624302737464
0.324764412763582759526332725794978	-0.471930817173730093823623931917511
0.324961045814893069694366858568529	-0.471876762796790528798283605654587
0.325157893423433273328286629778166	-0.471822625006797869320773582929515
0.325354956027523493116312953033323	-0.471768403581504927939134010730656
0.325552234066982811004041681897318	-0.471714098297846187885406054526339
0.325749727983136224180637152019194	-0.471659708931933975903724146338543
0.325947438218821641543006522214415	-0.471605235259054611639075506672892
0.326145365218396920922840317563163	-0.471550677053664533411908713735669
0.326343509427746947363714012005896	-0.471496034089386400202233246020291
0.326541871294290752737776087902436	-0.471441306139005169665296436834616
0.326740451266988676993899990078118	-0.471386492974464151999352973824608
0.32693924979634957133155096886836	-0.471331594366861039484454772957146
0.32713826733443804359701419985026	-0.471276610086443911509585572417322
0.327337504334881746201047998993155	-0.471221539902607214903844742825503
0.327536961252878706859465645002852	-0.471166383583887719385748409131831
0.327736638545204702460611502288699	-0.471111140897960447943062837189118
0.327936536670220676366182037371701	-0.471055811611634581953914962641542
0.328136656087880199454350170340603	-0.471000395490849340858237737272942
0.328336997259736975216682435385601	-0.470944892300669836186903441760949
0.328537560648952389222892877333362	-0.470889301805282899754176064816337
0.328738346720303103270055723941499	-0.470833623767992885817374075365355
0.328939355940188694535500888619574	-0.470777857951217447005877212611457
0.329140588776639340055242520056456	-0.470722004116483283819835081757329
0.329342045699323546852441371508536	-0.470666062024421867497141161512471
0.329543727179555928043076963559194	-0.470610031434765136045423091228886
0.329745633690305025248705613109483	-0.470553912106341163233968595867285
0.329947765706201177648905654144332	-0.47049770379706980033865590853117
0.330150123703544438008761841239751	-0.470441406263958290431087842771832
0.330352708160312536019517266532172	-0.470385019263096855001239527204897
0.33055551955616888929332339959041	-0.470328542549654252701021017276668
0.330758558372470662355847344907948	-0.470271975877873309994227314469397
0.33096182509227687398335037416494	-0.470215319001066423496399520100633
0.331165320200356553233733503629359	-0.470158571671611033786151694439101
0.331369044183196944523954627783454	-0.470101733640945070467528244399547
0.331572997529011762109157768295634	-0.470044804659562368260946083804865
0.331777180727749494321818635777256	-0.469987784477008053898244155229869
0.331981594271101757932202216525577	-0.46993067284187390359530992473622
0.332186238652511702994447777039286	-0.469873469501793670873677910156172
0.332391114367182468545644818148788	-0.46981617420343838450039892653386
0.33259622191208568952834040407954	-0.469758786692511616313360272161345
0.332801561785970055310024238958832	-0.469701306713744718697096275302954
0.333007134489369920176273166863307	-0.469643734010892031471965211766949
0.333212940524613966177401737592268	-0.469586068326726057957382320122765
0.33341898039583391871166041851256	-0.469528309403032609967589214274104
0.333625254608973315231248256137394	-0.469470456980605921496207148469506
0.333831763671796327460662616208342	-0.469412510799243730843565050284675
0.334038508093896637520195378176257	-0.469354470597742330938512721655569
0.334245488386706368350702952993441	-0.469296336113891587604124832021984
0.334452705063505068839127059587299	-0.469238107084469925514372002688901
0.334660158639428754047624666567549	-0.469179783245239281586481115487119
0.334867849631479000952579216678681	-0.469121364330940025551327675755433
0.335075778558532100103211541123182	-0.469062850075285847441798319736657
0.335283945941348263612988081890133	-0.469004240210958611736631075912107
0.335492352302580889900536519284255	-0.468945534469603177894784460839047
0.335700998166785885600324999580742	-0.468886732581822187012903600905948
0.33590988406043104506694122875845	-0.468827834277170814335942006183199
0.336119010511905487900422101277124	-0.468768839284151487348461061164729
0.336328378051529154923733630659702	-0.468709747330208569171565415393809
0.336537987211562363047185108175429	-0.468650558141723006987840926189739
0.336747838526215419458281008361759	-0.468591271444006945214042293048256
0.336957932531658295579269560902178	-0.46853188696129830313862969148243
0.33716826976603036123843849723952	-0.468472404416755316738577221342765
0.337378850769450179505036641362962	-0.468412823532451044387170484718129
0.337589676084025362641565135996802	-0.468353144029367836161775750492014
0.337800746253862489631084570952875	-0.468293365627391766457798590971044
0.33801206182507708574112450722855	-0.468233488045307029612255230449176
0.338223623345803664589760270669761	-0.468173511000790298237554761061731
0.338435431366205833183438829448875	-0.468113434210405043963234487895053
0.33864748643848646040019148170616	-0.468053257389595820280503588195074
0.338859789116897909395966379708052	-0.467992980252682507181531628801656
0.339072339957752334415949025839823	-0.467932602512854517282467896689217
0.339285139519432042496914219607788	-0.46787212388216496311619456963272
0.339498188362399920550868944448614	-0.467811544071524785277801092232595
0.339711487049209928324502794402279	-0.467750862790696841102718326213368
0.339925036144517657733261194534756	-0.467690079748289953554368707074133
0.3401388362150909590731973114546	-0.467629194651752919995072350375044
0.340352887829820634618141632602113	-0.467568207207368480510798393220275
0.340567191559731200114154171700132	-0.4675071171202472454571654072579
0.340781747977991714687693594660719	-0.467445924094321581890874050479412
0.340996557659926679688450722545226	-0.467384627832339458547498802205829
0.341211621183027006992351328531186	-0.467323228035858249023273208971459
0.341426939126961057294835382423066	-0.467261724405238492815174112689509
0.341642512073585748929167392818145	-0.467200116639637613870244384601387
0.34185834060695773774922574302549	-0.467138404437003596291690291044692
0.342074425313344668620958407385373	-0.467076587494068616845848305783905
0.342290766781236499071478670700471	-0.467014665506342633910636487987649
0.342507365601356895649607961892672	-0.466952638168106932502586987967892
0.342724222366674703556554166512227	-0.466890505172407625015998341089492
0.342941337672415490110343320141667	-0.466828266211049107304148473798866
0.343158712116073162612600930944774	-0.466765920974587469728871277811794
0.343376346297421661191306865673996	-0.466703469152323862801120705666273
0.343594240818526727198225296680927	-0.466640910432297817031426092730798
0.343812396283757747744839191517084	-0.466578244501280516605380300023872
0.344030813299799676965797781617702	-0.466515471044768026495497774425357
0.344249492475665034604115928870307	-0.466452589746974472616932206433799
0.344468434422705982517646881695268	-0.466389600290825174630652591640089
0.344687639754626479711685145373014	-0.466326502357949730993741624238231
0.344907109087494516507944661246266	-0.466263295628675055852500915356082
0.345126843039754428465599779432192	-0.466199979782018367370022974317592
0.345346842232239290675573210034397	-0.466136554495680127075819647959244
0.345567107288183393054806845779805	-0.466073019446036929820980204782055
0.345787638833234797272858668837247	-0.466009374308134343918168892021817
0.346008437495467975948832497793031	-0.465945618755679701041560991571878
0.346229503905396534762367716119837	-0.465881752461034835457557553794714
0.346450838695986018128193977090677	-0.465817775095208772152811486979391
0.346672442502666799089591835522457	-0.465753686327850363421740906456524
0.346894315963347054091994955090405	-0.465689485827240873471298974502966
0.347116459718425823303923629983335	-0.465625173260286510596312254779096
0.347338874410806157158453497854606	-0.465560748292510906474191218925532
0.347561560685908349794498171685829	-0.465496210588047542123256324914243
0.34778451919168326008332075357484	-0.465431559809632120064310374506347
0.348007750578625720931887493879187	-0.465366795618594882220421979174346
0.348231255499788037560937913020723	-0.465301917674852873085165239179916
0.348455034610793575461970207259553	-0.4652369256369021476847864787116
0.348679088569850438743729418895737	-0.465171819161809923854939380968754
0.348903418037765239585239379129044	-0.465106597905206678347744420901424
0.349128023677956959518938550235424	-0.465041261521278186279986380094618
0.349352906156470903274065333510244	-0.46497580966275750342826421802132
0.349578066141992745917090910070698	-0.464910241980916890871849926319348
0.349803504305862674032717991484828	-0.464844558125559681478896457191371
0.350029221322089621695752733692647	-0.464778757745012087726458632226203
0.350255217867365601991015277318485	-0.464712840486114950339554331896857
0.350481494621080134845382695996571	-0.464646805994215427229195455809818
0.350708052265334771943057346855253	-0.464580653913158622203958335498221
0.350934891484957719502224518419723	-0.464514383885279152924240669972266
0.351162012967518559698406665089215	-0.464447995551392657562865822761314
0.35138941740334307152703821793648	-0.464381488550787239630144639623006
0.351617105485528151905075792627698	-0.464314862521214850415888978519472
0.351845077909956837818824410507934	-0.464248117098882608495189035998552
0.352073335375313430332601952182245	-0.464181251918444055739017442780976
0.35230187858309872128038232832104	-0.464114266612990349264906109853212
0.35253070823764532347015364437125	-0.464047160814041388757056045919191
0.352759825046133105238401829302164	-0.463979934151536878579284936210611
0.352989229718604730199883679031784	-0.463912586253827324098191257056319
0.353218922967981303045686929112568	-0.463845116747664961627816172854038
0.353448905510078122250489725862956	-0.463777525258194621400914481485827
0.353679178063620540557928628722948	-0.46370981140894452296570248660598
0.353909741350259934121063978693871	-0.463641974821817002400632912755232
0.354140596094589781183095049139541	-0.46357401511707917073335386016875
0.354371743024161851191725808310571	-0.463505931913353502943539324587869
0.354603182869502505248916331673742	-0.463437724827608356922731973167258
0.354834916364129108806175882238714	-0.463369393475148421757713645950581
0.355066944244566557524062416268879	-0.463300937469605094697214403854506
0.355299267250363917223150769831143	-0.463232356422926786154985814132716
0.355531886124111178862419050620307	-0.463163649945369152095397483134723
0.355764801611456129489780823840022	-0.463094817645485253140766528598687
0.355998014461121340118360577656248	-0.463025859130115639732596628783756
0.356231525424921271491072732621768	-0.462956774004378362671785376556367
0.35646533525777949870512118316164	-0.462887561871658908355654769994349
0.356699444717746055677188103441962	-0.462818222333600058022368637601549
0.356933854566014900439328603688789	-0.462748754990091670305921459560794
0.357168565566941502264932888665705	-0.462679159439260386397414223345386
0.357403578488060551633560963530028	-0.462609435277459257100773441972523
0.357638894100103794052997783407657	-0.462539582099257291063418048219299
0.357874513177017988766520195438952	-0.462469599497428923454634322456431
0.358110436495982993383112233565354	-0.462399487062943404356580061546812
0.358346664837429975478213469072943	-0.462329244384954106124904579324815
0.358583198985059752222537380510584	-0.462258871050787748967939554703867
0.35882003972586125910655428637161	-0.462188366645933543985285901718764
0.359057187850130148838397499067454	-0.46211773075403225289839239783783
0.35929464415148752150322324050555	-0.462046962956865163697391424198806
0.359532409426898787082435754564055	-0.461976062834342981420024475721257
0.359770484476692661441680221961248	-0.461905029964494633269953701874658
0.360008870104580296907108806156502	-0.461833863923455987273114231322921
0.360247567117674548560140728586857	-0.461762564285458483662013986027478
0.36048657632650937739176699742863	-0.461691130622817678169031651865514
0.360725898545059391468395622173392	-0.461619562505921696400797971156342
0.360965534590759526272295179141136	-0.461547859503219598456669063651217
0.361205485284524865390874809878085	-0.461476021181209652945111550365352
0.361445751450770602740338511421107	-0.461404047104427519542516310470368
0.361686333917432147520672308057383	-0.461331936835434339229539183838996
0.361927233515985373110465989280455	-0.461259689934804731330531256060294
0.362168451081467011121737986596456	-0.461187305961114696471966920573221
0.362409987452495191846724088995978	-0.461114784470929424566003071806739
0.362651843471290132340509527717183	-0.461042125018791006915405887347725
0.362894019983694973395430978173909	-0.460969327157206051526061024955084
0.363136517839196766675351731991936	-0.46089639043663320070313698536301
0.363379337890947613290221205210002	-0.460823314405470549996698142425203
0.363622480995785955103770609171823	-0.460750098610042967552161760486657
0.363865948014258020079771577116363	-0.46067674259458931291046042084223
0.364109739810639422984995390220395	-0.460603245901249554292105853912614
0.364353857252956922779858779974337	-0.460529608070051783388550383319341
0.364598301213010338040729717517336	-0.460455828638899126673306166736502
0.364843072566394621770994773550085	-0.460381907143556552234208272543671
0.365088172192522096971260203975736	-0.460307843117637571116993438698447
0.365333600974644854352473566720066	-0.460233636092590832159010169715096
0.36557935979987731358931310569815	-0.460159285597686609280375658571036
0.365825449559218949524900071571436	-0.460084791160003180188248862248479
0.366071871147577184751746330508256	-0.460010152304413095438094871546866
0.366318625463790450007857808430586	-0.459935368553569336783871425982784
0.366565713410651413841075318380376	-0.459860439427891363736971929857415
0.366813135894930383009049934520206	-0.459785364445551047241508490858467
0.367060893827398875096722142719541	-0.459710143122458489361111160411041
0.367308988122853364847804372773412	-0.45963477497224772785985350500808
0.367557419700139205721557082752404	-0.459559259506262324547187646080967
0.367806189482174728201101227395818	-0.459483596233540836243881704754065
0.368055298395975516394626629667837	-0.459407784660802167212896874644451
0.368304747372678864486138441985844	-0.459331824292430801885917783181732
0.368554537347568414607834510470835	-0.459255714630461916702856016502655
0.36880466926009897772182704634808	-0.459179455174566369868080265319697
0.36905514405392153911471459338342	-0.459103045422035567813385052906757
0.369305962676908450124476914917631	-0.459026484867766207143790947658559
0.369557126081178807735308190844941	-0.458949773004244890828170019657814
0.369808635223124023692324922559992	-0.45887290932153261738240851272087
0.370060491063433584804586328215591	-0.458795893307249141778351670553684
0.370312694567121006121548934658629	-0.458718724446557206797120738024544
0.370565246703549978684945726899795	-0.458641402222146643530546675608607
0.37081814844646071357513581974365	-0.458563926114218339719426354945855
0.371071400773996483988215416520003	-0.458486295600468074602072182369164
0.371325004668730367097617092801913	-0.458408510156070218931192418730742
0.371578961117692187471554493871426	-0.458330569253661298801504078046895
0.37183327111239566383549569841261	-0.458252472363323421914640300479213
0.372087935648865760986873142394545	-0.458174218952567564891866568257529
0.372342955727666248687463511692588	-0.458095808486316720228862082068206
0.372598332353927469377299825851442	-0.458017240426888901470351009628708
0.372854066537374316572612505931165	-0.457938514233980005165680080038011
0.373110159292354425829139035679565	-0.45785962936464652814953100158949
0.373366611637866580171195408524193	-0.457780585273288138674825252990977
0.373623424597589331906169456790815	-0.45770138141163009990752171485729
0.37388059919990984276357897082802	-0.457622017228705544275421096177971
0.374138136477952944317538854468408	-0.45754249217083759714527184438835
0.374396037469610420671404083485689	-0.457462805681621348284416830928643
0.374654303217570515403501623754056	-0.457382957201905669544925147214509
0.374912934769347664793237448830436	-0.457302946169774877189615345546238
0.375171933177312459367467131093302	-0.457222772020530237260591877873635
0.375431299498721835827852960578914	-0.457142434186671312371881729261471
0.375691034795749501441000001704468	-0.457061932097877148288469662724274
0.375951140135516592994470797350948	-0.456981265180987298634484380843115
0.376211616590122572443326476738625	-0.456900432859982686053480501974819
0.376472465236676361393633760364656	-0.456819434555966298123688720384379
0.376733687157327716591415762458417	-0.456738269687143716310764985489362
0.376995283439298848607812588217272	-0.456656937668803476219955049552232
0.377257255174916285933758568113535	-0.456575437913297257388699287256368
0.37751960346164298672027966328049	-0.456493769830019900839530212985435
0.377782329402110700423570253274266	-0.45641193282538925259165747623117
0.378045434104152581637326360220715	-0.456329926302825831307888100844022
0.378308918680836058418395592876021	-0.456247749662732318231489081702648
0.378572784250495957435655973942027	-0.456165402302472867545260827006348
0.378837031936767888296159650249211	-0.456082883616352235262448931151549
0.379101662868621889426976627587097	-0.456000192995594724736173907409729
0.379366678180396337915851513322777	-0.455917329828322946850799255580173
0.379632079011832125738746228270617	-0.455834293499536392935082969275551
0.379897866508107104827587247409269	-0.455751083391089818413061608748434
0.380164041819870803457070675537579	-0.455667698881671435184394611584028
0.380430606103279416455205933705759	-0.455584139346780910701344742469824
0.380697560520031071768402647112829	-0.455500404158707171684683574519778
0.380964906237401375938329154610733	-0.455416492686506010395583649494862
0.381232644428279241074498621766906	-0.455332404295977491354986403907094
0.381500776271202995933573800329374	-0.455248138349643156376011912216316
0.381769302950396783743727853259406	-0.455163694206723025748697744153862
0.382038225655807249440060222912502	-0.455079071223112393389714433485093
0.382307545583140519005047178140324	-0.45499426875135841374269879749842
0.38257726393389947363631040346019	-0.45490928614063647818746813036329
0.382847381915421321492617811843876	-0.454824122736726378688622530872013
0.383117900740915469797992747135396	-0.454738777881988256385903637554423
0.383388821629501700113105021552147	-0.454653250915338332800150061727831
0.383660145806248649612753991753517	-0.454567541172224421299766968562252
0.383931874502212601238234352598995	-0.454481647984601216443303599807832
0.38420400895447658562370381618696	-0.454395570680905358784002005191107
0.384476550406189797726352697271866	-0.45430930858603027269203670037498
0.384749500106607331121213054688463	-0.454222861021300774719602145843847
0.385022859311130232952843910541705	-0.454136227304447450003016489777129
0.385296629281345882567893712634021	-0.454049406749580794164589482437249
0.385570811285068696884676209122069	-0.453962398667165118145143288447907
0.385845406596381165588405917033137	-0.453875202363992213365770428500439
0.386120416495675219273629099280644	-0.45378781714315477458465649689176
0.386395842269693933688660392265033	-0.453700242304019577781579738859027
0.386671685211573573270498785794025	-0.453612477142200410369018032626799
0.386947946620885977192754451260732	-0.453524520949530750994639191883084
0.387224627803681291183574910638366	-0.453436373014036196165315555311774
0.387501730072531048405420272171407	-0.453348032619906630887681212886773
0.387779254746571602723807830314526	-0.45325949904746814048463246569039
0.388057203151547917727831407456913	-0.453170771573154660711051636547963
0.388335576619857714901365642517552	-0.453081849469479363255403427831161
0.388614376490595984380395316115078	-0.452992732005005773676703818847321
0.388893604109599861768870124471052	-0.452903418444318618788686037999039
0.389173260829493874522881527533007	-0.452813908047994400464778333057954
0.389453348009735561450795927333761	-0.452724200072571692798755861863814
0.389733867016661468915263081002919	-0.452634293770521159516625665361111
0.39001481922353352736175599517637	-0.452544188390215288495440857006149
0.390296206010585811837494337339245	-0.452453883175897840204309218766137
0.390578028765071690204263464975411	-0.452363377367653006841853542961697
0.390860288881311362788771424036472	-0.452272670201374278902787364588843
0.391142987760739797254792692729951	-0.45218176090873301586408110622319
0.391426126811955062522436114436737	-0.452090648717146717638400872523412
0.391709707450767065601451526270568	-0.451999332849746993399095796097401
0.391993731100246695247561282224983	-0.451907812525347224336980407807285
0.392278199190775376393375511318414	-0.451816086958409916864496280837074
0.392563113160095039348529946628536	-0.451724155359013742737532316264556
0.392848474453358507807279002497689	-0.451632016932820262519225471755542
0.393134284523180309745891044554146	-0.451539670881040328763443290804494
0.393420544829687915336834160029056	-0.451447116400400165248355904418585
0.393707256840573406051915954388145	-0.451354352683107118542527714310444
0.393994422031145579172256826817088	-0.451261378916815078137287014822494
0.394282041884382491969239757255007	-0.45116819428458956132975447943094
0.394570117890984449867397911851461	-0.451074797964872458990817654292501
0.394858651549427442947581478428448	-0.450981189131446438301517108275788
0.39514764436601703519669431277126	-0.450887366953398998489749240230787
0.395437097854942710958816543291679	-0.45079333059508617554687930214807
0.395727013538332683091638679122012	-0.450699079216095891850784128506495
0.396017392946309167381833530169594	-0.450604611971210946567995336142861
0.396308237617044127823292015584684	-0.450509928010371642652978142013372
0.396599549096815497413055452816608	-0.450415026478638046207145999284618
0.396891328940063879171298032691469	-0.450319906516151873903964327108045
0.397183578709449732143856854433957	-0.4502245672580980041294248451075
0.397476299975911047198581185518391	-0.45012900783466560742926234228818
0.397769494318721517480185703078529	-0.450033227371008891795524813503208
0.398063163325549208442352657549961	-0.44993722498720745826548226213893
0.398357308592515732430543580963304	-0.449840999798226262245355344279765
0.398651931724255932844360863732216	-0.449744550913875175909948433850133
0.398947034333978082964351884677396	-0.449647877438768146966968400132658
0.39924261804352460458488215885286	-0.449550978472281949011585947926247
0.399538684483433311652128047402177	-0.449453853108514518632636070730833
0.399835235292999184164362957347937	-0.449356500436242874366743053670774
0.400132272120336677650542776201608	-0.449258919538880612530578326555363
0.400429796622442573602745792863121	-0.449161109494434974894400841385657
0.400727810465259376298298937656666	-0.449063069375463483091973802722904
0.40102631532373926150843534656833	-0.448964798249030134592882516033248
0.401325312881908582652087666688269	-0.448866295176661154993179568475411
0.401624804832932940015936955230462	-0.448767559214300301309138971466942
0.401924792879182818725118403909058	-0.44866858941226371088669344547657
0.402225278732299801213042503463847	-0.448569384815194290465841598396357
0.40252626411326336000363385040854	-0.448469944462015639864926930795502
0.402827750752458236684929933529491	-0.448370267385885504674190688068179
0.403129740389742413019429410634175	-0.448270352614148752271367561832939
0.40343223477451568020384423355619	-0.448170199168289865394308803526599
0.403735235665788812359003288432041	-0.448069806063884947426662820779908
0.404038744832253350399587928001139	-0.447969172310553233472499831276349
0.404342764052352002503162976988948	-0.44786829691190810121441537365567
0.404647295114349667468611741375063	-0.447767178865507575467067813939597
0.404952339816405087325601657844435	-0.447665817162804320254277495331285
0.40525789996664313562911005323836	-0.447564210789095112152719572516147
0.405563977383227747946338782110709	-0.447462358723469788558858213092346
0.405870573894435501117554177362402	-0.447360259938759664448075747406025
0.406177691338729847947516857870484	-0.447257913401485411105925150987166
0.406485331564836014060226733910129	-0.447155318071804390221056229794024
0.406793496431816563726714456944477	-0.447052472903457436637612951451618
0.407102187809147641553574173857224	-0.446949376843715082971749047781672
0.407411407576795896998866546459093	-0.446846028833323219202338438748827
0.407721157625296098761938548235175	-0.44674242780644818024994293346818
0.40803143985582944617462070147072	-0.446638572690621254460618385362566
0.40834225618030258480318650828343	-0.446534462406682605812167941127996
0.40865360852142733355340639047237	-0.446430095868724602559962734626326
0.408965498812801130655013212941471	-0.446325471984034544937421419944791
0.40927792899898820598693235012367	-0.446220589653036784422644962724318
0.40959090103560148729073039279461	-0.446115447769234226977516325016814
0.409904416889385247906917317821607	-0.446010045219149212558769847427337
0.410218478538298503757011798439078	-0.445904380882263763092085557523486
0.410533087971599167383663072504084	-0.445798453630959190990142154907576
0.410848247189928966951630381534944	-0.445692262330455060183741407023175
0.411163958205399138204067634163114	-0.44558580583874749152156801979805
0.41148022304167689746136204689802	-0.445479083006546804278844116954847
0.411797043734072703843746712482081	-0.445372092677214485398047164915194
0.412114422329628318994064211771194	-0.445264833686699477965954901573084
0.412432360887205672673417623577272	-0.44515730486347378031053043366571
0.412750861477576542700022941174214	-0.445049505028467346978534498381229
0.413069926183513057800389559522983	-0.444941432995002282730218742459022
0.413389557099879032042019985583815	-0.444833087568726320560982011688313
0.413709756333722139618153327988583	-0.444724467547545574631428763819923
0.414030526004366938857696779559632	-0.444615571721556558856821949812895
0.414351868243508754437412813888623	-0.444506398872977461774438605926508
0.414673785195308426878675036629234	-0.444396947776078668172780928298404
0.414996279016487938517690693108012	-0.444287217197112517829934129387429
0.415319351876426925246031139416879	-0.444177205894242291569559659306228
0.415643005957260083427631815529543	-0.444066912617470414702032550975853
0.41596724345397548150913938042085	-0.443956336108565867775038220213324
0.416292066574513785952614932958112	-0.443845475100990794412499880369739
0.416617477539868411233168193968582	-0.443734328319826295872975020241644
0.416943478584186603759118008315802	-0.443622894481697401808599680107611
0.417270071954871469688769688822917	-0.44351117229469720655323340018774
0.4175972599126849567358900235855	-0.443399160458310160113625872221622
0.417925044731851800175466976712342	-0.443286857663334502880147956426046
0.418253428700164443382384322646192	-0.4431742625918038329138635726153
0.418582414119088943358243085405981	-0.443061373916907794504423043848678
0.41891200330387187182574345848755	-0.442948190302911876528390026519519
0.419242198583648222595824949745503	-0.442834710405076308970129706259529
0.419573002301550336040171264524469	-0.442720932869574045797241205340137
0.419904416814817851630742697454018	-0.442606856333407822209667078039184
0.420236444494908699638725694820718	-0.442492479424326274106011507445941
0.420569087727611143217710286553636	-0.442377800760739107432199685385018
0.420902348913156882230045152967372	-0.442262818951631304896366349629939
0.421236230466335230311201449096211	-0.442147532596476357349723215080657
0.421570734816608376804624807882405	-0.442031940285148506946073850733499
0.421905864408227745338995225876984	-0.441916040597833989002570325573631
0.422241621700351460961072246467009	-0.44179983210494125929118768196277
0.422578009167162937880403850613453	-0.441683313367010193294178090491501
0.422915029297990600027148016082085	-0.441566482934620243757403562243264
0.423252684597428746771122711652018	-0.441449339348297542672880563081726
0.423590977585459576298990285852864	-0.441331881138420933616047045834562
0.423929910797576379297223366799532	-0.441214106825126920154126563797212
0.424269486784907915741219539350901	-0.441096014918213515829458525921713
0.42460970811434398774565969831367	-0.440977603917042981005730554163568
0.424950577368662221587969052909292	-0.440858872310443431645629522080162
0.42529209714665607217556972005882	-0.440739818576609304865462348343827
0.425634270063264063388539624699755	-0.440620441183000665885725069014241
0.425977098749700277892344457697161	-0.440500738586241340766357099840013
0.426320585853586110180518670717771	-0.440380709232015859081443787469843
0.426664734039083296774569379680364	-0.4402603515549651904503600594335
0.427009545987028237677995604375027	-0.44013966397858125860071577903917
0.427355024395067623353187036583841	-0.440018644915100216392902671702922
0.427701171977795381664124604025273	-0.439897292765394464986485586938439
0.428047991466890959404283152696845	-0.439775605918863400075058340236014
0.428395485611258953207968856645115	-0.439653582753322867858426134720229
0.428743657177170104824545326469025	-0.439531221634893313159011011868337
0.429092508948403675918648277382347	-0.439408520917886601823131042266612
0.429442043726391217745595106138467	-0.439285478944691499277203835756703
0.429792264330361751239799519451076	-0.439162094045657786833894870370774
0.430143173597488373245139809090986	-0.439038364538978997063694181077623
0.430494774383036304809940498138976	-0.438914288730573749263282781155687
0.430847069560512397665549584774353	-0.438789864913965665763263051494473
0.431200062021816115206466874219285	-0.438665091370161849524294011447892
0.431553754677392004491643015719631	-0.438539966367529903172310180921962
0.431908150456383675990964675866247	-0.438414488161673469320227447393975
0.432263252306789308008110351771	-0.43828865499530627171526521304271
0.432619063195618692920945988246109	-0.438162465098124636437653795301213
0.432975586109051842593472921906645	-0.43803591668667847205796066753732
0.433332824052599170529086639423017	-0.437909007964240687336468102399935
0.433690780051263268553598131258669	-0.437781737120675024718875902871782
0.434049457149702296038155807039309	-0.437654102332302287547992264358382
0.434408858412394999896931432129926	-0.437526101761764938570917766374796
0.434768986923807383822245642985988	-0.437397733557890046975424644228053
0.435129845788561045450755497027737	-0.437268995855550560837686643456811
0.435491438131603200388457328826245	-0.437139886775524881506122885894951
0.435853767098378412259622981030131	-0.437010404424354716082779382864631
0.436216835855002048185437287294998	-0.436880546894201183794279322071606
0.436580647588435479342091530471896	-0.436750312262699151668821294011726
0.436945205506663046495464526115455	-0.436619698592809774553884496630439
0.437310512838870810660344077432105	-0.43648870393267121412110093204314
0.437676572835627109286461973298398	-0.436357326315447511110063897946687
0.43804338876906493863149171570426	-0.436225563759175584661544793155134
0.438410963933066183242647154973719	-0.436093414266610332182569376829325
0.438779301643447713733680726391495	-0.435960875825067802770940938540821
0.439148405238149374312971754991657	-0.435827946406266416804969920849545
0.439518278077423881791079281010885	-0.435694623966166203875253688274786
0.439888923544028658072672264495471	-0.435560906444806030799220342998359
0.440260345043419618418206347994766	-0.435426791766138791015678374591983
0.440632546003946938045155406841675	-0.43529227783786452620566871707896
0.441005529877052819927094070344789	-0.435157362551261450527364234260795
0.441379300137471286941531822105885	-0.435022043781014847386468020505298
0.441753860283430021814189184575135	-0.434886319385043808189387890066305
0.442129213836854278608452335690936	-0.434750187204325782044269126625429
0.442505364343572889814116281816384	-0.434613645062718904884607408500174
0.442882315373526393399301965413557	-0.434476690766782075991492531335473
0.443260070520977304503684562574475	-0.4343393221055927493834020662628
0.443638633404722556769975514989829	-0.434201536850562407026720537643896
0.444018007668308138634038026221007	-0.434063332755249680295649315753628
0.444398196980245950222165057539247	-0.433924707555171085576737486814909
0.444779205034232906836992299871426	-0.433785658967609339370743771170519
0.445161035549372315351340034722526	-0.43364618469141921769277032808614
0.445543692270397550172062984655315	-0.433506282406830924010424099542144
0.445927178967898055783823902059007	-0.43336594977525092938899009572608
0.446311499438547703235684472844069	-0.433225184439060247932070338788159
0.446696657505335528291617908436607	-0.433083984021410110015675353958011
0.447082657017798879329585285440054	-0.432942346126014995213172021558669
0.447469501852259003442778383094123	-0.432800268336942986197608699144293
0.447857195912059099571113840750594	-0.432657748218403404286568661747039
0.448245743127804867871167616887041	-0.432514783314531686662655338814235
0.448635147457607584918568083582471	-0.432371371149171464659793097165515
0.449025412887329734728526214943353	-0.432227509225653801851537198702649
0.449416543430833225977780352677486	-0.432083195026573550012323956971984
0.449808543130230226214881712202252	-0.431938426013562780345850990666676
0.450201416056136644255558592242327	-0.431793199627061246686347757158405
0.450595166307928292375988426379277	-0.431647513286083836678164059471296
0.450989798013999760339296502769723	-0.43150136438798496622665056185375
0.4513853153320260337196104845012	-0.431354750308219871788507827676052
0.451781722449226889423655957417248	-0.431207668400102754332411918575377
0.452179023582634101752308444447142	-0.431060115994561728050553582308246
0.452577222979361492793853245602432	-0.430912090399890526138518332245415
0.452976324916877861397081045111105	-0.430763588901496915184445411556508
0.453376333703282825435902897651908	-0.430614608761647768918389066142592
0.453777253677585612548044973507731	-0.430465147219210751269015138672182
0.454179089209986835008727015501428	-0.430315201489392557856944136757752
0.454581844702163284886188364907787	-0.430164768763473664221937880679846
0.454985524587555786119655117487622	-0.430013846208539528234454605936306
0.455390133331660140661999013394201	-0.429862430967208193280595614581592
0.455795675432321206339084788801248	-0.429710520157354237932858369219122
0.456202155420030144595804007307582	-0.429558110871829016927113810118572
0.456609577858224876825220414843304	-0.429405200178177137358551396216443
0.457017947343593788512279825225116	-0.429251785118349113085689777710831
0.457427268506382720967346433495379	-0.429097862708410139391633921209737
0.457837546010705290977602205265425	-0.428943429938244928995264570742388
0.458248784554856579266276647748033	-0.428788483771258549531660457681281
0.458660988871630229220956159091897	-0.428633021144073201630458511434252
0.459074163728638997933056063242568	-0.428477038966220875712726679105044
0.459488313928638802181130797036538	-0.428320534119831824600925250062705
0.459903444309856302591260787324018	-0.428163503459318787992326253561542
0.46031955974632006981850663247962	-0.428005943811056903783499875135739
0.460736665148195377214586814551286	-0.427847851973059240151807932658001
0.461154765462122665078745293744143	-0.427689224714647881198905787131033
0.46157386567155972223146762275689	-0.427530058776120497840676479407786
0.461993970797127631304523208429866	-0.42737035086841233448742735292875
0.462415085896960524806008719658536	-0.427210097672753540897184843184959
0.462837216067059199695902450194531	-0.427049295840321777403134107980503
0.463260366441648638896378383179849	-0.426887941991890020513264869054024
0.463684542193539488862046359165291	-0.42672603271746949465569265540733
0.464109748534493543048663880574411	-0.426563564575947654596506065091071
0.464535990715593281844996908092583	-0.426400534094721141787917007563397
0.464963274027615520271691483069153	-0.426236937769323636612524052674604
0.465391603801409215503564164588379	-0.426072772063048527174191231911285
0.465820985408277487037945491975634	-0.425908033406566313946938229184307
0.466251424260363903111945064830111	-0.42574271819753666822986499117868
0.466682925811043087766087505530015	-0.425576822800215060968016046930327
0.467115495555315703761044059703347	-0.425410343545053877085738170370034
0.467549139030207867378514184724851	-0.425243276728297929039999322401861
0.467983861815175051977065601309511	-0.425075618611574281835805596782896
0.46841966953251053802930189929019	-0.424907365421476300253753028999477
0.468856567847758468238487799098355	-0.424738513349141827520347481542485
0.469294562470131567221129845457104	-0.424569058549825403104470936245869
0.469733659152933586147403725892755	-0.424398997142464425747706270299572
0.470173863693986533654170902849106	-0.4242283252092391662315817924109
0.470615181936062755286082898839685	-0.42405703879512653275057487904005
0.4710576197673219246793916796095	-0.423885133907447490095320583199519
0.47150118312175301068104417599063	-0.423712606515408032155291488772709
0.471945877979621285592928369008317	-0.423539452549633605523620126567948
0.472391710367920440748263642963102	-0.423365667901696880228080673033061
0.472838686360829876664611773825549	-0.423191248423638761820872632956084
0.473286812080177236076366418489829	-0.423016189927482537235080008752038
0.47373609369590624922941533535252	-0.422840488184741044956822875371862
0.474186537426549961922536041080501	-0.422664138925916758168465155124888
0.474638149539709417904576304037976	-0.422487137839994667589066095408578
0.475090936352537868384199454147012	-0.422309480573927848772818862235705
0.47554490423223058258057487240063	-0.42213116273211559662374457627718
0.476000059596520334439521122765927	-0.421952179875874007844621694352396
0.476456408914178641860939669096485	-0.421772527522898889959226790755848
0.476913958705522836030610185771945	-0.421592201146720873428621062466578
0.477372715542929039723276689119695	-0.421411196176152601223593794935304
0.477832686051351134745183862534131	-0.421229507994727868015604414135025
0.478293876908845800013596886859157	-0.421047131940132578906761058471342
0.478756294847103703129153687803517	-0.42086406330362739533462515624785
0.479219946651986929684980593711731	-0.420680297329461933459003743734803
0.47968483916407273597520371355469	-0.420495829214280377964425001870853
0.480150979279203712215690603417935	-0.420310654106518371792703050568724
0.480618373949044444872471707530018	-0.420124767105791039853874423224503
0.481087030181644768209261461761195	-0.41993816326227200224979265431372
0.481556955042009696715799903117193	-0.419750837576063229981732736884223
0.482028155652676131664375632288282	-0.419562784996555593500388461536535
0.482500639194296436663913170411229	-0.419374000421779951792517390578103
0.482974412906228978740491196124408	-0.419184478697748626982043915349375
0.483449484087135733171219139113843	-0.418994214617787106653481792208115
0.48392586009558705203619303555377	-0.418803202921855813280861774573204
0.484403548350673698231972328743256	-0.418611438295861777264691035257433
0.484882556332626248510903818978326	-0.418418915370960047141536936466975
0.4853628915834419709749466323984	-0.418225628722844667534289378992914
0.48584456170751928436174687934924	-0.418031572871029052354646256075487
0.486327574372299908415942825635305	-0.417836742278115577651478681231068
0.486811937308918816641469048242113	-0.417641131349054215318018885275876
0.487297658312862104782439023255445	-0.417444734430390025625783742799417
0.487784745244632890482539247823596	-0.417247545809499323242266535312757
0.488273206030425361727337093771735	-0.41704955971381432801111891348065
0.488763048662807093882117271766034	-0.416850770310036108326176924681038
0.489254281201409757401503615432719	-0.416651171703335621412583240461496
0.489746911773628340607938973392744	-0.416450757936542651237695331103545
0.49024094857532901431589315159976	-0.416249522989322441109666548005946
0.490736399871565767519317910786401	-0.416047460777339814280709455771303
0.491233273997305945863306190410283	-0.415844565151410572053207132681055
0.491731579358164827189146008846566	-0.415640829896639954988078484309198
0.492231324431149371077065236927345	-0.415436248731547948834116744075056
0.492732517765411282015092997568538	-0.415230815307181212732331700652732
0.493235167983009528597844859652462	-0.41502452320621140309849539178497
0.493739283779682464007979864771672	-0.414817365942019662347909275372996
0.494244873925629695957967826468802	-0.414609336957767037296598483862295
0.494751947266303857273120874854496	-0.414400429625450587650342213306353
0.495260512723212431381148171415077	-0.414190637244944940474738538171463
0.495770579294729790141443336862326	-0.413979953043029041923367360197618
0.496282156056919604701662025265831	-0.41376837017239785278446451085613
0.496795252164367793412742729600066	-0.413555881710658729586675042629179
0.497309876851026174269320344420533	-0.413342480659312228078646991015287
0.497826039431066992873538596897843	-0.413128159942717060862598086264617
0.498343749299748500549753805223221	-0.412912912407038935815580278974929
0.49886301593429176096882249025161	-0.41269673081918299667092343962822
0.499383848894768867476981678629095	-0.412479607865709581753098808620176
0.499906257825002757269288777451108	-0.412261536151733011358734836023123
0.50043025245347881260484066433896	-0.412042508199803108651360249714955
0.500955842594268443434324345081422	-0.411822516448769153184141442390028
0.501483038147964850103786532993001	-0.411601553252625960279801377291067
0.502011849102631169215911356241169	-0.411379610879341773476305931843053
0.502542285534761210275776134888727	-0.411156681509667651086899471901354
0.503074357610252995426379765568555	-0.410932757235928021619645432724121
0.503608075585395319394730301535292	-0.410707830060792076350617529133156
0.504143449807867551726625912246041	-0.410481891896025660741981618631779
0.50468049071775290849232524746109	-0.41025493456122331963694071459763
0.505219208848565425901114953156063	-0.410026949782520144243258153798381
0.505759614828290873675562838920885	-0.409797929191283061831030210769229
0.506301719380441851611404459044192	-0.409567864322781201813578104124418
0.506845533325127318492155530564548	-0.409336746614834964447616521571893
0.507391067580136808444484312088703	-0.409104567406443410774887676679869
0.507938333162039595917140822223766	-0.40887131793638958462668478423623
0.508487341187299076749067885735226	-0.408636989341823369519378843333637
0.509038102873402639267685253762228	-0.408401572656821475077245135750018
0.509590629540007306032952263822166	-0.408165058810924139222374526539887
0.510144932610101433723632362546369	-0.407927438627648123763830011284834
0.51070102361118276575641503452891	-0.407688702822975572192808582594725
0.5112589141764531395436725740338	-0.407448842003818289440476826128157
0.511818616046030157839390497331982	-0.40720784666645699407318630976085
0.51238014106817614140324578285254	-0.406965707194955083878487421796737
0.512943501200544688238246547478206	-0.406722413859546446027006843377892
0.513508708511445172936426754757116	-0.40647795681499683297179452304588
0.514075775181125528208764687889773	-0.406232326098938314959829598921407
0.514644713503073659489048803564074	-0.40598551163017630947132519657651
0.515215535885337852596476251444207	-0.405737503206968677062274855460356
0.515788254851866543828320195415309	-0.405488290505276361954970911426718
0.516362883043867831542393281419397	-0.405237863076985044290261768367634
0.516939433221189118290000062665474	-0.404986210348097259213981014190628
0.51751791826371728288474203730588	-0.404733321616894425907756797504846
0.518098351172799792452458588331232	-0.404479186052068217280357237665413
0.51868074507268717551472691052164	-0.404223792690820688298473814308663
0.519265113211997288525119583976762	-0.403967130436932567843562291233387
0.519851468965201820016706618404564	-0.403709188058799105521748479556109
0.520439825834135488644445170411464	-0.403449954187432851014068346136887
0.521030197449528403930977495772403	-0.403189417314432729321137137036924
0.52162259757256207146332502654295	-0.402927565789918760615880665289773
0.522217040096449537655928811891196	-0.402664387820431758355802537710837
0.522813539048040183007905709458321	-0.402399871466797323807406759807892
0.523412108589449687055305668662753	-0.402134004641953439184237303735896
0.524012763019715702969208837287962	-0.401866775108740945180288180842016
0.524615516776479794994956615018205	-0.401598170477656171775366676516251
0.525220384437696207684580965120854	-0.401328178204564973780750922324901
0.525827380723368052162167599219821	-0.401056785588377404663837586661872
0.526436520497311511499747284770571	-0.400783979768682243720335466876445
0.5270478187689486846893690779231	-0.40050974772334057263204481342081
0.527661290695129706696039362133232	-0.400234076266037577836663514208919
0.528276951581984800687766669031414	-0.399956952043791734921811195354881
0.5288948168868069377854069056746	-0.399678361534420510416092367863123
0.529514902219965799579578880057315	-0.399398291043961694862121834119674
0.530137223346853759248721416897917	-0.399116726704049458895620267309942
0.530761796189864618406415233349535	-0.398833654469244201195541006818949
0.531388636830405858833375221951095	-0.398549060114315233586226164858837
0.53201776151094519103700634394809	-0.39826292923147532423620863969141
0.532649186637092205157118098212358	-0.39797524722756609478070628738184
0.533282928779715954129394375833741	-0.397685999321193241266105039194042
0.533919004677099324258724057641588	-0.397395170539810522043534299763131
0.534557431237131074473886313617704	-0.397102745716751428092403913800976
0.535198225539536452565941392093834	-0.396808709488207422699509160741378
0.53584140483814732468885603254789	-0.396513046290151607919576215298761
0.536486986563212783357563527238216	-0.396215740355206644761953053473041
0.537134988323751229152365731588812	-0.395916775709455722546999101576075
0.537785427909944952367302278428474	-0.395616136169195340314379717183451
0.538438323295578272963306012751729	-0.395313805337628629501981631471363
0.539093692640520330445652421301971	-0.39500976660149791230477061687091
0.53975155429325364972203409631839	-0.394704003127655154121952982970846
0.540411926793449644656878324591395	-0.39439649785956893126063363149951
0.541074828874592257965368590010824	-0.39408723351376649653506538641009
0.541740279466650974334959920599932	-0.393776192576209485530666302280684
0.542408297698804483272843455658816	-0.393463357298601765037081805495625
0.543078902902216309206670341725986	-0.393148709694627882438149060297846
0.543752114612863768866833465758295	-0.392832231536120530619658041335142
0.544427952574421660007856055081036	-0.392513904349155397156671990506368
0.545106436741202131142358710644048	-0.392193709410071719106520897732924
0.545787587281152229224464636703527	-0.391871627741416815594216808516765
0.546471424578910671193641622867408	-0.391547640107812819463776637903798
0.547157969238925436040758034865102	-0.391221727011743776508469924976817
0.547847242088633826654161309103158	-0.390893868689261226108756890374935
0.548539264181706705216332325405579	-0.39056404510560632041864067802682
0.54923405680135866242556885391126	-0.390232235950746480465731385243204
0.549931641463725939389766230585177	-0.389898420634824526580151943681814
0.550632039921313981761518675528756	-0.389562578283518157351209443692792
0.551335274166516568639704266172254	-0.389224687733307585733081789172559
0.5520413664352085240402656248481	-0.388884727526649072881870358080782
0.552750339210414086429634067234889	-0.388542675907052029701946625171451
0.553462215226053082013676896865272	-0.38819851081405728280051593348045
0.554177017470767120282808010063885	-0.387852209878114025481683175848106
0.554894769191828105833946736339934	-0.38750375041535289543574350226139
0.555615493899131438830830021890323	-0.387153109422252538771150752748777
0.556339215369276357739029021045048	-0.386800263570196934865083663970878
0.557065957649735962299138875123472	-0.386445189199920668037126961760125
0.557795745063119542204491357369215	-0.386087862315839240136346299779509
0.558528602211529927757385070245774	-0.385728258580261422625321941574425
0.559264553981018673025026609439001	-0.385366353307480547488863178399067
0.560003625546141979844002149138611	-0.385002121457741533126133409838218
0.560745842374620372577422245150671	-0.384635537631080334131011898749793
0.561491230232105238965900325292982	-0.384266576061032392346801333076095
0.562239815187055461893311446280552	-0.383895210608206550609402506213426
0.562991623615727480579354310992371	-0.383521414753720769970361579641774
0.563746682207282237789668562613952	-0.383145161592495865710827772520672
0.564505017969012592305259832886837	-0.382766423826403346902555053776499
0.565266658231694903309573321678161	-0.382385173757263308415271348630784
0.566031630655068625736214430282169	-0.382001383279688182872615871523967
0.566799963233447893185184950316847	-0.381615023873768012871378404279163
0.56757168430146920798291569588616	-0.381226066597592750538687857786619
0.5683468225399795065644072462465	-0.380834482079606931933913152567598
0.569125406982069022838854260012536	-0.380440240510791907617579932674299
0.569907467019253532819608393770353	-0.38004331163667063760545638144239
0.570693032407810730824249790132783	-0.379643664749129878583883233829616
0.571482133275275661263254283963209	-0.379241268678054403348226754510022
0.572274800127100310732732258521347	-0.37883609178276769658899343409414
0.573071063853482653119350123724917	-0.378428101943273367020863863780801
0.573870955736370636040960485623775	-0.378017266551291303041116166875401
0.574674507456646800528463488417235	-0.377603552501082377208228007012073
0.575481751101499437764434833462081	-0.377186926180055273420534602505664
0.576292719171986407312183829922774	-0.376767353459148769298200360232077
0.577107444590797970995004187447795	-0.376344799682982554455543053291531
0.577925960710225235840233138383274	-0.375919229659769402596276597096515
0.578748301320341048729291465270255	-0.375490607650981241146652309493556
0.579574500657400445059582277629528	-0.375058897360761375908183648750482
0.580404593412468024318330271370635	-0.374624061925074829380671574554966
0.581238614740279907509908671513131	-0.37418606390058843936453411713377
0.582076600268348225412710716051349	-0.373744865253272038552948532288641
0.582918586106316393244693551805698	-0.373300427346711695388060480183051
0.583764608855573747095437092076742	-0.372852710930125640763473471531053
0.584614705619138451077520906250384	-0.372401676126073133450071088572089
0.585468914011817932237438571299974	-0.371947282417846128604903284817215
0.586327272170656463560189952711342	-0.371489488636533207550068086744259
0.587189818765679894656389958683173	-0.371028252947744802289900694468325
0.588056593010947925733253110246119	-0.37056353283798830403004624785249
0.588927634675924734063703089377503	-0.370095285100681180277748932770973
0.589802984097179194272080338414665	-0.369623465821789738889095733828419
0.590682682190426385292986120658466	-0.369148030365080668576120652012594
0.591566770462922548829102279321193	-0.368668933356971952720825814617933
0.592455291026226157590225434931551	-0.368186128670969195622518681231702
0.593348286609338267657423494951397	-0.367699569411672816215180737823013
0.594245800572235869167754625829447	-0.367209207898340952441492352299863
0.595147876919812514411812794413339	-0.3667149956479922783860221373952
0.596054560316241093709476699313782	-0.366216883358032264390643081628088
0.59696589609977424849028591259459	-0.36571482088838570604562547892401
0.597881930297998559351597155383232	-0.365208757243117609415431141733003
0.598802709643559326089792597932857	-0.364698640551523745257791470024822
0.599728281590373468485282572002135	-0.364184418048671372353185251427931
0.600658694330348822763848283625753	-0.363666036055369777282731769787271
0.601593996810628891060282363883338	-0.363143439957549382849186317344121
0.60253423875138292190070548591997	-0.362616574185027237462563709606569
0.60347947066416206085131268154629	-0.362085382189635710694589086033605
0.604429743870843214345200214987014	-0.361549806422690183171158460410635
0.60538511052318321873430304730329	-0.36100978831177042917528435093844
0.606345623623006903417221211381704	-0.360465268236789244747967893626668
0.607311337043053684232003461930465	-0.359916185505320669478684876697083
0.608282305548508424123500137957424	-0.359362478327158883138389209318545
0.609258584819243455540170915986562	-0.358804083788077525168607263174109
0.610240231472799876436760544242618	-0.358240937822757781901080210576934
0.611227303088137512733037400111474	-0.357672975186852109084691681374774
0.612219858230184288421983033016317	-0.357100129428148901402393630812909
0.613217956475217164309778424399886	-0.35652233285680178143303987062682
0.614221658437108301959722079378726	-0.355939516514585452891593114070471
0.615231025794471685457751418987532	-0.355351610143138241559346648777345
0.616246121318747095096176726181325	-0.354758542151149526313431983609437
0.617267008903260079309780598528198	-0.354160239580448235899601715416903
0.618293753593298419894245609297699	-0.353556628070946447948287924041106
0.619326421617247536794258386284241	-0.352947631824389868128125286102605
0.620365080418829339106253955277855	-0.352333173566864581676245802680697
0.621409798690491205407039631998869	-0.351713174510006948709309258827932
0.62246064640799407661010244272406	-0.351087554310860849984397434079525
0.623517694866251076329790457089993	-0.350456231030323671790560542576384
0.624581016716470645855498206843856	-0.34981912109011943736944112583963
0.625650686004660902599646896415777	-0.349176139228234336903844038322067
0.626726778211554812273794703733435	-0.348527198452746567089356681903419
0.627809370294018816806108850765453	-0.347872209993978852158541703367722
0.628898540728010793692977660726201	-0.347211083254898267558764701368708
0.629994369553156650511130720219364	-0.346543725759684010869298856127444
0.631096938419018494093335376525816	-0.34587004310037954644689446893985
0.632206330633131171816821710467928	-0.345189938881541073972341171365155
0.633322631210888078121733807330769	-0.344503314662789518485318501598635
0.634445926927361469543846344422645	-0.343810069899168191169468625359608
0.635576306371147154319294504293465	-0.343110101879202905064442407812553
0.636713860000328337555243812217833	-0.3424033056605556253318134204073
0.637858680200658631192393362613501	-0.341689574003156665146807748570658
0.639010861346069802364393488559036	-0.340968797299693979186583429655362
0.640170499861615759010673689710135	-0.340240863503331228314782139905248
0.641337694288970584492134604374824	-0.339505658052518960315619077239033
0.642512545354605162495185845886187	-0.338763063792755438701175782701984
0.643695156040774111129405457684923	-0.338012960895145318150736163652082
0.644885631659452404935654692766005	-0.337255226771595471377275882186346
0.646084079929369242551787201314347	-0.33648973598647777508337261420787
0.647290611056295456256010504474525	-0.335716360164578515364354371593494
0.648505337816750101251342874924219	-0.334934967895143224545521153254368
0.649728375645301854939977227793277	-0.334145424631814156616915200813869
0.650959842725651551354932240142302	-0.333347592588245186835284938502267
0.652199860085693629795719719131645	-0.332541330629165616959050777946187
0.653448551696766551080931889603948	-0.331726494156650109264488850928854
0.654706044577315396821139659795525	-0.330902934991336681689272908036151
0.655972468901203990049211792880397	-0.330070501248318287655205766434292
0.657247958110929039556421341299234	-0.32922903720741588384511265038523
0.658532649036005103026986536829949	-0.328378383177521955146190034072056
0.659826682016806681504226880294671	-0.327518375354683106081572966796297
0.66113020103417260500673832492212	-0.326648845673568419519441531554677
0.662443353845098161556449943228176	-0.325769621651946691534144487920539
0.663766292124862286056226662706401	-0.32488052622777022803853963496411
0.665099171615960700423459476043292	-0.323981377588435471589851847673527
0.66644215228424133506851851228582	-0.323071988991761136688130424346735
0.66779539848266583252436374370811	-0.322152168578192571930307756132948
0.66915907912315062223795159942038	-0.321221719173706520402722797132634
0.670533367856973165752782416031916	-0.320280438082853076097174297615088
0.67191844326426372953707499991645	-0.319328116871331169296515825272895
0.673314489053140698067389789976558	-0.318364541137450065224326901414646
0.674721694269088268502226144515028	-0.317389490271781803976760468625834
0.676140253515219676073830881378612	-0.316402737204257887076121693806939
0.677570367184117225107163658898441	-0.315404048137907428949053747777608
0.679012241701992720509274450787469	-0.314393182268372998326149548054689
0.68046608978596882664703666681543	-0.313369891488273983697082485426703
0.681932130715343889745944684005845	-0.312333920075414981711756913956624
0.683410590617770364216861331959807	-0.311285004363757818420515093619632
0.68490170277135076021875993125044	-0.310222872395989690581124590658103
0.686405707923735624185677015254777	-0.309147243556425798349098825504302
0.687922854629396196972375161345058	-0.308057828182881881838936489363654
0.689453399606340872824381204138094	-0.306954327156039320588675479104537
0.690997608113650311308175014925508	-0.30583643146470183943732250714946
0.692555754351322049242272055515006	-0.304703821745207187826048903683486
0.694128121884042862174458975985851	-0.303556167793108073580154879327044
0.695715004090647220202107896265734	-0.30239312804507261790104900321036
0.697316704641174419789045004066555	-0.301214349028773942141940217170648
0.698933538003606987598532726765425	-0.300019464778339263094872675673125
0.700565829982560594216629480790215	-0.298808096212708871405649497033573
0.70221391829240308039825429929557	-0.297579850474012114563310688181474
0.703878153167509663440591985896127	-0.296334320222798183033570102543243
0.705558898012615658155563040961022	-0.295071082886660900151175176907215
0.707256530096510191304689651672016	-0.293789699858465191846015194538967
0.708971441292627917851118790152579	-0.29248971564001429395200280652991
0.710704038870444669484573566655739	-0.291170656926586278251278256062013
0.712454746341971867910289154674606	-0.28983203162731068583644727038521
0.714224004368078678569055493366079	-0.288473327815844683859449135082483
0.716012271729856310894379387769937	-0.287094012605236005500466661459599
0.717820026370782551330940024296839	-0.285693530940218691330311153894948
0.719647766516054579687183817149145	-0.284271304299467735825336543242101
0.721496011876143659992582624895327	-0.282826729299529059285134305015772
0.72336530494239718435345131199749	-0.281359176191228900887871340637592
0.725256212383384295516974579200067	-0.279867987238336796655034588384724
0.727169326551665493644293860414967	-0.278352474967091322985921729754556
0.729105267111781258357801410413431	-0.276811920273877370605474030308558
0.731064682801519701726231366095444	-0.275245570376843989856364631186153
0.733048253339961980829387677048063	-0.273652636595544773832333083175269
0.735056691497444140246237961394378	-0.272032291940735293666636050730577
0.737090745344447678537418658986757	-0.27038366849423526163409376151977
0.739151200698576849305158118422388	-0.268705854556210663421320602936968
0.741238883791244116894966313251492	-0.266997891534298165218135066864349
0.743354664178520595414139888679001	-0.265258770545615218755023437921924
0.745499457923880593668141562492373	-0.263487428698796193652783462237404
0.747674231084356359144396433384941	-0.261682745018673648123733615035114
0.749880003536014354307836649478987	-0.259843535970971415682569011059116
0.752117853179780927149816509923652	-0.257968550538255851746905282140789
0.75438892057462005495456368776517	-0.256056464791237513407310010800498
0.756694414052065677706729120765611	-0.254105875891125729951960838436187
0.759035615374339757418694532333643	-0.252115295448865866375427584502334
0.761413886007994700170303235223517	-0.250083142155430029938261066566759
0.763830674096513524648401336344659	-0.24800773358351190633381384467044
0.766287522228965169024669034194606	-0.245887277044530837781909493219397
0.768786076118121204155730758367936	-0.243719859365200358146784505867908
0.771328094320989181514195671105915	-0.241503435424337168254196877511702
0.773915459158255869359214699206724	-0.239235815262164870175608242663412
0.776550189017608604024510273740134	-0.23691464953994610916065983806168
0.779234452260521765948603812886429	-0.234537413085883289945985544422956
0.781970582994404363207506379703015	-0.232101386211971760700509309744673
0.784761099023998595057053577921158	-0.229603633423430388418458126498892
0.787608722360189394263255129196606	-0.227040979064300664564702827542683
0.790516402744322930680225840982324	-0.224409979345641950937579005890271
0.793487344746212307853253507020277	-0.2217068900809718218606997288829
0.796525039120183945068826574603041	-0.218927629299903882824793096815082
0.799633299263779094542858490293145	-0.216067733715511586471763197883334
0.802816303828900640433594615998543	-0.213122307770493516536082950265587
0.806078646800111484449293001348185	-0.210085963663511731677220885907181
0.809425396699967153743787830234021	-0.206952750334887036060010212324296
0.812862167035436050945896058640655	-0.203716068834812502781069269497631
0.816395200703372120948956989371309	-0.200368570757239914807997889963626
0.82003147188522426342257550019326	-0.196902035426494497720879853087075
0.823778810067121795548575749294006	-0.193307220166274157093400922451808
0.827646052347769307883305838425063	-0.189573676106040864095501716472651
0.83164323233412581320778802212043	-0.185689519352724672110978593590644
0.835781816967017819482789141173529	-0.18164114361468465170259635819078
0.84007500702600515487634077045091	-0.177412854942869510099678382475124
0.844538123574152993882325445977891	-0.17298640124061268477284226513523
0.849189112436380322618338862443226	-0.168340357089161126269822328171851
0.85404921402315176582928214437467	-0.163449305700777594164683270713309
0.859143870025313717367356173835245	-0.158282730002071827734323229080428
0.864503978268475960072966688727143	-0.152803475909066470596156724709367
0.870167674722201591514059581306588	-0.146965567549622590170075017925445
0.876182941914102193842852396445002	-0.140711006308552426508136253893384
0.88261156746540171890273097050256	-0.133964909742313781019692380232364
0.889535421146883598375372574169716	-0.126627800494305388119056980635189
0.897066966298285981696576105339101	-0.118562693574042776446152903466502
0.905368133193946256611035389625765	-0.109571922142986685960251444783559
0.914687496694786465783174377039864	-0.0993515338489286493979538861967372
0.925443690302493245606955720327535	-0.0873891413013482825355422926236682
0.938453896281781393475661639632784	-0.0726847880754929536266433647183636
0.95583341605917447883209436505812	-0.052655507347332558162442208762591
