0.37367168441804183579349200297705	-0.0889623156889356982804609271845232
0.373797522365409781266387401970351	-0.0889603145979108373804956204813513
0.373923504082008095834830912384546	-0.0889583030465637957670248485643931
0.374049629857263584939906023555574	-0.0889562810082898893205873040022828
0.374175899981452721553096517200269	-0.0889542484563851121525546354865168
0.374302314745704951239601547193039	-0.0889522053640456812802286742827196
0.374428874442006013187332124009187	-0.0889501517043675788150930073174746
0.374555579363201277294097668665234	-0.088948087450346091648269941961554
0.37468242980299909740611724874097	-0.0889460125748753486171179410089253
0.374809426055974180801620903749253	-0.0889439270507478551367876896667902
0.374936568417570974013942151079681	-0.0889418308506540252804370809157512
0.375063857184107065089143379745368	-0.0889397239471817112916865626356599
0.375191292652776602373861430388787	-0.0889376063128157305127764705980966
0.375318875121653729929711270055273	-0.0889354779199373897117671668891609
0.37544660488969603967124134314873	-0.0889333387408240067920010045445233
0.375574482256748040325094960201624	-0.0889311887476484298669223370606839
0.375702507523544643308698018513203	-0.0889290279124785536832279768083749
0.375830680991714665627464478668827	-0.0889268562072768333751956699399343
0.375959002963784349890187394226128	-0.0889246736038997955329122877824846
0.376087473743180901542964954666848	-0.0889224800740975465669965264786018
0.376216093634236043422698000746472	-0.0889202755895132783522829482157613
0.376344862942189587731887853767038	-0.0889180601216827711328051791185498
0.376473781973193025537161113654056	-0.0889158336420338936702859910088386
0.376602851034313133894651373109497	-0.08891359612188610061821082691554
0.376732070433535600706076615084744	-0.0889113475324499271034290734837834
0.37686144047976866741006545739636	-0.0889090878448264804970940272388735
0.376990961482846789614005431003306	-0.0889068170300069293566180358467426
0.377120633753534315772412177276724	-0.0889045350588719895201837098196129
0.377250457603529184018549875017562	-0.0889022419021914073352153841788788
0.377380433345466637256770411008533	-0.0888999375306234400020771529366155
0.377510561292922956623781840026835	-0.0888976219147143330141247913157027
0.377640841760419213427805593505473	-0.0888952950248977946750987107111903
0.377771275063425039675336742944417	-0.0888929568314944676747037487081485
0.377901861518362417295982457790968	-0.0888906073047113977030790701089768
0.378032601442609486176620671413337	-0.0888882464146414990847177338696541
0.37816349515450437111689393709849	-0.0888858741312630174122505539703984
0.378294542973349027818832573371129	-0.0888834904244389891603627383079074
0.378425745219413108024186519557578	-0.0888810952639166982599644173349191
0.378557102213937843913836904161307	-0.0888786886193271296125875619121518
0.378688614279139951884456226588684	-0.0888762704601844195248319260839586
0.378820281738215555818390323942219	-0.0888738407558853030425315235286246
0.378952104915344129963545996432041	-0.0888713994757085581641607444330222
0.379084084135692461540885355470486	-0.0888689465888144469128455305429003
0.379216219725418633197951696318265	-0.0888664820642441532461900380643652
0.379348512011676025427682041442439	-0.0888640058709192177829729187343716
0.379480961322617339072598511322358	-0.0888615179776409693256097264069645
0.379613567987398638035314416697728	-0.0888590183530899531571189974585395
0.379746332336183412317141491202113	-0.0888565069658253560911692456113704
0.379879254700146661507442057590234	-0.0888539837842844282536224426910064
0.3800123354114789988472342065973	-0.0888514487767819015738265135188379
0.380145574803390775991429327742298	-0.0888489019115094049637449426112033
0.380278973210116228594959629621683	-0.0888463431565348761628457594909383
0.380412530966917642848938687596463	-0.0888437724798019702265049249593237
0.380546248410089543093890624067914	-0.0888411898491294646355104692309092
0.380680125876962900637983326237366	-0.0888385952322106610040836208656828
0.380814163705909363909108204493379	-0.0888359885966127833636615992658238
0.380948362236345510070563458178105	-0.0888333699097763729995137093184879
0.381082721808737118231019711949068	-0.0888307391390146798170878605969724
0.381217242764603464380376283457517	-0.0888280962515130502148086212697006
0.381351925446521638184053310491283	-0.0888254412143283114398703942506107
0.381486770198130881769209572665771	-0.088822773994388152403390255747178
0.381621777364136950637328159490612	-0.0888200945584905009311044096631168
0.381756947290316496838572234212703	-0.0888174028733028974256100705783345
0.38189228032352147454428109298862	-0.0888146989053618649159708783904362
0.382027776811683568154952594158145	-0.0888119826210722754703186541345887
0.38216343710381864308204190590946	-0.0888092539867067129468974138179368
0.382299261550031219342898466432778	-0.0888065129684048320588070499664752
0.382435250501518968109163143503604	-0.0888037595321727137275139534796517
0.382571404310577231349955895841491	-0.0888009936438822167000040656498811
0.382707723330603564712200852857676	-0.0887982152692703254042604059936444
0.382844207916102303781460719627104	-0.0887954243739384940175519998526804
0.382980858422689153867685857987368	-0.0887926209233519867218243143828915
0.383117675207095803461325371276329	-0.088789804882839214120282786207864
0.383254658627174561506298108886195	-0.0887869762175910657890607721523529
0.383391809041903018637380787874451	-0.0887841348926602389376612593915213
0.38352912681138873253063848350749	-0.0887812808729605631516579161792084
0.383666612296873937516599650841461	-0.0887784141232663211909355319977009
0.383804265860740278606963688142769	-0.0887755346082115658165425692649571
0.383942087866513570086723923857725	-0.0887726422922894326190194102211693
0.384080078678868578824692886572298	-0.0887697371398514488208549146865971
0.384218238663633832456529887457986	-0.0887668191151068380255110892396563
0.38435656818779645259549339347314	-0.0887638881821218208852409880203789
0.384495067619507013227272484380231	-0.0887609443048189116597084016383221
0.384633737328084424446392955663892	-0.0887579874469762106371994251792658
0.384772577684020841692844441833819	-0.0887550175722266923899956104872018
0.384911589058986600648735380449474	-0.0887520346440574898352560829727677
0.385050771825835177955952807536609	-0.0887490386258091740725317201895731
0.385190126358608177916983961864486	-0.0887460294806750299688082291440767
0.385329653032540345342246571773023	-0.0887430071717003274617467023739374
0.385469352224064604708474597817873	-0.0887399716617815885515599596453621
0.385609224310817125793916202368571	-0.0887369229136658499517306728711922
0.385749269671642415957320909384537	-0.0887338608899499213685429065126845
0.385889488686598439228923400856374	-0.0887307855530796393791622640565297
0.386029881736961762382872268813866	-0.0887276968653491168777612926918591
0.38617044920523272816180340238582	-0.0887245947888999880589461423649376
0.386311191475140655825519638221203	-0.0887214792857206489074976810517152
0.386452108931649069197010940781025	-0.0887183503176454931631953142224966
0.386593201960960952380332808798635	-0.0887152078463541437292446217103733
0.386734470950524033326154928884526	-0.0887120518333706794925805879340219
0.38687591628903609542209742122527	-0.0887088822400628575240666398283733
0.387017538366450317286288451114909	-0.0887056990276413306263558988269287
0.387159337573980640943904620310217	-0.0887025021571588601969249764989293
0.387301314304107168567794511709809	-0.0886992915895095243735322754102283
0.387443468950581587965636148567596	-0.0886960672854279214290920746381703
0.387585801908432626997441055479808	-0.0886928292054883683826926600670601
0.387728313573971537108591184030491	-0.0886895773101040947932213798073696
0.387871004344797606164980303739312	-0.0886863115595264317017917412475444
0.388013874619803700778228672535297	-0.0886830319138439956888974945313474
0.388156924799181838310349005313888	-0.0886797383329818680119460435623777
0.388300155284428788748663070396265	-0.0886764307767007687885484656111397
0.388443566478351706643201779327966	-0.0886731092045962261906658796098474
0.388587158785073793300267514127187	-0.0886697735760977406144318563646911
0.388730932610039989427295777806254	-0.0886664238504679437901879860173836
0.388874888360022698425624180027006	-0.0886630599868017527969845836911304
0.389019026443127540529260402713603	-0.088659681944025518945510797621915
0.3891633472687991379892372542672	-0.0886562896808961714931280591793282
0.389307851247826931504652340987349	-0.0886528831560003561543878547079257
0.389452538792351028103012387049544	-0.0886494623277535683701191784630015
0.389597410315868080674037947943037	-0.0886460271543992812978727171699674
0.389742466233237199362633316060466	-0.08864257759400806848620779270041
0.389887706960685895028288941987842	-0.0886391136044767211950043225224251
0.390033132915816054979759823237966	-0.0886356351435273603236755201329253
0.390178744517609951195453177418385	-0.088632142168706542908847721488408
0.390324542186436281241562454308889	-0.0886286346373843631527615600766327
0.390470526344056242101602487708656	-0.0886251125067535479433336939538082
0.390616697413629637132632481367035	-0.0886215757338285468265003837266485
0.390763055819721016365099703521223	-0.0886180242754446163911434016753791
0.390909601988305850364897372754617	-0.088614458088256899026574989250885
0.39105633634677673787790539684297	-0.088610877128739496012231842960188
0.391203259323949647478972520330515	-0.0886072813531845348988983667635863
0.391350371350070193449003191727661	-0.0886036707177012311404466517850561
0.391497672856819946105532225014018	-0.0886000451782149439347448002782803
0.391645164277322776813905251767322	-0.0885964046904662262320462689354152
0.391792846046151237907933190576933	-0.088592749210009868868830834959652
0.391940718599332977750654651970971	-0.0885890786922139387847225546703559
0.392088782374357191167621504114978	-0.0885853930922588112797616562304239
0.392237037810181105486919902969367	-0.0885816923651361962689556524692719
0.39238548534723650242195209810159	-0.0885779764656481584906800434368098
0.3925341254274362760348334213746	-0.0885742453484061316251407676004728
0.392682958494181027020104211492728	-0.0885704989678299262787490214414183
0.392831984992365693550318185899103	-0.0885667372781467317898941651817394
0.392981205368386218926947107628381	-0.0885629602333901118112321326527711
0.393130620070146256281936675115062	-0.088559167787398993623235030667922
0.393280229547063910577160556200733	-0.0885553598938166511333724120613126
0.393430034250078518150948564125534	-0.0885515365060896815149160007567646
0.393580034631657464062811305498579	-0.0885476975774669754389774003880032
0.393730231145803037489447392427666	-0.0885438430609986808530024932291401
0.393880624248059325427100679422796	-0.0885399729095351602585567962195252
0.394031214395519144957334138632272	-0.0885360870757259414408429479546488
0.394182002046831014335304104698606	-0.0885321855120186616019947165058433
0.394332987662206163161653885347456	-0.0885282681706580048497914042269354
0.3944841717034255819011993301226	-0.0885243350036846329930322432607456
0.394635554633847111013651063920569	-0.0885203859629341095944022847761324
0.394787136918412569963708912741734	-0.0885164210000358172312493460935893
0.394938919023654926379973767085458	-0.0885124400664118679142757523779661
0.39509090141770550563425093656889	-0.0885084431132760066137288526053914
0.395243084570301241114967142732722	-0.0885044300916325078422505616881284
0.395395468952791965470590872926913	-0.0885004009522750652431184401250469
0.395548055038147743101133076211748	-0.0884963556457856741321790270090469
0.395700843300966244178012324211517	-0.0884922941225335069413382488452727
0.395853834217480160474795789975932	-0.0884882163326737815110336920950578
0.396007028265564663293574922632916	-0.0884841222261466221786693078341439
0.396160425924744903774002723818157	-0.0884800117526759136095446680613961
0.396314027676203555874308274803042	-0.0884758848617681473163581701587302
0.396467834002788402315913834601955	-0.088471741502711260812906543401421
0.396621845389019963785610645271443	-0.0884675816245734693471416033352688
0.396776062321099171691601759756092	-0.0884634051762020901582793798190005
0.396930485286915084772093971150573	-0.0884592121062223592021864655764673
0.397085114776052649857516493849619	-0.0884550023630362402887936466601515
0.397239951279800507089861653050489	-0.0884507758948212265748075361815721
0.397394995291158839905082708377935	-0.0884465326495291343545069893341261
0.397550247304847270086946301596196	-0.0884422725748848890909224818636596
0.397705707817312798203222111719236	-0.0884379956183853036292033358933232
0.39786137732673778973760036031493	-0.0884337017272978485334796259538398
0.398017256333048007233259075163229	-0.0884293908486594144880227431825223
0.398173345337920688766557734207079	-0.0884250629292750667030008853033202
0.398329644844792673071912319290566	-0.0884207179157167912646131219417965
0.39848615535886857164150915873876	-0.0884163557543222333688681061980323
0.398642877387128988126141480526751	-0.0884119763911934273777509107027039
0.398799811438338785366103587679236	-0.0884075797721955186359938054850321
0.398956958023055400383753261681587	-0.0884031658429554769861340111085278
0.399114317653637207672053658128841	-0.0883987345488608019190034982495057
0.399271890844251931116131844705535	-0.0883942858350582192962527081096675
0.399429678110885104887642511085954	-0.0883898196464523695809615800015969
0.399587679971348583654502522814659	-0.0883853359277044875118374356783572
0.399745896945289102451365169190155	-0.0883808346232310731559400263598937
0.399904329554196886559032444365362	-0.0883763156772025542743093391057053
0.400062978321414311743859780291228	-0.0883717790335419399343015246537547
0.400221843772144615211090602059061	-0.0883672246359234653018624888315644
0.400380926433460657628968186282129	-0.088362652427771227546387223162132
0.4005402268343137365834098604246	-0.088358062352257812790225775614266
0.400699745505542451825993877895325	-0.0883534543523029140343038171177836
0.400859482979881622681002636211793	-0.0883488283705719399907269802569727
0.401019439791971257980287573065528	-0.0883441843494746147526334694834019
0.401179616478365578897771380713036	-0.0883395222311635682309488024883383
0.401340013577542095058482429421526	-0.0883348419575329172870798744964742
0.401500631629910734300124796025211	-0.088330143470216837489962774840563
0.401661471177823026468325368017692	-0.0883254267105881254252498610979234
0.401822532765581341629867454801834	-0.0883206916197567514837864423436381
0.401983816939448183091418507334829	-0.0883159381385684030558859709018562
0.402145324247655535614488250898846	-0.0883111662076030180572648217160614
0.402307055240414269220613102465591	-0.0883063757671733087118434796205041
0.402469010469923598984053507440043	-0.0883015667573232755159601860244355
0.402631190490380601212613127815903	-0.0882967391178267113078757455905518
0.402793595857989786420542986375441	-0.0882918927881856953657741872850089
0.402956227130972729500880065067199	-0.0882870277076290774567832386868842
0.403119084869577757507988819824846	-0.0882821438151109517588510327479964
0.403282169636089695464525962813853	-0.0882772410493091205766210464454285
0.403445481994839670610534034667278	-0.0882723193486235477717458941899782
0.403609022512214975515888106306027	-0.0882673786511748018273721877176861
0.40377279175666899048087277944932	-0.0882624188948024884658131498119387
0.403936790298731165653253868393223	-0.0882574400170636727377029519205334
0.40410101871101706329383111908207	-0.0882524419552312905001967548991046
0.404265477568238460626115435522177	-0.0882474246462925492010430860831838
0.404430167447213513709466723442889	-0.088242388026947317884610402006108
0.404595088926876982778757016764411	-0.0882373320336065063351973806518528
0.404760242588290519497388418629769	-0.0882322566023904332721965754322513
0.404925629014653016574296965087339	-0.0882271616691271835109134593229118
0.405091248791311020199412210465487	-0.0882220471693509540020675049274798
0.405257102505769205755918548531793	-0.0882169130383003886622186967270263
0.405423190747700917271578437187738	-0.0882117592109169019065716663721206
0.405589514108958771075330206337872	-0.0882065856218429907948103904367166
0.405756073183585324129364423493004	-0.088201392205420535699809001292649
0.405922868567823807510913299673272	-0.0881961788956890894082486432530397
0.406089900860128925522057774645218	-0.0881909456263841545613463642827559
0.406257170661177720909967166228688	-0.0881856923309354493430696736174398
0.406424678573880506684137049585257	-0.0881804189424651613223695216092131
0.406592425203391865021382800835009	-0.0881751253937861893551149728565006
0.406760411157121713753579452448237	-0.0881698116174003734505546487803183
0.406928637044746440937413628725944	-0.0881644775454967125062630116387258
0.407097103478220108009730827197016	-0.0881591231099495698146536476228744
0.407265811071785722036421660655074	-0.0881537482423168662432567799712983
0.407434760441986577567194355505574	-0.0881483528738382609900642004967485
0.407603952207677668613028301782911	-0.0881429369354333198143415447501137
0.407773386990037171267595261419496	-0.0881375003576996706423952461245103
0.407943065412577997498471463081271	-0.0881320430709111464468594800533081
0.408112988101159420638545749376317	-0.0881265650050159152971368422326295
0.408283155683998773112656707103642	-0.0881210660896345974776852842657386
0.408453568791683216939165821493951	-0.0881155462540583695698928446390276
0.408624228057181587550894675696681	-0.088110005427247055392320849423329
0.408795134115856311484622598309568	-0.088104443537827203693125401027574
0.408966287605475398493157482471656	-0.0880988605140901524874860087226008
0.409137689166224508638857304705649	-0.0880932562839900799318790240194347
0.409309339440719094932393711969268	-0.0880876307751420416260320083358795
0.40948123907401662208551247993326	-0.0880819839148199942323831591926457
0.409653388713628861951559240127079	-0.0880763156299548053018473323663722
0.409825789009534266232603201268498	-0.0880706258471322491936568973365684
0.40999844061419041703710723111397	-0.0880649144925909889760015267431415
0.410171344182546555877260207235558	-0.0880591814922205441931359205461071
0.410344500372056191700307583465246	-0.0880534267715592443835582736304134
0.410517909842689788553489256186431	-0.0880476502557921682327848815402682
0.410691573256947533487520661761748	-0.0880418518697490682431575109810877
0.410865491279872185308934211570141	-0.088036031537902280802019906100106
0.41103966457906200479703430073747	-0.0880301891843646215284879230155409
0.411214093824683767006710845098737	-0.0880243247328872657779141465109626
0.411388779689485856283904250817848	-0.0880184381068576141820123053578804
0.411563722848811444626119553297067	-0.0880125292292971431014592256714245
0.411738923980611754026049835828686	-0.0880065980228592398666323024952773
0.411914383765459403442089621702986	-0.0880006444098270226809683840381262
0.412090102886561841045298402669631	-0.0879946683121111450602454043350038
0.412266082029774862398213507011977	-0.087988669651247584679890920350291
0.412442321883616215226810816195876	-0.0879826483483954165012117584918048
0.412618823139279291452872113288307	-0.0879766043243345700462161010055123
0.41279558649064690716003980145869	-0.0879705374994635706894633905989058
0.412972612634305171172924088522169	-0.0879644477937972648341282456923582
0.413149902269557442934775224730963	-0.0879583351269645288382020006504142
0.413327456098438380375444746501301	-0.0879521994182059615554793548312752
0.413505274825728078467635668814516	-0.0879460405863715603546877688187068
0.413683359158966299175782943828002	-0.0879398585499183804788135211145195
0.413861709808466793508313032935059	-0.0879336532269081776053605670310037
0.414040327487331716390505904411442	-0.0879274245350050334669463544695771
0.414219212911466135081724959445643	-0.0879211723914729643902923773891671
0.414398366799592631867391106760484	-0.087914896713173512610306313453858
0.41457778987326600176275726176349	-0.0879085974165633202145769216821691
0.414757482856888045972289762513135	-0.0879022744176916855722122906240911
0.414937446477722461855284404946035	-0.0878959276321981020995463470018534
0.415117681465909830155237848013575	-0.0878895569753097792138175757775659
0.415298188554482700257460881072062	-0.0878831623618391453244874797068527
0.415478968479380774246459347879676	-0.0878767437061813327104142315577426
0.415660021979466190541722262239126	-0.0878703009223116441296290547408358
0.415841349796538907897745719761355	-0.087863833923783001006978914961983
0.416022952675352190561386510371208	-0.0878573426237233730433989209156742
0.416204831363628195386981781048328	-0.0878508269348331890890612175819051
0.416386986612073661717091614150962	-0.0878442867693827291211139102806628
0.416569419174395704844220912180531	-0.0878377220392094971651734774586867
0.41675212980731771387645646628737	-0.0878311326557155749981670086479281
0.416935119270595354837615497258827	-0.0878245185298649564685362317503232
0.417118388327032679840244271215851	-0.0878178795721808622682134585248319
0.417301937742498343177630597991625	-0.0878112156927430349891600637422085
0.417485768285941925188903121763375	-0.0878045268011850142956207038562577
0.417669880729410364759284328112272	-0.0877978128066913920415909541617963
0.417854275848064501325644150223816	-0.0877910736179950471613221751882304
0.418038954420195727265668004316865	-0.0877843091433743601589949823611465
0.418223917227242751557208079695288	-0.087777519290650407021981457482888
0.41840916505380847560273082554316	-0.0877707039671841323803859729023036
0.418594698687676982122207902839875	-0.0877638630798735017338049627169506
0.41878051891983063802632350849872	-0.0877569965351506325644769300702238
0.418966626544467312190489048034354	-0.0877501042389789041542051823529135
0.419153022359017709058867766030762	-0.0877431860968500459206269903145947
0.419339707164162819016418289219344	-0.0877362420137812040865738227443307
0.419526681763851486475868259646937	-0.0877292718943119864944177620379645
0.419713946965318096635528515767563	-0.0877222756425014853754289006598907
0.419901503579100381872955814115174	-0.0877152531619252778822771936894832
0.420089352419057348748669086774495	-0.0877082043556724041908996341505322
0.420277494302387326603421930161427	-0.0877011291263423229760194578100337
0.42046593004964613874193366563867	-0.0876940273760418440626481010177886
0.420654660484765397205484166457282	-0.0876868990063820380539225535639362
0.420843686435070922145384990171686	-0.0876797439184751227336302892287552
0.421033008731301286819052490542727	-0.0876725620129313260397508365474079
0.421222628207626489240228825589384	-0.0876653531898557254032969841993593
0.421412545701666751524825464770947	-0.0876581173488450632446693082124724
0.421602762054511447983902282782922	-0.0876508543889845384176448666042319
0.421793278110738163025444983532639	-0.0876435642088445733890042317672269
0.421984094718431879936865818112305	-0.0876362467064775569396602182196614
0.422175212729204301630528757079301	-0.0876289017794145621709864053720015
0.422366632998213304445091881941526	-0.0876215293246620395978535394401465
0.422558356384182526106068225376341	-0.087614129238698485107666808872487
0.422750383749421088959733086734384	-0.0876067014174710825624565024693608
0.422942715959843459605352471862973	-0.0875992457563923208188083530127211
0.423135353884989446061675268338453	-0.0875917621503365849381276113114289
0.423328298398044333614722604302758	-0.0875842504936367213574122510173379
0.423521550375859160505123108439387	-0.0875767106800805767883653335129078
0.423715110698971134624584069422998	-0.0875691426029075106103041198909586
0.42390898025162419240255738704642	-0.0875615461548048805199236538883435
0.424103159921789701075757338518529	-0.0875539212279045011985449009355378
0.424297650601187305544916199579831	-0.0875462677137790757550217544930212
0.424492453185305921035025332000844	-0.087538585503438599699996946643961
0.424687568573424872787305171439357	-0.0875308744873267372046837553319199
0.424882997668635184023279341465992	-0.0875231345553171693948080101694801
0.425078741377861013433597624337477	-0.0875153655967099144277728814782513
0.425274800611881243456661505290434	-0.0875075675002276190985069067280319
0.425471176285351220624656268600469	-0.087499740154011821716823272806608
0.425667869316824649267286980027542	-0.087491883445619185996455133874929
0.425864880628775639876353987354422	-0.0874839972620177056932372994767877
0.426062211147620913447288680921787	-0.0874760814895828797271785667459572
0.426259861803742163126904078792595	-0.0874681360140938575204108786977406
0.426457833531508574509899263311378	-0.0874601607207295542802109463641914
0.426656127269299505940093752122376	-0.0874521554940647359534665484408876
0.4268547439595273301859595202705	-0.0874441202180660735761029844174663
0.42705368454866043887376661271713	-0.0874360547760881667380946657740703
0.427252949987246411075565139596348	-0.0874279590508695358817621381997447
0.427452541229935347463294000675868	-0.0874198329245285831480954828290177
0.427652459235503371454537041829967	-0.0874116762785595214828505864400637
0.427852704966876298789842636625658	-0.0874034889938282717111347328828346
0.428053279391153476996085073297025	-0.087395270950568327286131877299806
0.428254183479631796205077806051517	-0.0873870220283765864145153405657925
0.428455418207829872811551826631461	-0.0873787421062091512579560163019827
0.428656984555512407469689386881349	-0.087370431062377093906957022087706
0.428858883506714718942656348537825	-0.08736208877454218882003054803784
0.429061116049767455335007879150131	-0.0873537151197126114179789502122709
0.429263683177321484253454413885246	-0.0873453099742386025197493862742054
0.429466585886372963457270157810687	-0.0873368732138080983029989716096525
0.429669825178288593575607343391983	-0.0873284047134423254691350131233206
0.429873402058831054485148450761319	-0.0873199043474913612891818145391003
0.430077317538184626957888147826928	-0.0873113719896296582033712925681653
0.430281572630981001205389354767742	-0.0873028075128515326438586408522912
0.430486168356325273962606162025323	-0.0872942107894666177464259628722706
0.43069110573782213577131295018202	-0.0872855816910952796134555922610785
0.430896385803602250140326630838795	-0.0872769200886639967868301467697505
0.431102009586348826277060146283374	-0.0872682258524007025857476293095593
0.431307978123324387102502969300556	-0.0872594988518300899607264959178888
0.431514292456397734279491110947848	-0.0872507389557688785113169469713438
0.431720953632071112002107893305404	-0.0872419460323210433112301460745984
0.431927962701507571312250338385865	-0.0872331199488730051807460029817398
0.43213532072055853672780736901311	-0.0872242605720887820423619353144238
0.432343028749791576985528061904761	-0.0872153677679051009916990016855474
0.432551087854518381720513931410069	-0.0872064414015264707116873192150499
0.432759499104822945923351693730864	-0.0871974813374202138540090744060036
0.432968263575589964035215251496971	-0.087188487439311459007684030809296
0.433177382346533435560810879701786	-0.0871794595701780918705385423520114
0.433386856502225484098820966354593	-0.0871703975922456652351039996043477
0.433596687132125391709522393406042	-0.087161301366982267396243658858885
0.433806875330608850559519013508577	-0.0871521707550933485835072110392152
0.434017422196997433804037014098418	-0.087143005616516505016859508401187
0.434228328835588287687990641249829	-0.0871338058104162201800228397237698
0.434439596355684046868037212745657	-0.0871245711951785629012102757262307
0.434651225871622974979108066570884	-0.0871153016284058418265101306509839
0.434863218502809332490429604955461	-0.0871059969669112158666077263139598
0.435075575373743973917839497116834	-0.0870966570667132601928996123805762
0.435288297614055176481261043419723	-0.0870872817830304873543663898399959
0.435501386358529702318527383658291	-0.0870778709702758230818224898084136
0.435714842747144096389350413854896	-0.0870684244820510363413538503848507
0.435928667925096222226110779029434	-0.0870589421711411231938865708895589
0.436142863042837037711309012882681	-0.0870494238895086440129004528804194
0.436357429256102613084967738725889	-0.0870398694882880136073099949504883
0.436572367725946393409014830197989	-0.0870302788177797437914810139521127
0.436787679618771707739711618772672	-0.0870206517274446379392327256348646
0.437003366106364527283522754792792	-0.0870109880658979370534919253243734
0.437219428365926474836459371492172	-0.0870012876809034168780169424945435
0.43743586758010808783186902470043	-0.0869915504193674355722933656246674
0.437652684937042337346898809154927	-0.0869817761273329314653201945002814
0.437869881630378405443426478164056	-0.0869719646499733703985531099554926
0.438087458859315723245142778681734	-0.0869621158315866421627499744731007
0.438305417828638272178681091082193	-0.0869522295155889055278714939620856
0.438523759748749150833232436231169	-0.08694230554450838135952616844803
0.438742485835705409919959659000686	-0.0869323437599790933097122082132901
0.438961597311253157839738868617799	-0.0869223440027345555637989465430631
0.439181095402862939395313839207176	-0.0869123061126014071198053783744443
0.439400981343765390211854952533062	-0.0869022299284929920700727164872302
0.439621256372987169458173381488733	-0.0868921152884028853493901867713486
0.439841921735387173489458629193779	-0.0868819620293983634075175672781626
0.440062978681693033061388397574314	-0.0868717699876138192578530799885643
0.440284428468537896794809286446793	-0.0868615389982441213477200190235188
0.440506272358497503599910328789227	-0.0868512688955379156893887753079926
0.440728511620127546798914244901205	-0.0868409595127908706845115074830136
0.440951147528001332716799029333769	-0.0868306106823388640681234048917477
0.441174181362747736540440640140388	-0.0868202222355511113917560638912884
0.441397614411089458277841800591236	-0.0868097940028232354585137067571505
0.441621447965881581680788001147767	-0.0867993258135702761161805459366523
0.44184568332615043902635554971247	-0.0867888174962196398075562475794966
0.442070321797132784685193901480387	-0.086778268878203988270254868290471
0.442295364690315280437421543394898	-0.0867676797859540657711494976448862
0.442520813323474295530317548002549	-0.0867570500448914642534987841028745
0.442746669020716024505765783420409	-0.0867463794794213257675511792661816
0.442972933112516925859622008254125	-0.0867356679129249815480867080419263
0.443199606935764484629832134631795	-0.0867249151677525270949229402919372
0.443426691833798302045239356844948	-0.0867141210652153326048801595938699
0.44365418915645151540258527293225	-0.0867032854255784880960690295946638
0.443882100260092551375242337104931	-0.086692408068053182557630856569263
0.44411042650766721599371884907614	-0.0866814888107890164502243219327856
0.444339169268741124574960202719871	-0.0866705274708662468746117691181494
0.444568329919542474914938387446908	-0.0866595238642879647176512082878874
0.444797909843005167096982985563491	-0.0866484778059722030768455565301252
0.445027910428812273306768482074014	-0.0866373891097439762563366406125949
0.445258333073439861083842066593248	-0.0866262575883272486188565070491699
0.445489179180201173479060851479471	-0.0866150830533368325696609355803687
0.445720450159291169627315274059536	-0.0866038653152702149398680344771505
0.445952147427831429285454241144709	-0.0865926041834993110279066780048691
0.446184272409915424926405289760034	-0.0865812994662621455489435674227637
0.446416826536654165022107791970502	-0.0865699509706544597332020668256401
0.446649811246222212190057273227168	-0.0865585585026212438050088634772475
0.446883227983904079921002631159388	-0.0865471218669481940652040777306425
0.447117078202141011648653965222812	-0.0865356408672530937902248174672878
0.447351363360578145966155531370974	-0.0865241153059771171517194215099477
0.447586084926112071838564841221894	-0.0865125449843760553509678183793143
0.447821244372938777705664103040248	-0.086500929702511464152670560571648
0.448056843182601998415123175790831	-0.0864892692592417319928231659066714
0.448292882844041963972343256489268	-0.0864775634522130678254113576373089
0.448529364853644554140247082365877	-0.0864658120778504078625445600138382
0.448766290715290862969854101576476	-0.0864540149313482403523874561610689
0.449003661940407177390697612321163	-0.0864421718066613475288503943046634
0.449241480048015374039015220735871	-0.086430282496495463856456743265764
0.44947974656478373855118422393213	-0.0864183467922978496831167175667339
0.449718463025078211600089961115054	-0.0864063644842477794027004467098278
0.449957630971014066003018245062647	-0.0863943353612469432183158431428022
0.450197251952508019281263321253382	-0.086382259210909761586056779980093
0.450437327527330786103951219484279	-0.0863701358195536114076918327380817
0.450677859261160075101605867400491	-0.0863579649721889630293109375810531
0.450918848727634034588743122600032	-0.0863457464525094270913342978533682
0.451160297508405151789277340364951	-0.0863334800428817102635122137485444
0.451402207193194610213777816674837	-0.0863211655243354788866036555212224
0.451644579379847109893630222471473	-0.0863088026765531295303127424437549
0.451887415674386155233952972985793	-0.0862963912778594654647831757123193
0.452130717691069815304702563452939	-0.0862839311052112780304984050030188
0.452374487052446961447787672270859	-0.0862714219341868318788071390622534
0.452618725389413987137211925708326	-0.0862588635389752530424869457676386
0.452863434341272015089292498561439	-0.08624625569236581878277028223367
0.453108615555784596680869283774838	-0.0862335981657371481460844560489409
0.453354270689235908795140523661583	-0.0862208907290462921503967984916392
0.453600401406489453277349114776988	-0.0862081331508177225075057310250533
0.45384700938104726424601307728434	-0.0861953251981322177738743755177903
0.454094096295109628569757962834353	-0.086182466636615645808662789949885
0.454341663839635324885082557917123	-0.0861695572304276414034746427590657
0.454589713714402386596586672932112	-0.0861565967422501779339909516735354
0.454838247628069394368325901740673	-0.0861435849332760318691141302882952
0.455087267298237303683048068533619	-0.0861305215631971389584866722415308
0.455336774451511813115124995475665	-0.0861174063901928409042769629856029
0.455586770823566279033036848862177	-0.0861042391709180213079364858558249
0.455837258159205182518310558087138	-0.0860910196604911296672245629111899
0.456088238212428154359874842395018	-0.0860777476124820921831651585559797
0.456339712746494564055888709902729	-0.0860644227789001081207415268839895
0.456591683533988678829244695229942	-0.0860510449101813304510448872797762
0.456844152356885398738159664523112	-0.0860376137551764294862690846196269
0.457097121006616574039562138835176	-0.0860241290611380382023804789252469
0.457350591284137911040383484995984	-0.0860105905737080779274871925593925
0.457604564999996472750379037070938	-0.0859969980369049630568803271521129
0.457859043974398780729762611109012	-0.0859833511931106834384177802041156
0.458114030037279524605752667716796	-0.0859696497830577630543647006951506
0.458369525028370885814119611217801	-0.0859558935458160936079892056443709
0.458625530797272482205010791464976	-0.0859420822187796416051334391347044
0.458882049203521940236732453145552	-0.0859282155376530275026340160372744
0.45913908211666610156680628099802	-0.0859142932364379754768478976473126
0.459396631416332870936512813524572	-0.0859003150474196323466452559802615
0.45965469899230371233330571835186	-0.0858862807011527541660552734055718
0.459913286744586800504951003035025	-0.0858721899264477589822893842278957
0.460172396583490834990035335294215	-0.0858580424503566442351143963788656
0.460432030429699523921619829860315	-0.0858438379981587672535003463650503
0.460692190214346744954312401022896	-0.085829576293346487285119859169023
0.460952877879092390759915977169106	-0.085815257057610667473622133493664
0.461214095376198906633104852157711	-0.0858008800108260351776402826381119
0.461475844668608527846310972809167	-0.0857864448710363990042103659638306
0.461738127730021224492190244188127	-0.0857719513544397209076786793891577
0.46200094654497336165271064366474	-0.085757399175373041683245268071244
0.462264303108917082836084206334772	-0.0857427880462972581620306090929877
0.462528199428300424726479389791711	-0.0857281176777817503919533093585956
0.462792637520648171396725043156032	-0.085713387778488857065763688670848
0.463057619414643456241078787706661	-0.0856985980551581974342853743627156
0.463323147150210119993608165246872	-0.0856837482125908379192685133945041
0.463589222778595833307850043762767	-0.0856688379536333016162477868934816
0.46385584836245599248520063468944	-0.08565386697916141885341984953619
0.464123025975938397052973758461781	-0.0856388349880640169478017507320847
0.464390757704768718008277932290676	-0.0856237416772264472747978424338115
0.464659045646336765660833246297437	-0.0856085867415139477417810305308063
0.464927891909783566126607215995077	-0.0855933698737548387303782462462166
0.465197298616089255644725812327652	-0.0855780907647235505458328331949228
0.465467267898161802012543236285034	-0.0855627491031234803850911637912119
0.465737801900926562558063897069732	-0.0855473445755696768081200782475448
0.466008902781416688195135269968261	-0.0855318768665713496693984039879815
0.466280572708864383235004290479724	-0.0855163456585142034385324441944011
0.466552813864793030757986775597461	-0.0855007506316425918105143573970805
0.466825628443110193481173808948216	-0.0854850914640414914772660730575273
0.467099018650201500192326522519072	-0.0854693678316182929027819368519846
0.467372986705025427956427388694695	-0.0854535794080844059143926347704714
0.467647534839208990439798848151866	-0.0854377258649366778924129297851684
0.46792266529714434283730641427615	-0.0854218068714386223096980195088678
0.468198380336086314030971628081828	-0.0854058220946014553414093834244873
0.468474682226250876753369462707158	-0.0853897711991649382335721604320987
0.468751573250914566676514842286344	-0.0853736538475780230867835354778518
0.46902905570651486149659448753321	-0.085357469699979299678696295282438
0.469307131902751531236914780602727	-0.0853412184141772409156444347017257
0.469585804162688971145856033189777	-0.0853248996456302444699890697131042
0.469865074822859528723491568691688	-0.0853085130474264681254333646871857
0.470144946233367836569890380479609	-0.0852920582702634563176749421287112
0.470425420757996162910019676508499	-0.085275534962427555322323347215743
0.470706500774310791814644141637475	-0.0852589427697731145059984207176753
0.470988188673769445303728942615335	-0.0852422813357014710199325199426228
0.471270486861829759688641010294553	-0.0852255503011397152782148355876476
0.471553397758058828681956568068292	-0.0852087493045192345250287849791304
0.471836923796243825978971830418328	-0.0851918779817540317568326015030736
0.472121067424503720193128875460065	-0.0851749359662188172264075434600833
0.472405831105402095208561536826686	-0.0851579228887268697160361406016254
0.472691217316061089196889454477128	-0.0851408383775076647267628755165174
0.472977228548276465732295941189998	-0.0851236820581842666897197116519913
0.473263867308633830628871935016931	-0.0851064535537504822638567359307042
0.473551136118626008317250019504426	-0.0850891524845477717420914359695854
0.47383903751477159177374645869591	-0.0850717784682419155448660768328185
0.474127574048734680214633748694564	-0.0850543311197994327363683139003303
0.474416748287445818970840875015914	-0.0850368100514637484542123414423759
0.474706562813224156164384063051028	-0.0850192148727311070981830201131094
0.474997020223900831017229358837978	-0.0850015451903262280776997583431322
0.475288123132943608836143212361538	-0.0849838006081777008709463618364978
0.475579874169582777933463011120966	-0.0849659807273931161011232364961712
0.475872275978938323963682235591631	-0.0849480851462339292869945558391332
0.47616533122214839737936197214053	-0.0849301134600900538758102983317127
0.476459042576499089937220730526346	-0.0849120652614541801167661211969213
0.476753412735555536416388128722285	-0.0848939401398958162824072399796141
0.477048444409294357945806766404615	-0.0848757376820350486937698715514028
0.47734414032423746357670376617799	-0.0848574574715160169525690777862274
0.477640503223587226979003827247541	-0.0848390990889801007303683768260632
0.477937535867363055387595607648461	-0.0848206621120388144103872730169404
0.478235241032539368175570852561735	-0.0848021461152464058224005365462603
0.4785336215131850026870106066407	-0.0847835506700721552550399092801854
0.47883268012060406522167648060455	-0.0847648753448723708727068136217714
0.479132419683478245328160423882882	-0.0847461197048620766062250963064965
0.479432843048010611830738708737442	-0.0847272833120863885272869501627697
0.479733953078070909288451608045339	-0.0847083657253915756566536170485967
0.480035752655342373862878171421277	-0.0846893665003958010949455595543466
0.480338244679470087853786111490532	-0.0846702851894595393026743448148034
0.480641432068210892449402604930963	-0.0846511213416556652929099198669862
0.480945317757584878530567301578403	-0.0846318745027392114356212346343487
0.481249904702028475665590587076085	-0.0846125442151167875072537864498195
0.481555195874549159735346834878565	-0.0845931300178156595524926490075592
0.481861194266881799936084844377163	-0.0845736314464524830573814566355247
0.482167902889646666220738936034284	-0.0845540480332016858640036959063371
0.482475324772509118558279567877044	-0.0845343793067634961867590591561057
0.482783462964340999714959475340183	-0.0845146247923316110188605686341109
0.483092320533383753591300218232281	-0.0844947840115605001450131851412349
0.4834019005674132914844370776168	-0.0844748564825323409022866267148173
0.483712206173906628987112407400835	-0.0844548417197235787559385396143316
0.484023240480210316582296289958311	-0.0844347392339711086803528131240966
0.484335006633710687346238768309239	-0.084414548532438072257304954137173
0.484647507802005945532842806414856	-0.0843942691185792653244246803282429
0.484960747173080120178716988481624	-0.0843739004921061509259672809041817
0.485274727955478908241250147525434	-0.0843534421489514722358012308522626
0.485589453378487432161677837694497	-0.0843328935812334600388407824957304
0.485904926692309937131517015738055	-0.0843122542772196292719688899137376
0.486221151168251453734067686892599	-0.0842915237212901590387772624315463
0.486538130098901452033058918021017	-0.0842707013939008504241653131274224
0.486855866798319513588095028897865	-0.0842497867715456563449562750034808
0.487174364602223048291482707971166	-0.0842287793267187775811740787275625
0.487493626868177083343441374843502	-0.0842076785278763190394452505559247
0.48781365697578615211277087181531	-0.0841864838393975002051118584054053
0.488134458326888311067929572191882	-0.084165194721545413643029382119229
0.488456034345751313409322911247079	-0.0841438106304273253086414776458584
0.488778388479270968487581542463685	-0.0841223310179545103307352832475475
0.489101524197171716554887954938705	-0.0841007553318016178252486691770648
0.48942544499220944886716250476799	-0.0840790830153655581955862800376658
0.489750154380376603634320449550125	-0.0840573135077239062690650877670901
0.490075655901109568804040857550789	-0.0840354462435928135113122733255176
0.490401953117498423161730514341854	-0.0840134806532844224506374575112067
0.490729049616499047735809796942616	-0.0839914161626637763325555126811538
0.491056949009147640013285971192652	-0.0839692521931052169107023253340703
0.491385654930777663996010064665751	-0.0839469881614482631643198476328816
0.491715171041239269663238594729232	-0.0839246234799529636142434359670676
0.492045501025121215951347977603279	-0.083902157556254714788857620190611
0.492376648591975331916989290533745	-0.0838795897933185382687487754907203
0.492708617476543551315841107292161	-0.0838569195893928086137262520924727
0.493041411438987556405640431409791	-0.0838341463379624243484577735900721
0.493375034265121067369573653931361	-0.083811269427701414053119574808017
0.493709489766644814354623732299476	-0.0837882882424249694731448303591632
0.494044781781384229729334764034576	-0.0837652021610408974273121922742053
0.494380914173529898786914870965089	-0.0837420105575004821559951939874909
0.494717890833880807752902744510312	-0.083718712800748749611337057131766
0.495055715680090428602028283568616	-0.0836953082546741250483668741992943
0.495394392656915680846665624348544	-0.0836717962780574751305736637733083
0.49573392573646881112967600869161	-0.0836481762245205256151444104862736
0.496074318918472232137743379347674	-0.0836244474424736455318894506817021
0.496415576230516363047799040466054	-0.0836006092750629886157604858075779
0.49675770172832051442910177086482	-0.083576661060116982595748594351784
0.497100699495996861247282082296611	-0.0835526021300921567827657799072456
0.497444573646317548354476786397751	-0.0835284318120182982357961196363999
0.497789328320984973601883036367434	-0.0835041494274429266190820731408407
0.498134967690905294477967562272251	-0.0834797542923750776933168671889617
0.498481495956465204957502806276807	-0.0834552457172283852106722119696654
0.498828917347812030043901049811373	-0.08343062300676345080692724046059
0.499177236125137186300322673797529	-0.0834058854600294913039029409562281
0.499526456578963057494096200341695	-0.0833810323703052526517680050250794
0.499876583030433335324465289464205	-0.0833560630250391795534865017285287
0.500227619831606876065939974399051	-0.0833309767057888296226426530846469
0.500579571365755124838953937658861	-0.0833057726881595207310186850851776
0.500932442047663160116503895516328	-0.0832804502417422000035315849470443
0.501286236323934411990368288260119	-0.0832550086300505227153647330277128
0.501640958673299108653777637569402	-0.0832294471104571291392696620672942
0.501996613606926506509455634822829	-0.0832037649341291071799681694655428
0.502353205668740960283196393752503	-0.0831779613459626284172598241698918
0.502710739435741890514028389835088	-0.0831520355845167449597362665785564
0.503069219518327706802989701508735	-0.0831259868819463342868207702583474
0.503428650560623746234064099097795	-0.0830998144639341790280858934959838
0.503789037240814287433377008518195	-0.0830735175496221683953476005843573
0.504150384271478701806810336717629	-0.0830470953515416077447821333349623
0.504512696399931804592264077289856	-0.0830205470755426225031504920751165
0.504875978408568469481381934866544	-0.0829938719207226424440300639768589
0.505240235115212571707192627798066	-0.0829670690793539520466261449724465
0.505605471373470325659336439838701	-0.082940137736810292411147191626253
0.505971692073088084277900454661598	-0.0829130770714924999407527957204219
0.506338902140314668690942662767589	-0.0828858862547531667305955221704436
0.50670710653826829780012661852728	-0.0828585644508203073293464610674809
0.507076310267308188784111717935436	-0.0828311108167200162576857356320474
0.507446518365410900781062416967345	-0.0828035245021981003814158446186318
0.507817735908551495330482009060992	-0.0827758046496406699439765072563038
0.50818996801108958850118883837411	-0.0827479503939936717640597624547851
0.508563219826160371007298162155591	-0.082719960862681347798594716081122
0.508937496546070674018232126256811	-0.0826918351755236019594398031063006
0.509312803402700159802752558140792	-0.082663572444652257753529897373956
0.509689145667907717811514368455303	-0.082635171774426188990814989778887
0.510066528653943148298408481579245	-0.0826066322613453054719310354976135
0.510444957713864217108759499987991	-0.0825779529939633752279920223169906
0.510824438241959166823042371001456	-0.0825491330527996645380107898725425
0.511204975674174771038982918466936	-0.0825201715102493765950653242710385
0.511586575488550020203529739277021	-0.0824910674304928693302429464233789
0.511969243205655529070072576784059	-0.0824618198694036325334277307616603
0.512352984389038757556300897935523	-0.0824324278744550040319521484967659
0.512737804645675138515135842910595	-0.0824028904846256043018124713492883
0.513123709626425207706143330355722	-0.0823732067303034684913435093167477
0.51351070502649783306868550166586	-0.0823433756331888544337506978595704
0.513898796585919642251757529265151	-0.0823133962061957048124894256792112
0.514287990090010749249979591984004	-0.0822832674533517412219397740092411
0.514678291369866882931589697024423	-0.0822529883696971674349202448576788
0.515069706302848022223560684064279	-0.0822225579411819587480808708366454
0.515462240813073644742222266544162	-0.0821919751445617138258719637771272
0.515855900871924697726114746760628	-0.0821612389472920450033504655494089
0.51625069249855240224237474219325	-0.08213034830742148253730514205445
0.516646621760394003799926771964184	-0.0820993021734828678137911556383276
0.517043694773695584713333009471475	-0.0820680994843832100278927941566647
0.517441917704042055821576332535428	-0.0820367391692919803481015079009172
0.517841296766894447477593785708531	-0.0820052201475278170628180939298357
0.518241838228134622088349985164236	-0.0819735413284436146798678064926858
0.518643548404617532902991759756944	-0.081941701611309969411251785049813
0.519046433664731156219544184031377	-0.0819096998851969529243351162421438
0.519450500428964226710121946216378	-0.0818775350288541856769696554312927
0.519855755170481908152207888213361	-0.0818452059105891805773376422334897
0.520262204415709534500704418575232	-0.0818127113881439271192397090128821
0.520669854744924558943749251122825	-0.0817800503085696855397876866185347
0.521078712792856851356305954344837	-0.0817472215080999599286379482527244
0.521488785249297487400940450256108	-0.0817142238120216185856435613663523
0.521900078859716175426673686851248	-0.0816810560345441292767309238110919
0.52231260042588747028610508530181	-0.0816477169786668763755251936291521
0.522726356806525926229929574299264	-0.0816142054360445262003533237635433
0.523141354917930344148374988150032	-0.081580520186850406162326432463924
0.523557601734637271612873370893437	-0.0815466599996378626298146335242595
0.523975104290083917430413291181563	-0.0815126236311995616873344674903499
0.524393869677280645759523456858687	-0.081478409826424696222215529884588
0.524813905049493218252794329681226	-0.0814440173181540620099288194287997
0.525235217620934956188400487724793	-0.0814094448270329646881605212560752
0.52565781466746899813445347265778	-0.0813746910613619187101024713455955
0.526081703527320832357471169442292	-0.0813397547169450985484902787259956
0.526506891601801286942143099166919	-0.081304634476936501583122143162685
0.526933386356040164436320722948004	-0.081269329011683781245389669057444
0.5273611953197307117752613986717	-0.08123383697856970811318349876063
0.527790326087885120275174038204461	-0.081198157021851215747821041506205
0.528220786321601254620703014070834	-0.0811622877724959871407826476579237
0.528652583748840814006875595494891	-0.0811262278480165366914193637562969
0.529085726165219132936042992295924	-0.0810899758523017416667737556044134
0.529520221434806833617369402737778	-0.0810535303754457761005791553833053
0.529956077490943546473461381160574	-0.0810168899935743990696954335220063
0.530393302337063919928869210765979	-0.0809800532686685482420030679352086
0.530831904047536145441617650221461	-0.0809430187483851885193918826198981
0.531271890768513228644920675414162	-0.0809057849658753645022035325121884
0.531713270718797242495192811363984	-0.0808683504395994043765511766077378
0.532156052190716803477885030280303	-0.0808307136731392216725549059827549
0.532600243551018017208153979433346	-0.0807928731550076601588811574390061
0.533045853241769145182642733692509	-0.0807548273584548259262161099351627
0.53349288978127924999555189250482	-0.0807165747412713494685673431097342
0.533941361765031082030677757818741	-0.0806781137455885192956771299208192
0.534391277866628476485283583225115	-0.0806394427976752273014178082387006
0.534842646838758535575777039058691	-0.0806005603077316647708677268314854
0.535295477514168876923555926082297	-0.0805614646696797065318470277569396
0.535749778806660235426560830936118	-0.0805221542609499193440053576101648
0.536205559712094712392691228137402	-0.0804826274422651291690442763456575
0.536662829309419972350106549384252	-0.0804428825574204804782366480572827
0.537121596761709694761510237556768	-0.0804029179330599192269485869740929
0.537581871317220594859931048764295	-0.0803627318784490295592141457372056
0.538043662310466334997570122357851	-0.0803223226852441526973576658349413
0.538506979163308655262449101315368	-0.080281688627257714820962167192355
0.538971831386066059675531076060158	-0.0802408279602196890448612627513645
0.539438228578640402039539048356796	-0.0801997389215351148659605442850567
0.53990618043166172347590918552817	-0.0801584197300375966622010570178451
0.540375696727651701864435404402768	-0.080116868585738700992444702750972
0.540846787342206081797646278358461	-0.0800750836695731705620232565391384
0.541319462245196462285482760078025	-0.0800330631431398707836331354072977
0.541793731501991828302321242898102	-0.079990805148438382875609121061514
0.54226960527470022136495275081888	-0.0799483078076011553977499568604994
0.542747093823430953674172428726636	-0.0799055692226211240271191437644406
0.543226207507577779951795372784168	-0.0798625874750747072208692258474638
0.54370695678712345096710077723192	-0.0798193606258400831983408701019104
0.544189352223966082880096287511527	-0.0797758867148106513986098796073368
0.544673404483267786942053124549214	-0.079732163760603579230371565815862
0.545159124334826014795250630507981	-0.0796881897602633325265706092505261
0.545646522654468085612854353742019	-0.0796439626889600856444433197792636
0.546135610425469372625721877472237	-0.0795994804996829046105026780331211
0.546626398739995638205404259898816	-0.0795547411229275940972533913820647
0.54711889880057001862175185689004	-0.0795097424663790963317842172159807
0.547613121921565171879763358124431	-0.0794644824145883272734757535432173
0.548109079530721114674430382051404	-0.0794189588286433325564262528600262
0.548606783170689287495508367196066	-0.0793731695458346427692895851059048
0.549106244500603400277971697681354	-0.0793271123793147046383998447915741
0.549607475297677624740389501942036	-0.0792807851177512615865919320307031
0.550110487458832713695026177830845	-0.0792341855249745539571826209320577
0.550615293002350642163018051477989	-0.0791873113396182059172142295665949
0.55112190406955838009886637945955	-0.0791401602747536626832370631997904
0.551630332926541421934569019664265	-0.0790927300175180382434589279236998
0.552140591965887714009350473532093	-0.0790450182287352301787447911090236
0.55265269370846263727103548540241	-0.078997022542530154508309855415881
0.553166650805215719435090461653853	-0.0789487405659359497004908231991618
0.553682476039019768083250500781245	-0.0789001698784939950910467714690069
0.554200182326543133992077785023807	-0.0788513080318465849372390671325909
0.554719782720155832320003405364495	-0.0788021525493220952015320454099297
0.555241290409870268167283216392147	-0.0787527009255124759000563550656311
0.555764718725317332475419944601928	-0.0787029506258428974637429597068312
0.556290081137758654270244851182604	-0.0786528990861333750398636427041634
0.556817391262135815896024274949419	-0.0786025437121521900040303460101377
0.557346662859157359157437071712124	-0.0785518818791609231527614298734641
0.557877909837424432203634780313111	-0.0785009109314509090995848971820866
0.558411146255595949576256510786942	-0.0784496281818709162981921112912671
0.558946386324594161124502690506834	-0.0783980309113458518590560358594031
0.559483644409851549489359239384292	-0.078346116368386284905652549169836
0.560022935033600000600934550322851	-0.0782938817685885766272214231741342
0.560564272877203217143739567602844	-0.0782413242941253994208976036708913
0.561107672783533371251748548505613	-0.0781884410932264215708190544973481
0.561653149759393019826440455094769	-0.0781352292796489277790128797666905
0.562200718977983333856074533228317	-0.078081685932138139535756724481124
0.562750395781419721983704486482337	-0.0780278080938769927887179170937289
0.563302195683295958356611259502194	-0.0779735927719251236332171401810931
0.563856134371297955523938071389315	-0.0779190369366468057928810440120036
0.564412227709868354866678863659594	-0.0778641375211275764828661703976906
0.564970491742923139780530897155479	-0.0778088914205792798385605772540132
0.565530942696621510624656854092408	-0.0777532954917332494426695954812535
0.566093596982190295336815019573862	-0.0776973465522213435839871091810303
0.566658471198804205637900953195489	-0.077641041379944538722695471062012
0.567225582136523285948655388891949	-0.0775843767124287782100936221226471
0.567794946779288940561823640037228	-0.0775273492461677646051906281565878
0.568366582307979964299911919030793	-0.0774699556359523749361670508777704
0.568940506103530042889287593982803	-0.0774121924941863689604061495192214
0.56951673575010823164511498764197	-0.0773540563901880508712776224343781
0.570095289038363964839989543775811	-0.0772955438494775349712836299715189
0.570676183968738193375794207763451	-0.0772366513530492555672111525774496
0.571259438754842295149197665057304	-0.077177375336629350730709266695482
0.571845071826906450854679030924792	-0.0771177121899175385938045293632966
0.572433101835299227965834639019226	-0.0770576582558130934992827950471877
0.573023547654120167339458322744922	-0.0769972098296245175859947434608121
0.573616428384867220363692535418375	-0.0769363631582624912437421422705194
0.574211763360180939890508122806158	-0.0768751144394156733055623142468826
0.574809572147667385425987481753881	-0.0768134598207089088403399224988837
0.575409874553801762274624966087072	-0.0767513953988433889483950350719513
0.576012690627914875624703284957414	-0.0766889172187182930289120891707623
0.576618040666264544002818838084751	-0.0766260212725334295618662203309558
0.577225945216194182202526949931616	-0.0765627034988723765087047148094525
0.577836425080380831794405413799344	-0.0764989597817656069647961884405334
0.578449501321174987746158301124579	-0.0764347859497330696709791010773752
0.579065195265034642619489640603426	-0.0763701777748056773888547291123584
0.57968352850705604536758894644079	-0.0763051309715251389411784822980475
0.580304522915603750040063796326654	-0.0762396411959215528901265336594908
0.580928200637042610822795564536388	-0.0761737040444681623465345624145529
0.581554584100574463915388838491697	-0.0761073150530126512454097468376727
0.582183696023182323900939963111398	-0.0760404696956843425588377820778606
0.582815559414685012619750528742751	-0.075973163383776638317254724793173
0.583450197582905232254312847768204	-0.0759053914646040199429508490733015
0.584087634138954191507631412328247	-0.0758371492203329052331809747144649
0.584727893002635994557557916610077	-0.075768431866785635330395564308723
0.585370998407975107050099943215677	-0.0756992345522168411482832317689393
0.586016974908870321915723631211718	-0.0756295523560614139472278909761225
0.586665847384878760423320071143394	-0.0755593802876532790323376307049834
0.587317641047133560803666708531265	-0.0754887132849141448404121104383638
0.587972381444399028163355480750714	-0.0754175462130113719461035889475659
0.588630094469267145465747335970995	-0.0753458738629840777070172148947717
0.589290806364499476281503401246202	-0.0752736909503365623352996469961155
0.589954543729518626021591830051207	-0.0752009921135981110797588064506445
0.590621333527053569684876135771895	-0.075127771912848194875657943036633
0.591291203089943301016076651782688	-0.075054024828206058214354170141741
0.59196418012810341062541533683025	-0.0749797452582836480444851985735623
0.592640292735660359328340244708993	-0.0749049275186008011801359570623517
0.593319569398258377995183350757791	-0.0748295658399615698959731077896366
0.594002039000544096843036727283986	-0.0747536543667905260681288169716806
0.594687730833834185656713623956569	-0.0746771871554278433026467860904111
0.595376674603971472208965510878952	-0.0746001581723819139069739446284969
0.596068900439375199494996334645145	-0.0745225612925382132268845287360578
0.596764438899291283652792260532924	-0.0744443902973230777099290607841878
0.597463320982248643977095141926333	-0.0743656388728210149813217629300097
0.598165578134727894638450830830762	-0.0742863006078441141389253044396491
0.598871242260048914997468469612911	-0.0742063689919520722957043732227841
0.599580345727484052187579256076708	-0.0741258374134212990206965625093348
0.600292921381603956379326736111291	-0.0740446991571615036478445064660969
0.601009002551863306311842328934238	-0.0739629474025781113249412134969633
0.601728623062433950784520922515441	-0.073880575221378792045457957829446
0.602451817242293271372972843262294	-0.0737975755753223226207908946034424
0.603178619935575863225775645434605	-0.0737139413139079344793786978028311
0.603909066512196935000524103948686	-0.0736296651720032301849602188771141
0.604643192878756146429625722519395	-0.0735447397674086785041250641439413
0.605381035489730933322932882564125	-0.0734591575983566215703779977209856
0.606122631358968715706740022943856	-0.0733729110409426480267608575417174
0.606868018071487745996626212798892	-0.0732859923464871028111474425770893
0.60761723379559673137583166157367	-0.0731983936388244172974989704459514
0.608370317295343758715644267176747	-0.0731101069115178526322434841848275
0.609127307943305462290281582687428	-0.0730211240249971541062300837956422
0.609888245733727805115872966806514	-0.0729314367036165150665289313029342
0.610653171296030294943641090144298	-0.0728410365326301449734938712423354
0.611422125908685926779242481717208	-0.0727499149550826275086493976844163
0.612195151513489636360756199918791	-0.0726580632686111408858121839511726
0.612972290730228564447462073625094	-0.0725654726221564934442366008139954
0.613753586871767971258043979181829	-0.0724721340125798029254592636244089
0.614539083959567205229581023508993	-0.0723780382811815172549897504249335
0.615328826739640721803441666368697	-0.0722831761101193378481178577624486
0.616122860698979767618233704863883	-0.0721875380187214630987297591360836
0.616921232082450994827457763850194	-0.0720911143596914194334871233629739
0.617723987910188950877385475653216	-0.0719938953152005897414738039092262
0.618531175995500102694881917002898	-0.071895870892864383718523545138275
0.619342844963296802667125720638959	-0.0717970309215978212679996090610631
0.62015904426908038898017085366362	-0.0716973650473461181211947991794664
0.620979824218493436876566242475126	-0.0715968627286856717976005668044522
0.621805235987462042378516821312533	-0.0714955132322906454043590038028997
0.622635331642949928325260864777089	-0.0713933056282601360288793866228086
0.623470164164347116662318698335463	-0.0712902287853006930274949787078049
0.624309787465516913425313278513587	-0.0711862713657587187372953519948092
0.625154256417526006581153153285745	-0.0710814218204970393788650025100286
0.626003626872083584805364841554889	-0.0709756683836096764724955460611287
0.626857955685716550562151547214616	-0.0708689990669685782112293555459138
0.627717300744709126898439344064233	-0.0707614016545957851229816942619284
0.628581720990836447774392782083366	-0.0706528636968542041599038531210082
0.629451276447923080381387599844607	-0.0705433725044498491678580748663788
0.630326028249258858853985202208266	-0.0704329151422380725427154524678267
0.631206038665905916453224969869391	-0.0703214784228259617374556586891182
0.6320913711359323923720736864411	-0.0702090488999627040379940688916724
0.632982090294609964799777992691483	-0.0700956128617093324930798871432482
0.633878262005614129136502805005862	-0.0699811563233788537989601062888929
0.634779953393268005002764937048323	-0.069865665020237323948552145475856
0.63568723287587242407192068173822	-0.0697491243999559781077678077848761
0.636600170200167129334288456571017	-0.0696315196148040359254254628502718
0.637518836476970112212298035093725	-0.0695128355135712906536537558871709
0.638443304218044434526352185062592	-0.0693930566332090482684782464996706
0.639373647374244335745302776886405	-0.0692721671901774093212724297767284
0.640309941374995020917381399498404	-0.0691501510714862794665633876770518
0.641252263169163270478066302708891	-0.0690269918254168522942336621047605
0.642200691267378919770978572967466	-0.0689026726519096278742293906800483
0.643155305785870334342831027633081	-0.0687771763926043097515117516764216
0.644116188491880268438104005217109	-0.0686504855205161592676594609691606
0.645083422850731951053588608381584	-0.0685225821293325760839869641250831
0.64605709407461890979690381589585	-0.068393447922312814463599348369081
0.647037289173195932036605546830164	-0.0682630642007728328150057552972198
0.64802409700605269096332937337903	-0.0681314118521363055193739978996745
0.649017608337155947945750190200008	-0.0679984713375317971787467348306038
0.650017915891350900027597834113072	-0.0678642226789150058395827913275826
0.651025114413017192075668706372	-0.0677286454456938188275378343259922
0.652039300726980378021801639139842	-0.0675917187408326875642819793293148
0.653060573801785217617057436891998	-0.0674534211864115107067687192590451
0.654089034815443158765294884221618	-0.067313730908612812290826253634481
0.655124787223772707484922058785043	-0.0671726255221095069264999712068233
0.656167936831458156734238492937585	-0.0670300821138239506050140632762491
0.657218591865959363018148310582235	-0.0668860772260272758806710130224887
0.658276863054412959806772397858441	-0.0667405868387461959967398680390496
0.659342863703673616167243414703583	-0.0665935863514425251509923858417425
0.660416709783652727634217685882474	-0.0664450505639285920038940165568146
0.661498520014121307689481993524103	-0.0662949536564795103486670472133295
0.662588415955153879561112523728537	-0.0661432691691009033031314946231309
0.663686522101400900841989055535393	-0.0659899699799081431620772223696205
0.664792965980388743711479021220659	-0.0658350282825704547785723557052573
0.665907878255058562416408937075744	-0.0656784155627703214247450954882909
0.667031392830768573776990452364057	-0.0655201025736255125858457788448153
0.668163646966998428597860917759395	-0.0653600593100177056658011835673589
0.669304781394009541496848239049012	-0.0651982549817680791084644920269139
0.67045494043473156077032592465948	-0.0650346579855963921592321672638766
0.671614272132162693670039731113261	-0.0648692358757959136246998472469476
0.672782928382590460135149710113025	-0.0647019553335520935678328926133117
0.673961065074959743923332900060647	-0.0645327821348280605198286061548041
0.675148842236736869672090653743678	-0.0643616811167348424364104476492002
0.676346424186641995500539314334154	-0.0641886161422986192444535075171465
0.677553979694647524843064697016744	-0.0640135500635312820857778517428491
0.678771682149667675026670842338423	-0.0638364446827040592750906662095073
0.679999709735393977337009924772832	-0.0636572607117169274776634480041914
0.681238245614763526494206251271182	-0.0634759577294489100677262856822029
0.682487478123581470127930578368163	-0.0632924941369661193760582839844262
0.683747600973856778006465326280419	-0.0631068271104554662486447634719494
0.685018813467451029646101484100062	-0.0629189125517422733756550066060065
0.686301320720684110025106421015876	-0.0627287050362395155032204389353965
0.687595333900588641794917796832877	-0.0625361577581649892859099393030907
0.688901070473557080768731288157434	-0.062341222472850298674020476351667
0.690218754467182073041904655062715	-0.0621438494359520288859922486685994
0.691548616746152376774552306187414	-0.0619439873393607625117824967072461
0.692890895303133901640084864952999	-0.0617415832435875418262253880778655
0.694245835565638785336129258967439	-0.0615365825063898644315814699781247
0.695613690719965546995818396976125	-0.0613289287073801613010225364181236
0.696994722053380944628002359222614	-0.0611185635683387754041084632962379
0.698389199315810015739077494245753	-0.0609054268689305430444340631002282
0.699797401102405791379564815610295	-0.0606894563574989631982675656087943
0.701219615258485347843059392661734	-0.0604705876565843804073214476217047
0.702656139308445325451162231955086	-0.0602487541627823319362574656772667
0.704107280910409070398407807403371	-0.060023886940524913446330268264591
0.705573358338510575353293511762953	-0.0597959146093313537188590879790363
0.707054700994889024060898782986957	-0.0595647632240335676212943574871324
0.708551649953653812728068705957286	-0.059330356147437835980060165645941
0.710064558539285497168471907232391	-0.0590926139148344410260757394338336
0.711593792942165548781707279838551	-0.058851454089712498868318784098834
0.713139732874179764243456514232146	-0.0586067911099767306367309074653773
0.714702772267619702699725826511504	-0.0583585361238957665816170170983638
0.716283320020917086667611945068542	-0.0581065968149369441196644411813748
0.717881800795091659369474437471643	-0.0578508772145594833827263824572987
0.719498655865178075780690344660036	-0.0575912775019453050820957078977329
0.721134344031327217568743107327359	-0.057327693789543336694511172848274
0.722789342594757839989095907553714	-0.0570600178931874870824963492824834
0.724464148404272564759963374908766	-0.056788137085418889794849456160428
0.726159278979655870840917745745503	-0.0565119338304975972176945943795163
0.727875273718950093191515075996061	-0.0562312854994254252783693556137538
0.729612695197369169730644445515964	-0.0559460640631175202099323623222426
0.731372130566471355990300991971869	-0.0556561357616524448441396339777407
0.733154193063185772066823753203828	-0.0553613607472956667774827505531378
0.73495952363939029163579484486986	-0.0550615926987251923596080254715014
0.736788792723989635745810445667752	-0.0547566784035859488353433900128852
0.738642702130865728007805180923348	-0.0544464573061557602872655445521924
0.740521987127694631421916199152968	-0.0541307610165137846581974317890045
0.742427418682477861288262124990165	-0.0538094127771542792365658743494713
0.744359805906758604546345206741464	-0.0534822268824753048534603780093927
0.746319998716930559540521008420453	-0.0531490080459824953851588350517427
0.74830889073785257080870643491657	-0.0528095507093692394733063013108075
0.750327422476220307843553879703282	-0.0524636382868509226542815625343954
0.752376584794894083474727954427135	-0.0521110423372235211751623350636358
0.754457422723732391237298603908538	-0.0517515216550632671055278252768844
0.756571039647546042955315073972905	-0.0513848212712570661407267086425713
0.758718601917703944982633655325201	-0.0510106713516197939376463654128418
0.760901343940854192101153665563882	-0.0506287859806742797585001512829888
0.763120573806375780594431541562917	-0.0502388618156935000197477381137018
0.765377679523795503977289203455257	-0.0498405765937718196314519711837227
0.767674135952798226372792250388403	-0.0494335874719284878033181323730609
0.770011512522006898530871872342846	-0.0490175291769596146909348871570226
0.772391481848884932029476180888828	-0.0485920119378294220160163761307267
0.774815829392510810960549793242239	-0.0481566191686835441157324623413957
0.777286464294339594218590909775122	-0.0477109048648950906308389714095059
0.779805431590343492926683646426762	-0.0472543906676882836745799050831035
0.78237492601231816329014275760652	-0.0467865625445320207839281388234716
0.784997307638196531240434741976921	-0.0463068670222813965301118751136443
0.787675119702920394513684942553467	-0.0458147068974846640934724192460417
0.790411108945371708840477066391452	-0.0453094363327367333433618799099226
0.793208248946452224546577614778794	-0.0447903552286235778963949210695267
0.796069767013099400188060124026005	-0.0442567027365765242890351843234112
0.798999175288798587278949800721937	-0.0437076497473926079232800910023574
0.802000306931002008882243665208127	-0.0431422901513312689503345890344344
0.805077358400649901683834099680278	-0.0425596306159303590587695310177452
0.808234939173579677816930063805996	-0.0419585785633819035519561785573621
0.811478130528600091634699778563275	-0.0413379279454660483206448816319712
0.814812555521255655622898795097972	-0.0406963423036491542568778039301944
0.818244462856754596258014470537359	-0.0400323344550627557178458241672683
0.821780828189064003585455595607778	-0.0393442419473912294648174291730026
0.825429477481720440519812452264664	-0.0386301971563368147178658949336465
0.829199238596878683657997272353823	-0.0378880905273589871822284787706833
0.833100129424748538781131329077002	-0.0371155249421269963756967143641076
0.837143593921383629006121812272511	-0.0363097584478298187976113595983352
0.841342801852699440796341176677376	-0.0354676315115426043920263678945342
0.845713034591737302933052761421382	-0.0345854733713970802689776272065751
0.850272189212230630354137639660698	-0.0336589796534015085108028018389349
0.855041448445537820969988490943316	-0.0326830497024034605660541241798271
0.860046188462295555228179050778486	-0.0316515661541060940295224441127145
0.865317236514852175524322295393855	-0.0305570895484405003229933288002959
0.870892658735783174442144327607682	-0.0293904242192318698805142139400198
0.876820379647149014017196399635029	-0.0281399822702133869760935849997607
0.88316216128986142579940217942144	-0.0267908175229249956668884462706368
0.889999918259593709786332967453684	-0.0253230925237174398310946602104781
0.897446299968942665698552545648148	-0.0237095099393697539147369463356247
0.90566369972435631905721350790831	-0.0219106988312341184366556294628955
0.914901703564981486482315334917311	-0.0198661250886061814035501209682196
0.925581079028678477259869420939724	-0.0174737012052633616635494767494541
0.938523571310061064028547663450044	-0.0145339662458621448033386024946076
0.955854419629153463533302199202931	-0.0105305890355686744341288536946741
