0.5516849007788717	-0.4790927509665821
0.3008814683165804	-0.4783218207157563
0.3007096498881947	-0.4783665980509580
0.3005379990384459	-0.4784113153693179
0.3003665154795602	-0.4784559728107350
0.3001951989243576	-0.4785005705148009
0.3000240490866877	-0.4785451086206876
0.2998530656812633	-0.4785895872669569
0.2996822484234029	-0.4786340065919293
0.2995115970294787	-0.4786783667331371
0.5501180125874926	-0.4792500487061253
0.5499622865678730	-0.4792653578327640
0.5498067345439080	-0.4792805910372477
0.5496513562527802	-0.4792957484575774
0.5494961514327875	-0.4793108302326160
0.5493411198226602	-0.4793258364979286
0.5491862611618512	-0.4793407673897507
0.5490315751904259	-0.4793556230449440
0.5488770616498875	-0.4793704035982127
0.5487227202810995	-0.4793851091839758
0.5485685508265999	-0.4793997399371318
0.5484145530295258	-0.4794142959906114
0.5482607266328653	-0.4794287774785593
0.5481070713821062	-0.4794431845326753
0.5479535870201908	-0.4794575172846391
0.5478002732943903	-0.4794717758665101
0.5476471299499701	-0.4794859604095479
0.5474941567342668	-0.4795000710435457
0.5473413533949277	-0.4795141078991819
0.5471887196796951	-0.4795280711045248
0.5470362553375470	-0.4795419607900678
0.5468839601185442	-0.4795557770824772
0.5467318337721951	-0.4795695201104629
0.5465798760492164	-0.4795831900015214
0.5464280867023428	-0.4795967868817771
0.5462764654806913	-0.4796103108766688
0.5461250121398201	-0.4796237621144832
0.5459737264321358	-0.4796371407175894
0.5458226081112876	-0.4796504468133820
0.5456716569326422	-0.4796636805231786
0.5455208726504176	-0.4796768419726509
0.5453702550212650	-0.4796899312839067
0.5452198038014150	-0.4797029485803421
0.5450695187476817	-0.4797158939844196
0.5449193996182647	-0.4797287676160403
0.5447694461711935	-0.4797415695978420
0.5446196581649256	-0.4797543000508499
0.5444700353594399	-0.4797669590942589
0.5443205775152867	-0.4797795468480800
0.5441712843925959	-0.4797920634312029
0.5440221557538106	-0.4798045089626216
0.5438731913596265	-0.4798168835604222
0.5437243909733825	-0.4798291873418606
0.5435757543577778	-0.4798414204244905
0.5434272812765800	-0.4798535829259322
0.5432789714948949	-0.4798656749609541
0.5431308247775166	-0.4798776966462752
0.5429828408891283	-0.4798896480971112
0.5428350195965148	-0.4799015294274163
0.5426873606663243	-0.4799133407526767
0.5425398638661417	-0.4799250821862283
0.5423925289638580	-0.4799367538420173
0.5422453557274919	-0.4799483558314476
0.5420983439264889	-0.4799598882686422
0.5419514933300961	-0.4799713512641648
0.5418048037081714	-0.4799827449309992
0.5416582748330507	-0.4799940693785648
0.5415119064741627	-0.4800053247188233
0.5413656984051849	-0.4800165110617775
0.5412196503976962	-0.4800276285159727
0.5410737622243563	-0.4800386771914846
0.5409280336594503	-0.4800496571969823
0.5407824644773428	-0.4800605686404606
0.5406370544521213	-0.4800714116297457
0.5404918033591436	-0.4800821862729734
0.5403467109746614	-0.4800928926755462
0.5402017770758529	-0.4801035309472701
0.5400570014365889	-0.4801141011885479
0.5399123838389083	-0.4801246035086343
0.5397679240562709	-0.4801350380123358
0.5396236218700429	-0.4801454048071719
0.5394794770593693	-0.4801557039921033
0.5393354894028531	-0.4801659356735032
0.5391916586810086	-0.4801760999547478
0.5390479846753721	-0.4801861969372001
0.5389044671670796	-0.4801962267253242
0.5387611059355335	-0.4802061894210512
0.5386179007652175	-0.4802160851260077
0.5384748514408957	-0.4802259139382994
0.5383319577430465	-0.4802356759634704
0.5381892194553914	-0.4802453712982610
0.5380466363647513	-0.4802550000443619
0.5379042082544417	-0.4802645623002813
0.5377619349099247	-0.4802740581659947
0.5376198161172969	-0.4802834877397866
0.5374778516649340	-0.4802928511179728
0.5373360413376640	-0.4803021484017957
0.5371943849243267	-0.4803113796864502
0.5370528822116439	-0.4803205450690221
0.5369115329893476	-0.4803296446461692
0.5367703370469298	-0.4803386785134962
0.5366292941725876	-0.4803476467680415
0.5364884041575094	-0.4803565495038224
0.5363476667919086	-0.4803653868162259
0.5362070818676220	-0.4803741587996541
0.5360666491758185	-0.4803828655499003
0.5359263685067023	-0.4803915071539090
0.5357862396556794	-0.4804000837111501
0.5356462624150067	-0.4804085953147559
0.5355064365781083	-0.4804170420546389
0.5353667619393946	-0.4804254240233645
0.5352272382927904	-0.4804337413129418
0.5350878654343616	-0.4804419940130815
0.5349486431574986	-0.4804501822163826
0.5348095712598395	-0.4804583060109283
0.5346706495401731	-0.4804663654894185
0.5345318777921454	-0.4804743607420856
0.5343932558154311	-0.4804822918555225
0.5342547834036089	-0.4804901589177797
0.5341164603599933	-0.4804979620192494
0.5339782864818881	-0.4805057012481577
0.5338402615682596	-0.4805133766905649
0.5337023854197843	-0.4805209884354832
0.5335646578368203	-0.4805285365692102
0.5334270786183626	-0.4805360211759989
0.5332896475695715	-0.4805434423439454
0.5331523644905375	-0.4805508001611935
0.5330152291752385	-0.4805580947085907
0.5328782414395822	-0.4805653260728403
0.5327414010789110	-0.4805724943372449
0.5326047078997418	-0.4805795995883085
0.5324681617046179	-0.4805866419083525
0.5323317622982543	-0.4805936213814535
0.5321955094852711	-0.4806005380894012
0.5320594030700108	-0.4806073921158868
0.5319234428630142	-0.4806141835458771
0.5317876286658304	-0.4806209124522525
0.5316519602857653	-0.4806275789271898
0.5315164375322338	-0.4806341830411251
0.5313810602130120	-0.4806407248921747
0.5312458281316967	-0.4806472045393660
0.5311107411012854	-0.4806536220752689
0.5309757989295928	-0.4806599775780913
0.5308410014248915	-0.4806662711245063
0.5307063483965800	-0.4806725027962280
0.5305718396584056	-0.4806786726708729
0.5304374750188937	-0.4806847808260931
0.5303032542871402	-0.4806908273376523
0.5301691772812349	-0.4806968122896381
0.5300352438001177	-0.4807027357508833
0.5299014536701623	-0.4807085978031047
0.5297678066972024	-0.4807143985229650
0.5296343026954464	-0.4807201379832565
0.5295009414802726	-0.4807258162626789
0.5293677228645631	-0.4807314334356237
0.5292346466640361	-0.4807369895756676
0.5291017126831804	-0.4807424847594625
0.5289689207604550	-0.4807479190595125
0.5288362706857654	-0.4807532925528831
0.5287037622977464	-0.4807586053067510
0.5285713953987861	-0.4807638574011164
0.5284391698086487	-0.4807690489045356
0.5283070853448901	-0.4807741798924976
0.5281751418273979	-0.4807792504359618
0.5280433390744598	-0.4807842606033551
0.5279116769025473	-0.4807892104727691
0.5277801551311050	-0.4807941001092689
0.5276487735801044	-0.4807989295866606
0.5275175320690364	-0.4808036989764722
0.5273864304222433	-0.4808084083455303
0.5272554684517168	-0.4808130577653768
0.5271246459849540	-0.4808176473056319
0.5269939628428751	-0.4808221770344435
0.5268634188457503	-0.4808266470209754
0.5267330138162318	-0.4808310573338751
0.5266027475780859	-0.4808354080411684
0.5264726199565110	-0.4808396992105831
0.5263426307696488	-0.4808439309080633
0.5262127798397078	-0.4808481032026616
0.5260830669939587	-0.4808522161593932
0.5259534920609465	-0.4808562698467750
0.5258240548621699	-0.4808602643285662
0.5256947552228108	-0.4808641996716811
0.5255655929682324	-0.4808680759415247
0.5254365679258917	-0.4808718932027501
0.5253076799213889	-0.4808756515209577
0.5251789287794610	-0.4808793509609190
0.5250503143321691	-0.4808829915809169
0.5249218363998234	-0.4808865734525378
0.5247934948228564	-0.4808900966363678
0.5246652894187724	-0.4808935611947556
0.5245372200180798	-0.4808969671911537
0.5244092864512412	-0.4809003146869872
0.5242814885479048	-0.4809036037458081
0.5241538261374632	-0.4809068344285289
0.5240262990492416	-0.4809100067970830
0.5238989071147619	-0.4809131209123105
0.5237716501630609	-0.4809161768372659
0.5236445280337862	-0.4809191746272825
0.5235175405419594	-0.4809221143468816
0.5233906875382042	-0.4809249960530351
0.5232639688427086	-0.4809278198082188
0.5231373842921697	-0.4809305856707581
0.5230109337181252	-0.4809332936992435
0.5228846169551753	-0.4809359439523149
0.5227584338361491	-0.4809385364878950
0.5226323841983922	-0.4809410713676986
0.5225064678718475	-0.4809435486415179
0.5223806846940507	-0.4809459683749558
0.5222550344934542	-0.4809483306174502
0.5221295171214265	-0.4809506354350631
0.5220041323992579	-0.4809528828768150
0.5218788801677644	-0.4809550730011274
0.5217537602632099	-0.4809572058642949
0.5216287725224060	-0.4809592815205995
0.5215039167834828	-0.4809613000265638
0.5213791928833877	-0.4809632614392737
0.5212546006602198	-0.4809651658051790
0.5211301399484325	-0.4809670131871697
0.5210058105919284	-0.4809688036376403
0.5208816124308385	-0.4809705372068838
0.5207575452990053	-0.4809722139510476
0.5206336090376606	-0.4809738339229471
0.5205098034881585	-0.4809753971745746
0.5203861284884801	-0.4809769037593818
0.5202625838801800	-0.4809783537278051
0.5201391695098284	-0.4809797471326618
0.5200158852045064	-0.4809810840306258
0.5198927308230302	-0.4809823644649307
0.5197697061906944	-0.4809835884869962
0.5196468111615592	-0.4809847561578966
0.5195240455745520	-0.4809858675176051
0.5194014092707397	-0.4809869226197441
0.5192789020937024	-0.4809879215131000
0.5191565238890419	-0.4809888642484540
0.5190342744983907	-0.4809897508757854
0.5189121537666279	-0.4809905814410724
0.5187901615395182	-0.4809913559963472
0.5186682976551691	-0.4809920745877795
0.5185465619657633	-0.4809927372586112
0.5184249543205705	-0.4809933440737637
0.5183034745554961	-0.4809938950641075
0.5181821225189858	-0.4809943902816333
0.5180608980585493	-0.4809948297751756
0.5179398010203721	-0.4809952135878159
0.5178188312529359	-0.4809955417705906
0.5176979886006946	-0.4809958143664821
0.5175772729157285	-0.4809960314170857
0.5174566840279980	-0.4809961929795555
0.5173362218220743	-0.4809962990965373
0.5172158861081260	-0.4809963497986870
0.5170956767550275	-0.4809963451446568
0.5169755936074075	-0.4809962851759302
0.5168556365147733	-0.4809961699354321
0.5167358053255041	-0.4809959994675134
0.5166160998915716	-0.4809957738144310
0.5164965200634084	-0.4809954930240262
0.5163770656841478	-0.4809951571326864
0.5162577366202196	-0.4809947661884819
0.5161385327061266	-0.4809943202333906
0.5160194537949204	-0.4809938193027322
0.5159004997467008	-0.4809932634464521
0.5157816704102449	-0.4809926527039186
0.5156629656367243	-0.4809919871146888
0.5155443852785276	-0.4809912667235275
0.5154259291893588	-0.4809904915688586
0.5153075972191622	-0.4809896616901244
0.5151893892228393	-0.4809887771262277
0.5150713050586252	-0.4809878379169660
0.5149533445634629	-0.4809868441156450
0.5148355076178044	-0.4809857957412139
0.5147177940568556	-0.4809846928448224
0.5146002037418801	-0.4809835354632776
0.5144827365244403	-0.4809823236350186
0.5143653922630106	-0.4809810573966327
0.5142481708104930	-0.4809797367913154
0.5141310720205082	-0.4809783618488661
0.5140140957616044	-0.4809769326061360
0.5138972418668499	-0.4809754491166049
0.5137805102162749	-0.4809739114083385
0.5136639006601968	-0.4809723195081258
0.5135474130473520	-0.4809706734615404
0.5134310472404562	-0.4809689733035037
0.5133148030957816	-0.4809672190714162
0.5131986804731585	-0.4809654107986986
0.5130826792299732	-0.4809635485218051
0.5129667992236918	-0.4809616322717695
0.5128510403110406	-0.4809596620944283
0.5127354023522575	-0.4809576380144297
0.5126198852126916	-0.4809555600619018
0.5125044887454359	-0.4809534282929196
0.5123892128103865	-0.4809512427187440
0.5122740572665814	-0.4809490033816820
0.5121590219779399	-0.4809467103130077
0.5120441068016806	-0.4809443635462171
0.5119293115993561	-0.4809419631182413
0.5118146362369811	-0.4809395090551807
0.5117000805593624	-0.4809370013898245
0.5115856444503218	-0.4809344401702804
0.5114713277492035	-0.4809318253964222
0.5113571303313711	-0.4809291571314706
0.5112430520606268	-0.4809264353896932
0.5111290927943902	-0.4809236602043747
0.5110152523954502	-0.4809208316094777
0.5109015307255779	-0.4809179496331276
0.5107879276531978	-0.4809150143065788
0.5106744430308169	-0.4809120256583573
0.5105610767362800	-0.4809089837164599
0.5104478286273005	-0.4809058885241595
0.5103346985654076	-0.4809027400883775
0.5102216864060036	-0.4808995384529092
0.5101087920295097	-0.4808962836430030
0.5099960152968179	-0.4808929756870819
0.5098833560696654	-0.4808896146138106
0.5097708142129921	-0.4808862004518648
0.5096583895997672	-0.4808827332266718
0.5095460820818760	-0.4808792129654227
0.5094338915382309	-0.4808756396983205
0.5093218178329432	-0.4808720134560340
0.5092098608086096	-0.4808683342464739
0.5090980203719930	-0.4808646021254748
0.5089862963660173	-0.4808608170953871
0.5088746886584680	-0.4808569791931510
0.5087631971203384	-0.4808530884390454
0.5086518216199980	-0.4808491448604175
0.5085405620220331	-0.4808451484883551
0.5084294181899698	-0.4808410993432384
0.5083183900043501	-0.4808369974468983
0.5082074773351387	-0.4808328428279198
0.5080966800248651	-0.4808286355041700
0.5079859979644736	-0.4808243755011896
0.5078754310207741	-0.4808200628504815
0.5077649790602513	-0.4808156975738633
0.5076546419534218	-0.4808112796892461
0.5075444195659106	-0.4808068092214505
0.5074343117693595	-0.4808022861953001
0.5073243184370478	-0.4807977106333299
0.5072144394388938	-0.4807930825561733
0.5071046746480302	-0.4807884019922239
0.5069950239190569	-0.4807836689509842
0.5068854871391566	-0.4807788834583632
0.5067760641706144	-0.4807740455407376
0.5066667548904582	-0.4807691552154580
0.5065575591678192	-0.4807642125040841
0.5064484768740389	-0.4807592174296278
0.5063395078830952	-0.4807541700095383
0.5062306520581763	-0.4807490702602530
0.5061219092872008	-0.4807439182139445
0.5060132794323395	-0.4807387138870358
0.5059047623587152	-0.4807334572803722
0.5057963579610573	-0.4807281484350013
0.5056880660921000	-0.4807227873607346
0.5055798866324972	-0.4807173740757767
0.5054718194577994	-0.4807119086040516
0.5053638644368222	-0.4807063909585712
0.5052560214445679	-0.4807008211602352
0.5051482903559622	-0.4806951992146838
0.5050406710467178	-0.4806895251716355
0.5049331633885977	-0.4806837990062766
0.5048257672497430	-0.4806780207841521
0.5047184825317964	-0.4806721904730065
0.5046113090806895	-0.4806663081154895
0.5045042467797635	-0.4806603737254266
0.5043972955027186	-0.4806543873159916
0.5042904551353188	-0.4806483489046141
0.5041837255338418	-0.4806422585023999
0.5040771065957810	-0.4806361161358010
0.5039705981824497	-0.4806299218201524
0.5038642001828013	-0.4806236755442638
0.5037579124473711	-0.4806173773512045
0.5036517348804181	-0.4806110272509645
0.5035456673507658	-0.4806046252497130
0.5034397097282670	-0.4805981713681361
0.5033338618981074	-0.4805916656151807
0.5032281237292229	-0.4805851080061554
0.5031224951078632	-0.4805784985536613
0.5030169759049294	-0.4805718372827325
0.5029115660080594	-0.4805651241776624
0.5028062652722971	-0.4805583592752616
0.5027010735958941	-0.4805515425896680
0.5025959908560008	-0.4805446741187370
0.5024910169267700	-0.4805377538839328
0.5023861516843685	-0.4805307818908778
0.5022813950150747	-0.4805237581547346
0.5021767467894951	-0.4805166826882839
0.5020722068833594	-0.4805095555005993
0.5019677751915933	-0.4805023766081107
0.5018634515803966	-0.4804951460076643
0.5017592359171716	-0.4804878637217870
0.5016551281317819	-0.4804805297532147
0.5015511280525105	-0.4804731441262424
0.5014472355733415	-0.4804657068310225
0.5013434505795991	-0.4804582178887104
0.5012397729484465	-0.4804506773091815
0.5011362025625430	-0.4804430850940241
0.5010327392976632	-0.4804354412622960
0.5009293830412913	-0.4804277458090138
0.5008261336824348	-0.4804199987585019
0.5007229910451597	-0.4804122001238789
0.5006199551027897	-0.4804043498576389
0.5005170261361589	-0.4803964481102622
0.5004142026707153	-0.4803884946547308
0.5003114859470846	-0.4803804896969978
0.5002088753947700	-0.4803724331767051
0.5001063709071275	-0.4803643251061757
0.5000039723462352	-0.4803561654922825
0.4999016796203363	-0.4803479543426463
0.4997994925906213	-0.4803396916387413
0.4996974111543018	-0.4803313774281618
0.4995954351562997	-0.4803230117206135
0.4994935645329397	-0.4803145944464487
0.4993917991350547	-0.4803061256844010
0.4992901388609460	-0.4802976054165604
0.4991885835817972	-0.4802890336497757
0.4990871331765929	-0.4802804103904934
0.4989857875470115	-0.4802717356296702
0.4988845465731559	-0.4802630094056309
0.4987834101225564	-0.4802542316691620
0.4986823780962052	-0.4802454024683663
0.4985814503549004	-0.4802365218202484
0.4984806264166544	-0.4802275905736164
0.4983799073320317	-0.4802186060263015
0.4982792918065838	-0.4802095709410983
0.4981787801233991	-0.4802004844002921
0.4980783721568472	-0.4801913463916428
0.4979780677979261	-0.4801821569290587
0.4978778669166741	-0.4801729159965460
0.4977777694531766	-0.4801636236385651
0.4976777752415470	-0.4801542797786046
0.4975778841413729	-0.4801448845085429
0.4974780960846568	-0.4801354378022613
0.4973784109545233	-0.4801259396263725
0.4972788286283248	-0.4801163900011602
0.4971793489875540	-0.4801067889297355
0.4970799719162853	-0.4800971364121019
0.4969806973016265	-0.4800874324522423
0.4968815250423568	-0.4800776770518579
0.4967824550299791	-0.4800678701785959
0.4966834871125771	-0.4800580118649680
0.4965846211636062	-0.4800481020936927
0.4964858571907340	-0.4800381409207006
0.4963871949483875	-0.4800281282733012
0.4962886343705179	-0.4800180641686236
0.4961901753510795	-0.4800079486097893
0.4960918177616482	-0.4799977815945217
0.4959935614981981	-0.4799875631482735
0.4958954064477239	-0.4799772932186928
0.4957973524895776	-0.4799669718222561
0.4956993995932827	-0.4799565989751555
0.4956015474376563	-0.4799461746808399
0.4955037961080376	-0.4799356988757968
0.4954061454314613	-0.4799251716232129
0.4953085952736498	-0.4799145928837412
0.4952111455484511	-0.4799039626755834
0.4951137961339728	-0.4798932809897045
0.4950165469040022	-0.4798825478071512
0.4949193978024726	-0.4798717631311367
0.4948223486422920	-0.4798609269667433
0.4947253993577629	-0.4798500392924923
0.4946285498327771	-0.4798391001266950
0.4945317999068636	-0.4798281094217695
0.4944351495385756	-0.4798170672302439
0.4943385985804369	-0.4798059735104654
0.4942421469289327	-0.4797948282641664
0.4941457944712404	-0.4797836314968946
0.4940495410991868	-0.4797723831673083
0.4939533867081605	-0.4797610833238312
0.4938573311287987	-0.4797497318993184
0.4937613744142031	-0.4797383289118816
0.4936655162324632	-0.4797268743649515
0.4935697565231603	-0.4797153681952027
0.4934740940738801	-0.4797038098149033
0.4933785325104869	-0.4796922013112490
0.4932830678073486	-0.4796805404461882
0.4931877011910752	-0.4796688279714202
0.4930924325577817	-0.4796570638709051
0.4929972617931358	-0.4796452481942849
0.4929021887544774	-0.4796333808898302
0.4928072134055204	-0.4796214618674639
0.4927123355189706	-0.4796094912839529
0.4926175551296119	-0.4795974690429068
0.4925228736228036	-0.4795853911174599
0.4924282861306786	-0.4795732695194490
0.4923337973172721	-0.4795610922315199
0.4922394054998914	-0.4795488632739361
0.4921451105694531	-0.4795365825960420
0.4920509123668640	-0.4795242502083282
0.4919568107826550	-0.4795118660865711
0.4918628058707100	-0.4794994302244018
0.4917688973132851	-0.4794869427103508
0.4916750864814274	-0.4794744004613248
0.4915813672972980	-0.4794618145444682
0.4914877492635086	-0.4794491693327151
0.4913942253575477	-0.4794364746882274
0.4913007973663946	-0.4794237281899133
0.4912074651705346	-0.4794109299362919
0.4911142285968642	-0.4793980797531839
0.4910210876427155	-0.4793851777831677
0.4909280420669186	-0.4793722239816831
0.4908350920009424	-0.4793592183089573
0.4907422369810042	-0.4793461607560721
0.4906494798669593	-0.4793330575378585
0.4905568123773923	-0.4793198899639235
0.4904642424906023	-0.4793066766776353
0.4903717673818842	-0.4792934114779500
0.4902793869580281	-0.4792800943137575
0.4901871011946075	-0.4792667252297882
0.4900949099759192	-0.4792533041869729
0.4900028128670280	-0.4792398310834760
0.4899108101357130	-0.4792263060762385
0.4898189021851143	-0.4792127343070587
0.4897270861009112	-0.4791990988825698
0.4896353665241002	-0.4791854186212025
0.4895437397484734	-0.4791716853789013
0.4894522067297170	-0.4791579000443617
0.4893607672729891	-0.4791440626367696
0.4892694213698449	-0.4791301731019072
0.4891781687842594	-0.4791162314745087
0.4890870094668757	-0.4791022375822004
0.4889959433208773	-0.4790881917069078
0.4889049693108063	-0.4790740928691621
0.4888140870966688	-0.4790599439891827
0.4887232969806383	-0.4790457363972043
0.4886326062760436	-0.4790314943341011
0.4885420069586808	-0.4790171787387539
0.4884514976433466	-0.4790028193941888
0.4883610807890700	-0.4789884078650835
0.4882707562470740	-0.4789739439376771
0.4881805238746289	-0.4789594277151175
0.4880903836963902	-0.4789448591414063
0.4880003261569474	-0.4789302425306984
0.4879103812427457	-0.4789155761350737
0.4878205196302337	-0.4789008332911578
0.4877307352370602	-0.4788860706303644
0.4876410599856702	-0.4788712305512340
0.4875514700603177	-0.4788563475927183
0.4874619713838472	-0.4788414121125552
0.4873725416905236	-0.4788264243384935
0.4872832479073470	-0.4788113836481435
0.4871940225542489	-0.4787962906060508
0.4871048795699100	-0.4787811397068975
0.4870158513522811	-0.4787659404273112
0.4869268987470345	-0.4787507237784703
0.4868380145084927	-0.4787353924612080
0.4867492489057036	-0.4787200287008244
0.4866605765350328	-0.4787046279027795
0.4865719946640438	-0.4786892009310978
0.4864834845396439	-0.4786736522439795
0.4863950736057747	-0.4786580855390458
0.4863067526891631	-0.4786424660935419
0.4862185204908034	-0.4786268007439247
0.4861303918805062	-0.4786110686221464
0.4860423101322457	-0.4785953182883375
0.4859543660161924	-0.4785794597935004
0.4858664931425716	-0.4785635758959080
0.4857787001267119	-0.4785476615455153
0.4856910432331404	-0.4785316167189982
0.4856034099370026	-0.4785156076212677
0.4855158913251749	-0.4784995399721267
0.4854284662194681	-0.4784833639091964
0.4853411110383092	-0.4784671537275042
0.4852538905055716	-0.4784509222994650
0.4851667096679576	-0.4784346158572321
0.4850796417661652	-0.4784182598493862
0.4849926190892845	-0.4784018712402061
0.4849057615256500	-0.4783853594967780
0.4848189527688018	-0.4783688393544048
0.4847322324781688	-0.4783522664578379
0.4846456698425768	-0.4783356808411746
0.4845590543224478	-0.4783189984155400
0.4844725934320311	-0.4783022303891469
0.4843862181962996	-0.4782854378206384
0.4842999491181922	-0.4782686136671024
0.4842137939389213	-0.4782516675922843
0.4841276016593581	-0.4782348112844061
0.4840415941825030	-0.4782177449151036
0.4839556907338460	-0.4782007104875083
0.4838698436281100	-0.4781836042157812
0.4837840845417105	-0.4781664442786699
0.4836985119757968	-0.4781491535075732
0.4836128099772697	-0.4781319722853096
0.4835273446845328	-0.4781146325962407
0.4834419229185806	-0.4780971992145019
0.4833565750878610	-0.4780798440338486
0.4832713491663734	-0.4780622672852790
0.4831861521643799	-0.4780447167551073
0.4831011206012160	-0.4780272349325659
0.4830161375995560	-0.4780095944272216
0.4829312399688753	-0.4779918979431382
0.4828464289018074	-0.4779741470714767
0.4827617113270334	-0.4779563399925768
0.4826770705194657	-0.4779384564128524
0.4825924730932360	-0.4779205919701893
0.4825079778187097	-0.4779026458542416
0.4824237321963051	-0.4778845894167486
0.4823392966821836	-0.4778664031026700
0.4822551346564430	-0.4778483882950729
0.4821711348878196	-0.4778301941538050
0.4820869578582890	-0.4778119712616165
0.4820029964699646	-0.4777936822260409
0.4819191511839206	-0.4777753443091799
0.4818353583938162	-0.4777569653312712
0.4817516216564218	-0.4777384775146566
0.4816680107206113	-0.4777200679250035
0.4815843766567801	-0.4777011926587513
0.4815009982261398	-0.4776830479607220
0.4814177481194855	-0.4776640011827690
0.4813344597538752	-0.4776451872434366
0.4812511262095066	-0.4776266356897478
0.4811680454442109	-0.4776076608241109
0.4810849783560122	-0.4775889443694079
0.4810020205438776	-0.4775699315137040
0.4809190425852687	-0.4775509401835408
0.4808364192059290	-0.4775318841765487
0.4807535273507809	-0.4775126699906789
0.4806708767508122	-0.4774936915367131
0.4805887830504798	-0.4774744192216921
0.4805059331390340	-0.4774549204034914
0.4804237443021789	-0.4774360865495080
0.4803414322113241	-0.4774164289143864
0.4802591141140479	-0.4773971035981442
0.4801770579096969	-0.4773775432304588
0.4800950131982539	-0.4773580714329154
0.4800131742125319	-0.4773384313096479
0.4799313126788062	-0.4773189341774306
0.4798492846637431	-0.4772990699677493
0.4797676471267719	-0.4772792257172310
0.4796858842965365	-0.4772589910503413
0.4796037242885968	-0.4772393141049504
0.4795235109464261	-0.4772194416595628
0.4794415068963478	-0.4771996622286864
0.4793601530358407	-0.4771796798305873
0.4792790695903826	-0.4771596418777270
0.4791980033692342	-0.4771392729588363
0.4791166478939378	-0.4771193792027856
0.4790358136914229	-0.4770988792050194
0.4789553559737192	-0.4770784143394047
0.4788737021830726	-0.4770582704338960
0.4787931087627471	-0.4770374288308881
0.4787117628789070	-0.4770172022547698
0.4786319923743100	-0.4769968554590555
0.4785514789202287	-0.4769762831507038
0.4784709838373322	-0.4769556542255292
0.4783905672256759	-0.4769350941721544
0.4783104056913659	-0.4769140346213583
0.4782304085899796	-0.4768930947468848
0.4781502564467120	-0.4768722951791305
0.4780696719180008	-0.4768520838016622
0.4779891516562901	-0.4768300631455676
0.4779095018567072	-0.4768087421436041
0.4778305345008824	-0.4767883829051665
0.4777507705733108	-0.4767672407695183
0.4776711298043144	-0.4767462996455713
0.4775917023673448	-0.4767245646582498
0.4775124209961960	-0.4767045589879298
0.4774322816886512	-0.4766820079643361
0.4773533818499999	-0.4766613418246967
0.4772738710585992	-0.4766402178763710
0.4771952747303919	-0.4766172069063550
0.4771168241013020	-0.4765961795847473
0.4770368422999909	-0.4765744233558680
0.4769581062211119	-0.4765526586357732
0.4768789422578796	-0.4765309412077355
0.4768002254058505	-0.4765088663041336
0.4767223389120765	-0.4764876796083843
0.4766427816292230	-0.4764657902051245
0.4765638664518906	-0.4764440408174040
0.4764853372899237	-0.4764208939149239
0.4764067207922176	-0.4763999594237560
0.4763307662787198	-0.4763739454290228
0.4762509289527278	-0.4763546591754835
0.4761726984578701	-0.4763324416685568
0.4760948933150128	-0.4763104404574520
0.4760167356624044	-0.4762878334127698
0.4759388375953934	-0.4762647051479204
0.4758613074242952	-0.4762423565506395
0.4757827973664727	-0.4762196185302900
0.4757061176913727	-0.4761983091691195
0.4756292499415765	-0.4761751776701268
0.4755500221126373	-0.4761516693866251
0.4754725459643862	-0.4761294026505216
0.4753953279093619	-0.4761061042767841
0.4753178454338671	-0.4760839089717723
0.4752409613081737	-0.4760602673940038
0.4751631632003178	-0.4760374919643575
0.4750852007753790	-0.4760148388813514
0.4750108311109125	-0.4759918655507193
0.4749334742638236	-0.4759685235915422
0.4748572895519456	-0.4759449515843602
0.4747775446792705	-0.4759206716843649
0.4746941629760445	-0.4759041461255598
0.4746252885739402	-0.4758751270201572
0.4745491214793044	-0.4758515104099730
0.4744723635834132	-0.4758284779801040
0.4743945484644252	-0.4758029181911760
0.4743193264715029	-0.4757804921622132
0.4742429211111866	-0.4757576372464390
0.4741666033119910	-0.4757347407496179
0.4740893565462682	-0.4757084709389136
0.4740144517123185	-0.4756855775446393
0.4739383444555371	-0.4756610456140839
0.4738543646199251	-0.4756340344461421
0.4737703847843132	-0.4756070232782004
0.4737104583620376	-0.4755895674102071
0.4736376635081716	-0.4755644493430587
0.4735594574763210	-0.4755399715422034
0.4734853951800747	-0.4755179001887743
0.4734074114203813	-0.4754912694101033
0.4733321879414616	-0.4754685938247801
0.4732604019558074	-0.4754434929511771
0.4731825259350296	-0.4754179451026080
0.4730985460994176	-0.4753909339346662
0.4730145662638058	-0.4753639227667245
0.4729305864281939	-0.4753369115987828
0.4728466065925819	-0.4753099004308410
0.4727626267569699	-0.4752828892628992
0.4726786469213580	-0.4752558780949575
0.4726558643458940	-0.4752503355171819
0.4725824130294017	-0.4752244691210257
0.4725078089808358	-0.4751922182000916
0.4724267074145222	-0.4751748445911322
0.4723427275789103	-0.4751478334231904
0.4722587477432983	-0.4751208222552487
0.4721747679076864	-0.4750938110873070
0.4720907880720744	-0.4750667999193651
0.4720068082364625	-0.4750397887514234
0.4719228284008505	-0.4750127775834816
0.4718388485652387	-0.4749857664155399
0.4717548687296267	-0.4749587552475981
0.4716708888940148	-0.4749317440796563
0.4716708888940148	-0.4749317440796563
0.4715869090584028	-0.4749047329117145
0.4715029292227909	-0.4748777217437728
0.4714189493871790	-0.4748507105758311
0.4713349695515670	-0.4748236994078893
0.4712509897159551	-0.4747966882399475
0.4711670098803431	-0.4747696770720057
0.4710830300447312	-0.4747426659040640
0.4709990502091193	-0.4747156547361222
0.4709150703735073	-0.4746886435681805
0.4709150703735073	-0.4746886435681805
0.4708310905378953	-0.4746616324002387
0.4707471107022835	-0.4746346212322969
0.4706631308666716	-0.4746076100643552
0.4705791510310596	-0.4745805988964135
0.4704951711954476	-0.4745535877284717
0.4704111913598357	-0.4745265765605299
0.4703272115242237	-0.4744995653925881
0.4702432316886118	-0.4744725542246464
0.4701592518529999	-0.4744455430567046
0.4701592518529999	-0.4744455430567046
0.4700752720173879	-0.4744185318887628
0.4699912921817760	-0.4743915207208211
0.4699073123461641	-0.4743645095528793
0.4698233325105521	-0.4743374983849376
0.4697393526749402	-0.4743104872169958
0.4696553728393282	-0.4742834760490541
0.4695713930037163	-0.4742564648811123
0.4694874131681044	-0.4742294537131705
0.4694034333324925	-0.4742024425452288
0.4694034333324925	-0.4742024425452288
0.4693194534968805	-0.4741754313772870
0.4692354736612686	-0.4741484202093452
0.4691514938256567	-0.4741214090414035
0.4690675139900448	-0.4740943978734617
0.4689835341544328	-0.4740673867055200
0.4688995543188208	-0.4740403755375782
0.4688155744832089	-0.4740133643696364
0.4687315946475969	-0.4739863532016947
0.4686476148119850	-0.4739593420337529
0.4686476148119850	-0.4739593420337529
0.4685636349763731	-0.4739323308658111
0.4684796551407611	-0.4739053196978694
0.4683956753051493	-0.4738783085299276
0.4683116954695373	-0.4738512973619858
0.4682277156339254	-0.4738242861940441
0.4681437357983134	-0.4737972750261024
0.4680597559627015	-0.4737702638581606
0.4679757761270895	-0.4737432526902188
0.4678917962914776	-0.4737162415222770
0.4678917962914776	-0.4737162415222770
0.4678078164558656	-0.4736892303543352
0.4677238366202537	-0.4736622191863935
0.4676398567846418	-0.4736352080184518
0.4675558769490299	-0.4736081968505100
0.4674718971134179	-0.4735811856825682
0.4673879172778059	-0.4735541745146264
0.4673039374421940	-0.4735271633466847
0.4672199576065821	-0.4735001521787430
0.4671359777709702	-0.4734731410108012
0.4671359777709702	-0.4734731410108012
0.4670519979353582	-0.4734461298428594
0.4669680180997463	-0.4734191186749176
0.4668840382641344	-0.4733921075069759
0.4668000584285223	-0.4733650963390341
0.4667160785929104	-0.4733380851710923
0.4666320987572985	-0.4733110740031506
0.4665481189216866	-0.4732840628352089
0.4664641390860746	-0.4732570516672671
0.4663801592504627	-0.4732300404993253
0.4663801592504627	-0.4732300404993253
0.4662961794148507	-0.4732030293313835
0.4662121995792389	-0.4731760181634418
0.4661282197436269	-0.4731490069955001
0.4660442399080150	-0.4731219958275583
0.4659602600724030	-0.4730949846596165
0.4658762802367911	-0.4730679734916747
0.4657923004011791	-0.4730409623237330
0.4657083205655673	-0.4730139511557913
0.4656243407299553	-0.4729869399878495
0.4656243407299553	-0.4729869399878495
0.4655403608943434	-0.4729599288199077
0.4654563810587314	-0.4729329176519659
0.4653724012231195	-0.4729059064840242
0.4652884213875075	-0.4728788953160824
0.4652044415518956	-0.4728518841481407
0.4651204617162836	-0.4728248729801989
0.4650364818806718	-0.4727978618122571
0.4649525020450598	-0.4727708506443153
0.4648685222094479	-0.4727438394763736
0.4648685222094479	-0.4727438394763736
0.4647845423738359	-0.4727168283084318
0.4647005625382240	-0.4726898171404901
0.4646165827026121	-0.4726628059725483
0.4645326028670001	-0.4726357948046065
0.4644486230313882	-0.4726087836366648
0.4643646431957762	-0.4725817724687230
0.4642806633601643	-0.4725547613007813
0.4641966835245523	-0.4725277501328395
0.4641127036889404	-0.4725007389648977
0.4641127036889404	-0.4725007389648977
0.4640287238533284	-0.4724737277969560
0.4639447440177166	-0.4724467166290142
0.4638607641821046	-0.4724197054610725
0.4637767843464927	-0.4723926942931307
0.4636928045108807	-0.4723656831251890
0.4636088246752688	-0.4723386719572472
0.4635248448396568	-0.4723116607893054
0.4634408650040449	-0.4722846496213636
0.4633568851684330	-0.4722576384534219
0.4633568851684330	-0.4722576384534219
0.4632729053328210	-0.4722306272854801
0.4631889254972091	-0.4722036161175384
0.4631049456615972	-0.4721766049495967
0.4630209658259852	-0.4721495937816549
0.4629369859903733	-0.4721225826137131
0.4628530061547613	-0.4720955714457713
0.4627690263191494	-0.4720685602778296
0.4626850464835375	-0.4720415491098878
0.4626010666479256	-0.4720145379419460
0.4626010666479256	-0.4720145379419460
0.4625170868123136	-0.4719875267740042
0.4624331069767017	-0.4719605156060626
0.4623491271410898	-0.4719335044381208
0.4622651473054779	-0.4719064932701790
0.4621811674698659	-0.4718794821022372
0.4620971876342539	-0.4718524709342954
0.4620132077986420	-0.4718254597663537
0.4619292279630300	-0.4717984485984120
0.4618452481274181	-0.4717714374304702
0.4618452481274181	-0.4717714374304702
0.4617612682918062	-0.4717444262625284
0.4616772884561942	-0.4717174150945866
0.4615933086205823	-0.4716904039266449
0.4615093287849704	-0.4716633927587031
0.4614253489493585	-0.4716363815907614
0.4613413691137465	-0.4716093704228196
0.4612573892781346	-0.4715823592548778
0.4611734094425226	-0.4715553480869361
0.4610894296069107	-0.4715283369189943
0.4610894296069107	-0.4715283369189943
0.4610054497712987	-0.4715013257510525
0.4609214699356868	-0.4714743145831108
0.4608374901000749	-0.4714473034151691
0.4607535102644630	-0.4714202922472273
0.4606695304288509	-0.4713932810792855
0.4605855505932390	-0.4713662699113438
0.4605015707576271	-0.4713392587434020
0.4604175909220152	-0.4713122475754603
0.4603336110864032	-0.4712852364075185
0.4603336110864032	-0.4712852364075185
0.4602496312507913	-0.4712582252395767
0.4601656514151793	-0.4712312140716349
0.4600816715795675	-0.4712042029036932
0.4599976917439554	-0.4711771917357515
0.4599137119083435	-0.4711501805678097
0.4598297320727316	-0.4711231693998679
0.4597457522371197	-0.4710961582319261
0.4596617724015077	-0.4710691470639843
0.4595777925658958	-0.4710421358960426
0.4595777925658958	-0.4710421358960426
0.4594938127302838	-0.4710151247281008
0.4594098328946720	-0.4709881135601591
0.4593258530590600	-0.4709611023922173
0.4592418732234481	-0.4709340912242755
0.4591578933878361	-0.4709070800563337
0.4590739135522242	-0.4708800688883921
0.4589899337166122	-0.4708530577204503
0.4589059538810004	-0.4708260465525085
0.4588219740453884	-0.4707990353845667
0.4588219740453884	-0.4707990353845667
0.4587379942097765	-0.4707720242166250
0.4586540143741645	-0.4707450130486832
0.4585700345385526	-0.4707180018807415
0.4584860547029406	-0.4706909907127997
0.4584020748673287	-0.4706639795448579
0.4583180950317167	-0.4706369683769162
0.4582341151961049	-0.4706099572089744
0.4581501353604929	-0.4705829460410326
0.4580661555248809	-0.4705559348730909
0.4580661555248809	-0.4705559348730909
0.4579821756892690	-0.4705289237051491
0.4578981958536571	-0.4705019125372074
0.4578142160180452	-0.4704749013692656
0.4577302361824332	-0.4704478902013238
0.4576462563468213	-0.4704208790333821
0.4575622765112093	-0.4703938678654403
0.4574782966755974	-0.4703668566974986
0.4573943168399854	-0.4703398455295568
0.4573103370043735	-0.4703128343616150
0.4573103370043735	-0.4703128343616150
0.4572263571687615	-0.4702858231936732
0.4571423773331497	-0.4702588120257315
0.4570583974975377	-0.4702318008577898
0.4569744176619258	-0.4702047896898480
0.4568904378263138	-0.4701777785219062
0.4568064579907019	-0.4701507673539644
0.4567224781550899	-0.4701237561860227
0.4566384983194780	-0.4700967450180810
0.4565545184838661	-0.4700697338501392
0.4565545184838661	-0.4700697338501392
0.4564705386482541	-0.4700427226821974
0.4563865588126422	-0.4700157115142556
0.4563025789770303	-0.4699887003463139
0.4562185991414183	-0.4699616891783721
0.4561346193058064	-0.4699346780104303
0.4560506394701944	-0.4699076668424886
0.4559666596345825	-0.4698806556745468
0.4558826797989706	-0.4698536445066051
0.4557986999633586	-0.4698266333386633
0.4557986999633586	-0.4698266333386633
0.4557147201277467	-0.4697996221707215
0.4556307402921348	-0.4697726110027798
0.4555467604565229	-0.4697455998348380
0.4554627806209109	-0.4697185886668963
0.4553788007852990	-0.4696915774989545
0.4552948209496870	-0.4696645663310127
0.4552108411140751	-0.4696375551630710
0.4551268612784631	-0.4696105439951292
0.4550428814428512	-0.4695835328271875
0.4550428814428512	-0.4695835328271875
0.4549589016072393	-0.4695565216592457
0.4548749217716273	-0.4695295104913040
0.4547909419360154	-0.4695024993233622
0.4547069621004035	-0.4694754881554204
0.4546229822647916	-0.4694484769874787
0.4545390024291796	-0.4694214658195369
0.4544550225935677	-0.4693944546515951
0.4543710427579557	-0.4693674434836533
0.4542870629223438	-0.4693404323157116
0.4542870629223438	-0.4693404323157116
0.4542030830867318	-0.4693134211477698
0.4541191032511199	-0.4692864099798281
0.4540351234155080	-0.4692593988118864
0.4539511435798961	-0.4692323876439446
0.4538671637442840	-0.4692053764760028
0.4537831839086721	-0.4691783653080610
0.4536992040730602	-0.4691513541401192
0.4536152242374483	-0.4691243429721775
0.4535312444018363	-0.4690973318042357
0.4535312444018363	-0.4690973318042357
0.4534472645662244	-0.4690703206362939
0.4533632847306124	-0.4690433094683522
0.4532793048950006	-0.4690162983004105
0.4531953250593885	-0.4689892871324687
0.4531113452237766	-0.4689622759645269
0.4530273653881647	-0.4689352647965851
0.4529433855525528	-0.4689082536286434
0.4528594057169408	-0.4688812424607016
0.4527754258813289	-0.4688542312927599
0.4527754258813289	-0.4688542312927599
0.4526914460457169	-0.4688272201248181
0.4526074662101051	-0.4688002089568764
0.4525234863744931	-0.4687731977889346
0.4524395065388812	-0.4687461866209928
0.4523555267032692	-0.4687191754530511
0.4522715468676573	-0.4686921642851093
0.4521875670320453	-0.4686651531171676
0.4521035871964335	-0.4686381419492258
0.4520196073608215	-0.4686111307812840
0.4520196073608215	-0.4686111307812840
0.4519356275252095	-0.4685841196133423
0.4518516476895976	-0.4685571084454005
0.4517676678539857	-0.4685300972774588
0.4516836880183738	-0.4685030861095170
0.4515997081827618	-0.4684760749415752
0.4515157283471498	-0.4684490637736334
0.4514317485115379	-0.4684220526056917
0.4513477686759260	-0.4683950414377500
0.4512637888403140	-0.4683680302698082
