0.5994432884374880	-0.0927030479449475
0.5995780719543043	-0.0927017370348202
0.5997130038286428	-0.0927004125150591
0.5998480843145023	-0.0926990743572837
0.5999833136665748	-0.0926977225329887
0.6001186921402712	-0.0926963570135757
0.6002542199916735	-0.0926949777703260
0.6003898974775893	-0.0926935847744097
0.6005257248555291	-0.0926921779968892
0.6006617023837153	-0.0926907574087197
0.6007978303210766	-0.0926893229807191
0.6009341089272699	-0.0926878746836099
0.6010705384626400	-0.0926864124880052
0.6012071191882938	-0.0926849363643867
0.6013438513660199	-0.0926834462831387
0.6014807352583668	-0.0926819422145060
0.6016177711285889	-0.0926804241286447
0.6017549592406711	-0.0926788919955823
0.6018922998593493	-0.0926773457852221
0.6020297932500726	-0.0926757854673620
0.6021674396790538	-0.0926742110116704
0.6023052394132292	-0.0926726223877094
0.6024431927202800	-0.0926710195649214
0.6025812998686398	-0.0926694025126143
0.6027195611274940	-0.0926677711999847
0.6028579767667767	-0.0926661255961262
0.6029965470571584	-0.0926644656699870
0.6031352722701162	-0.0926627913903879
0.6032741526778468	-0.0926611027260652
0.6034131885533063	-0.0926593996456045
0.6035523801702511	-0.0926576821174732
0.6036917278031866	-0.0926559501100085
0.6038312317273744	-0.0926542035914449
0.6039708922188922	-0.0926524425298802
0.6041107095545512	-0.0926506668932782
0.6042506840119903	-0.0926488766494854
0.6043908158695651	-0.0926470717662358
0.6045311054064926	-0.0926452522111152
0.6046715529027280	-0.0926434179515929
0.6048121586390403	-0.0926415689550171
0.6049529228969955	-0.0926397051885861
0.6050938459589341	-0.0926378266193990
0.6052349281080299	-0.0926359332144046
0.6053761696282430	-0.0926340249404342
0.6055175708043388	-0.0926321017641731
0.6056591319219026	-0.0926301636521948
0.6058008532673254	-0.0926282105709312
0.6059427351278250	-0.0926262424866915
0.6060847777914218	-0.0926242593656335
0.6062269815469781	-0.0926222611738102
0.6063693466841573	-0.0926202478771097
0.6065118734934859	-0.0926182194413111
0.6066545622662936	-0.0926161758320510
0.6067974132947510	-0.0926141170148302
0.6069404268718737	-0.0926120429550104
0.6070836032915224	-0.0926099536178243
0.6072269428483815	-0.0926078489683615
0.6073704458380055	-0.0926057289715803
0.6075141125567887	-0.0926035935922883
0.6076579433019935	-0.0926014427951743
0.6078019383717120	-0.0925992765447745
0.6079460980649255	-0.0925970948054905
0.6080904226814636	-0.0925948975415734
0.6082349125220373	-0.0925926847171550
0.6083795678881970	-0.0925904562962031
0.6085243890824078	-0.0925882122425590
0.6086693764079816	-0.0925859525199091
0.6088145301691378	-0.0925836770918059
0.6089598506709524	-0.0925813859216507
0.6091053382194028	-0.0925790789727085
0.6092509931213592	-0.0925767562080951
0.6093968156845802	-0.0925744175907821
0.6095428062177211	-0.0925720630835898
0.6096889650303517	-0.0925696926491963
0.6098352924329297	-0.0925673062501236
0.6099817887368305	-0.0925649038487683
0.6101284542543433	-0.0925624854073384
0.6102752892986616	-0.0925600508879403
0.6104222941839130	-0.0925576002524914
0.6105694692251349	-0.0925551334627750
0.6107168147382944	-0.0925526504804208
0.6108643310402905	-0.0925501512669070
0.6110120184489575	-0.0925476357835594
0.6111598772830517	-0.0925451039915491
0.6113079078622982	-0.0925425558518820
0.6114561105073368	-0.0925399913254387
0.6116044855397734	-0.0925374103729107
0.6117530332821617	-0.0925348129548520
0.6119017540580093	-0.0925321990316613
0.6120506481917717	-0.0925295685635624
0.6121997160088927	-0.0925269215106394
0.6123489578357669	-0.0925242578328122
0.6124983739997566	-0.0925215774898365
0.6126479648292104	-0.0925188804413107
0.6127977306534361	-0.0925161666466737
0.6129476718027392	-0.0925134360651951
0.6130977886084140	-0.0925106886559919
0.6132480814027390	-0.0925079243780113
0.6133985505189679	-0.0925051431900412
0.6135491962913956	-0.0925023450507024
0.6137000190552619	-0.0924995299184388
0.6138510191468738	-0.0924966977515555
0.6140021969034893	-0.0924938485081645
0.6141535526634356	-0.0924909821462251
0.6143050867660084	-0.0924880986235144
0.6144567995515545	-0.0924851978976569
0.6146086913614345	-0.0924822799260976
0.6147607625380529	-0.0924793446661090
0.6149130134248297	-0.0924763920747989
0.6150654443662331	-0.0924734221090964
0.6152180557077728	-0.0924704347257592
0.6153708477960110	-0.0924674298813811
0.6155238209785480	-0.0924644075323609
0.6156769756040442	-0.0924613676349409
0.6158303120222254	-0.0924583101451773
0.6159838305838790	-0.0924552350189513
0.6161375316408523	-0.0924521422119668
0.6162914155460696	-0.0924490316797519
0.6164454826535350	-0.0924459033776538
0.6165997333183337	-0.0924427572608269
0.6167541678966272	-0.0924395932842648
0.6169087867456807	-0.0924364114027719
0.6170635902238355	-0.0924332115709598
0.6172185786905451	-0.0924299937432763
0.6173737525063683	-0.0924267578739589
0.6175291120329557	-0.0924235039170823
0.6176846576330868	-0.0924202318265257
0.6178403896706536	-0.0924169415559807
0.6179963085106631	-0.0924136330589541
0.6181524145192520	-0.0924103062887658
0.6183087080636777	-0.0924069611985347
0.6184651895123581	-0.0924035977412036
0.6186218592348185	-0.0924002158695107
0.6187787176017663	-0.0923968155360217
0.6189357649850137	-0.0923933966930807
0.6190930017575601	-0.0923899592928619
0.6192504282935528	-0.0923865032873341
0.6194080449683056	-0.0923830286282781
0.6195658521582904	-0.0923795352672611
0.6197238502411668	-0.0923760231556657
0.6198820395957592	-0.0923724922446807
0.6200404206020846	-0.0923689424852791
0.6201989936413299	-0.0923653738282445
0.6203577590959226	-0.0923617862241612
0.6205167173494158	-0.0923581796234006
0.6206758687866234	-0.0923545539761449
0.6208352137935442	-0.0923509092323516
0.6209947527573899	-0.0923472453417961
0.6211544860665967	-0.0923435622540298
0.6213144141108171	-0.0923398599184070
0.6214745372809274	-0.0923361382840678
0.6216348559690568	-0.0923323972999519
0.6217953705685495	-0.0923286369147706
0.6219560814740065	-0.0923248570770493
0.6221169890812809	-0.0923210577350752
0.6222780937874665	-0.0923172388369415
0.6224393959909237	-0.0923134003305213
0.6226008960912843	-0.0923095421634673
0.6227625944894351	-0.0923056642832208
0.6229244915875554	-0.0923017666370030
0.6230865877890926	-0.0922978491718268
0.6232488834987839	-0.0922939118344674
0.6234113791226586	-0.0922899545714926
0.6235740750680484	-0.0922859773292485
0.6237369717435771	-0.0922819800538490
0.6239000695591890	-0.0922779626911993
0.6240633689261352	-0.0922739251869627
0.6242268702569864	-0.0922698674865878
0.6243905739656311	-0.0922657895352949
0.6245544804673155	-0.0922616912780713
0.6247185901785888	-0.0922575726596806
0.6248829035173632	-0.0922534336246540
0.6250474209028936	-0.0922492741172884
0.6252121427557884	-0.0922450940816556
0.6253770694980152	-0.0922408934615809
0.6255422015529195	-0.0922366722006703
0.6257075393451891	-0.0922324302422772
0.6258730833009249	-0.0922281675295381
0.6260388338475800	-0.0922238840053245
0.6262047914140141	-0.0922195796122947
0.6263709564304841	-0.0922152542928481
0.6265373293286450	-0.0922109079891566
0.6267039105415461	-0.0922065406431324
0.6268707005036750	-0.0922021521964561
0.6270376996509179	-0.0921977425905588
0.6272049084206028	-0.0921933117666244
0.6273723272514760	-0.0921888596655897
0.6275399565837335	-0.0921843862281382
0.6277077968590108	-0.0921798913947094
0.6278758485204000	-0.0921753751054910
0.6280441120124355	-0.0921708373004110
0.6282125877811414	-0.0921662779191458
0.6283812762739904	-0.0921616969011144
0.6285501779399415	-0.0921570941854942
0.6287192932294318	-0.0921524697111798
0.6288886225943999	-0.0921478234168252
0.6290581664882637	-0.0921431552408115
0.6292279253659698	-0.0921384651212726
0.6293978996839398	-0.0921337529960618
0.6295680899001437	-0.0921290188027813
0.6297384964740594	-0.0921242624787584
0.6299091198666968	-0.0921194839610582
0.6300799605406039	-0.0921146831864750
0.6302510189598768	-0.0921098600915342
0.6304222955901504	-0.0921050146124854
0.6305937908986330	-0.0921001466853131
0.6307655053540823	-0.0920952562457229
0.6309374394268467	-0.0920903432291464
0.6311095935888231	-0.0920854075707278
0.6312819683135286	-0.0920804492053577
0.6314545640760540	-0.0920754680676146
0.6316273813530876	-0.0920704640918228
0.6318004206229363	-0.0920654372120106
0.6319736823655173	-0.0920603873619253
0.6321471670623613	-0.0920553144750201
0.6323208751966405	-0.0920502184844827
0.6324948072531570	-0.0920450993231858
0.6326689637183625	-0.0920399569237317
0.6328433450803533	-0.0920347912184221
0.6330179518288852	-0.0920296021392631
0.6331927844553877	-0.0920243896179734
0.6333678434529594	-0.0920191535859710
0.6335431293163710	-0.0920138939743788
0.6337186425421082	-0.0920086107140196
0.6338943836283276	-0.0920033037354110
0.6340703530749074	-0.0919979729687735
0.6342465513834268	-0.0919926183440188
0.6344229790571994	-0.0919872397907610
0.6345996366012525	-0.0919818372383005
0.6347765245223628	-0.0919764106156300
0.6349536433290370	-0.0919709598514261
0.6351309935315542	-0.0919654848740680
0.6353085756419363	-0.0919599856116069
0.6354863901739837	-0.0919544619917869
0.6356644376432653	-0.0919489139420271
0.6358427185671455	-0.0919433413894407
0.6360212334647777	-0.0919377442608008
0.6361999828571163	-0.0919321224825820
0.6363789672669236	-0.0919264759809176
0.6365581872187914	-0.0919208046816199
0.6367376432391226	-0.0919151085101734
0.6369173358561692	-0.0919093873917377
0.6370972656000169	-0.0919036412511393
0.6372774330026221	-0.0918978700128701
0.6374578385977743	-0.0918920736010857
0.6376384829211642	-0.0918862519396176
0.6378193665103363	-0.0918804049519398
0.6380004899047426	-0.0918745325612029
0.6381818536457170	-0.0918686346902098
0.6383634582765108	-0.0918627112614206
0.6385453043422802	-0.0918567621969471
0.6387273923901162	-0.0918507874185595
0.6389097229690307	-0.0918447868476711
0.6390922966299896	-0.0918387604053575
0.6392751139259016	-0.0918327080123208
0.6394581754116382	-0.0918266295889330
0.6396414816440428	-0.0918205250551865
0.6398250331819394	-0.0918143943307327
0.6400088305861383	-0.0918082373348489
0.6401928744194482	-0.0918020539864590
0.6403771652466819	-0.0917958442041174
0.6405617036346849	-0.0917896079060154
0.6407464901523063	-0.0917833450099738
0.6409315253704547	-0.0917770554334434
0.6411168098620728	-0.0917707390934947
0.6413023442021655	-0.0917643959068435
0.6414881289677991	-0.0917580257898021
0.6416741647381244	-0.0917516286583286
0.6418604520943659	-0.0917452044279811
0.6420469916198575	-0.0917387530139485
0.6422337839000329	-0.0917322743310231
0.6424208295224546	-0.0917257682936210
0.6426081290767862	-0.0917192348157596
0.6427956831548631	-0.0917126738110703
0.6429834923506397	-0.0917060851927859
0.6431715572602467	-0.0916994688737488
0.6433598784819778	-0.0916928247663976
0.6435484566163052	-0.0916861527827754
0.6437372922658955	-0.0916794528345165
0.6439263860356131	-0.0916727248328582
0.6441157385325376	-0.0916659686886220
0.6443053503659717	-0.0916591843122269
0.6444952221474379	-0.0916523716136752
0.6446853544907356	-0.0916455305025600
0.6448757480118869	-0.0916386608880479
0.6450664033291996	-0.0916317626789004
0.6452573210632458	-0.0916248357834475
0.6454485018369105	-0.0916178801095993
0.6456399462753548	-0.0916108955648376
0.6458316550060714	-0.0916038820562214
0.6460236286588558	-0.0915968394903679
0.6462158678658628	-0.0915897677734736
0.6464083732615815	-0.0915826668112913
0.6466011454828609	-0.0915755365091372
0.6467941851689158	-0.0915683767718859
0.6469874929613620	-0.0915611875039717
0.6471810695041825	-0.0915539686093751
0.6473749154437937	-0.0915467199916411
0.6475690314290108	-0.0915394415538479
0.6477634181110955	-0.0915321331986358
0.6479580761437357	-0.0915247948281759
0.6481530061830909	-0.0915174263441874
0.6483482088877793	-0.0915100276479239
0.6485436849189056	-0.0915025986401825
0.6487394349400554	-0.0914951392212788
0.6489354596173373	-0.0914876492910749
0.6491317596193620	-0.0914801287489470
0.6493283356172862	-0.0914725774938074
0.6495251882847944	-0.0914649954240808
0.6497223182981500	-0.0914573824377178
0.6499197263361581	-0.0914497384321778
0.6501174130802375	-0.0914420633044473
0.6503153792143788	-0.0914343569510072
0.6505136254252001	-0.0914266192678568
0.6507121524019299	-0.0914188501504963
0.6509109608364435	-0.0914110494939326
0.6511100514232556	-0.0914032171926617
0.6513094248595624	-0.0913953531406910
0.6515090818452193	-0.0913874572315017
0.6517090230827847	-0.0913795293580849
0.6519092492775167	-0.0913715694129009
0.6521097611374046	-0.0913635772879087
0.6523105593731554	-0.0913555528745362
0.6525116446982362	-0.0913474960637019
0.6527130178288701	-0.0913394067457840
0.6529146794840618	-0.0913312848106499
0.6531166303856040	-0.0913231301476152
0.6533188712581027	-0.0913149426454780
0.6535214028289670	-0.0913067221924875
0.6537242258284666	-0.0912984686763607
0.6539273409896963	-0.0912901819842608
0.6541307490486422	-0.0912818620028124
0.6543344507441461	-0.0912735086180764
0.6545384468179644	-0.0912651217155742
0.6547427380147545	-0.0912567011802588
0.6549473250821052	-0.0912482468965275
0.6551522087705417	-0.0912397587482089
0.6553573898335545	-0.0912312366185676
0.6555628690276013	-0.0912226803902918
0.6557686471121378	-0.0912140899455038
0.6559747248496089	-0.0912054651657321
0.6561811030055008	-0.0911968059319435
0.6563877823483166	-0.0911881121244987
0.6565947636496332	-0.0911793836231848
0.6568020476840801	-0.0911706203071847
0.6570096352293894	-0.0911618220550960
0.6572175270663801	-0.0911529887449016
0.6574257239790076	-0.0911441202540000
0.6576342267543456	-0.0911352164591620
0.6578430361826404	-0.0911262772365625
0.6580521530572947	-0.0911173024617509
0.6582615781749119	-0.0911082920096654
0.6584713123352830	-0.0910992457546129
0.6586813563414442	-0.0910901635702839
0.6588917109996485	-0.0910810453297287
0.6591023771194265	-0.0910718909053705
0.6593133555135711	-0.0910627001689873
0.6595246469981776	-0.0910534729917233
0.6597362523926443	-0.0910442092440621
0.6599481725197109	-0.0910349087958551
0.6601604082054510	-0.0910255715162813
0.6603729602793189	-0.0910161972738772
0.6605858295741381	-0.0910067859364982
0.6607990169261563	-0.0909973373713515
0.6610125231750181	-0.0909878514449548
0.6612263491638386	-0.0909783280231686
0.6614404957391659	-0.0909687669711550
0.6616549637510458	-0.0909591681534086
0.6618697540530133	-0.0909495314337177
0.6620848675021328	-0.0909398566751990
0.6623003049589921	-0.0909301437402488
0.6625160672877507	-0.0909203924905812
0.6627321553561321	-0.0909106027871895
0.6629485700354768	-0.0909007744903671
0.6631653122007188	-0.0908909074596785
0.6633823827304530	-0.0908810015539872
0.6635997825069143	-0.0908710566314105
0.6638175124160350	-0.0908610725493540
0.6640355733474300	-0.0908510491644756
0.6642539661944518	-0.0908409863327053
0.6644726918541749	-0.0908308839092218
0.6646917512274606	-0.0908207417484603
0.6649111452189320	-0.0908105597040959
0.6651308747370400	-0.0908003376290542
0.6653509406940432	-0.0907900753754883
0.6655713440060632	-0.0907797727947939
0.6657920855930861	-0.0907694297375786
0.6660131663790004	-0.0907590460536876
0.6662345872915957	-0.0907486215921699
0.6664563492626194	-0.0907381562012954
0.6666784532277608	-0.0907276497285307
0.6669009001267078	-0.0907171020205548
0.6671236909031446	-0.0907065129232279
0.6673468265047957	-0.0906958822816157
0.6675703078834259	-0.0906852099399548
0.6677941359948949	-0.0906744957416760
0.6680183117991407	-0.0906637395293690
0.6682428362602474	-0.0906529411448046
0.6684677103464283	-0.0906421004289067
0.6686929350300856	-0.0906312172217671
0.6689185112878029	-0.0906202913626179
0.6691444401003988	-0.0906093226898472
0.6693707224529273	-0.0905983110409746
0.6695973593347239	-0.0905872562526649
0.6698243517394040	-0.0905761581607004
0.6700517006649258	-0.0905650165999977
0.6702794071135730	-0.0905538314045753
0.6705074720920188	-0.0905426024075815
0.6707358966113188	-0.0905313294412516
0.6709646816869699	-0.0905200123369350
0.6711938283389031	-0.0905086509250597
0.6714233375915446	-0.0904972450351553
0.6716532104737993	-0.0904857944958149
0.6718834480191297	-0.0904742991347230
0.6721140512655359	-0.0904627587786169
0.6723450212556117	-0.0904511732533092
0.6725763590365579	-0.0904395423836499
0.6728080656602241	-0.0904278659935591
0.6730401421831126	-0.0904161439059760
0.6732725896664407	-0.0904043759428961
0.6735054091761312	-0.0903925619253250
0.6737386017828741	-0.0903807016733065
0.6739721685621259	-0.0903687950058852
0.6742061105941719	-0.0903568417411272
0.6744404289641153	-0.0903448416960857
0.6746751247619514	-0.0903327946868230
0.6749101990825497	-0.0903207005283767
0.6751456530257300	-0.0903085590347735
0.6753814876962545	-0.0902963700190035
0.6756177042038862	-0.0902841332930376
0.6758543036633919	-0.0902718486677872
0.6760912871946094	-0.0902595159531315
0.6763286559224349	-0.0902471349578817
0.6765664109769008	-0.0902347054897954
0.6768045534931569	-0.0902222273555466
0.6770430846115580	-0.0902097003607476
0.6772820054776363	-0.0901971243099066
0.6775213172421910	-0.0901844990064546
0.6777610210612730	-0.0901718242527042
0.6780011180962543	-0.0901590998498762
0.6782416095138321	-0.0901463255980551
0.6784824964860887	-0.0901335012962185
0.6787237801904946	-0.0901206267421947
0.6789654618099813	-0.0901077017326814
0.6792075425329303	-0.0900947260632181
0.6794500235532512	-0.0900816995281961
0.6796929060703772	-0.0900686219208271
0.6799361912893371	-0.0900554930331621
0.6801798804207548	-0.0900423126560537
0.6804239746809161	-0.0900290805791776
0.6806684752917787	-0.0900157965909955
0.6809133834810341	-0.0900024604787713
0.6811587004821122	-0.0899890720285391
0.6814044275342543	-0.0899756310251184
0.6816505658825136	-0.0899621372520788
0.6818971167778296	-0.0899485904917575
0.6821440814770225	-0.0899349905252272
0.6823914612428811	-0.0899213371323077
0.6826392573441511	-0.0899076300915324
0.6828874710556151	-0.0898938691801669
0.6831361036580984	-0.0898800541741737
0.6833851564385466	-0.0898661848482214
0.6836346306900100	-0.0898522609756606
0.6838845277117402	-0.0898382823285323
0.6841348488091906	-0.0898242486775339
0.6843855952940875	-0.0898101597920339
0.6846367684844326	-0.0897960154400411
0.6848883697045866	-0.0897818153882122
0.6851404002852739	-0.0897675594018246
0.6853928615636590	-0.0897532472447848
0.6856457548833467	-0.0897388786795957
0.6858990815944735	-0.0897244534673725
0.6861528430537022	-0.0897099713678040
0.6864070406243086	-0.0896954321391680
0.6866616756761853	-0.0896808355382977
0.6869167495859241	-0.0896661813205930
0.6871722637368222	-0.0896514692399858
0.6874282195189617	-0.0896366990489519
0.6876846183292254	-0.0896218704984818
0.6879414615713711	-0.0896069833380826
0.6881987506560423	-0.0895920373157529
0.6884564870008532	-0.0895770321779905
0.6887146720304000	-0.0895619676697553
0.6889733071763408	-0.0895468435344865
0.6892323938774045	-0.0895316595140615
0.6894919335794841	-0.0895164153488123
0.6897519277356405	-0.0895011107774856
0.6900123778061901	-0.0894857455372602
0.6902732852587163	-0.0894703193637014
0.6905346515681561	-0.0894548319907842
0.6907964782168176	-0.0894392831508448
0.6910587666944595	-0.0894236725746049
0.6913215184983109	-0.0894079999911201
0.6915847351331547	-0.0893922651278058
0.6918484181113471	-0.0893764677103896
0.6921125689529058	-0.0893606074629267
0.6923771891855193	-0.0893446841077582
0.6926422803446514	-0.0893286973655334
0.6929078439735344	-0.0893126469551557
0.6931738816232889	-0.0892965325938062
0.6934403948529145	-0.0892803539968985
0.6937073852293993	-0.0892641108780923
0.6939748543277314	-0.0892478029492531
0.6942428037309943	-0.0892314299204661
0.6945112350303816	-0.0892149914999898
0.6947801498252982	-0.0891984873942758
0.6950495497233715	-0.0891819173079192
0.6953194363405601	-0.0891652809436808
0.6955898113011545	-0.0891485780024337
0.6958606762378989	-0.0891318081831833
0.6961320327919905	-0.0891149711830225
0.6964038826131891	-0.0890980666971439
0.6966762273598380	-0.0890810944187946
0.6969490686989638	-0.0890640540392942
0.6972224083062928	-0.0890469452479797
0.6974962478663639	-0.0890297677322325
0.6977705890725424	-0.0890125211774207
0.6980454336271295	-0.0889952052669193
0.6983207832413777	-0.0889778196820632
0.6985966396356068	-0.0889603641021544
0.6988730045392207	-0.0889428382044256
0.6991498796908131	-0.0889252416640437
0.6994272668382011	-0.0889075741540669
0.6997051677385271	-0.0888898353454567
0.6999835841582808	-0.0888720249070327
0.7002625178734209	-0.0888541425054782
0.7005419706693896	-0.0888361878053004
0.7008219443412355	-0.0888181604688369
0.7011024406936309	-0.0888000601562088
0.7013834615409906	-0.0887818865253333
0.7016650087075014	-0.0887636392318727
0.7019470840272378	-0.0887453179292498
0.7022296893441849	-0.0887269222685926
0.7025128265123628	-0.0887084518987509
0.7027964973958539	-0.0886899064662414
0.7030807038689189	-0.0886712856152664
0.7033654478160370	-0.0886525889876513
0.7036507311320163	-0.0886338162228689
0.7039365557220326	-0.0886149669579773
0.7042229235017468	-0.0885960408276342
0.7045098363973480	-0.0885770374640481
0.7047972963456651	-0.0885579564969834
0.7050853052942114	-0.0885387975537117
0.7053738652013072	-0.0885195602590202
0.7056629780361133	-0.0885002442351577
0.7059526457787665	-0.0884808491018478
0.7062428704204065	-0.0884613744762291
0.7065336539633151	-0.0884418199728717
0.7068249984209480	-0.0884221852037174
0.7071169058180736	-0.0884024697780920
0.7074093781908058	-0.0883826733026469
0.7077024175867425	-0.0883627953813718
0.7079960260650032	-0.0883428356155354
0.7082902056963700	-0.0883227936036976
0.7085849585633298	-0.0883026689416489
0.7088802867602011	-0.0882824612224215
0.7091761923931968	-0.0882621700362304
0.7094726775805483	-0.0882417949704823
0.7097697444525617	-0.0882213356097178
0.7100673951517529	-0.0882007915356167
0.7103656318328986	-0.0881801623269411
0.7106644566631812	-0.0881594475595453
0.7109638718222357	-0.0881386468063070
0.7112638795022970	-0.0881177596371464
0.7115644819082489	-0.0880967856189562
0.7118656812577779	-0.0880757243156113
0.7121674797814234	-0.0880545752879095
0.7124698797227202	-0.0880333380935739
0.7127728833382704	-0.0880120122871940
0.7130764928978823	-0.0879905974202294
0.7133807106846272	-0.0879690930409460
0.7136855389950076	-0.0879474986944259
0.7139909801389982	-0.0879258139224964
0.7142970364402185	-0.0879040382637407
0.7146037102359850	-0.0878821712534307
0.7149110038774720	-0.0878602124235317
0.7152189197297795	-0.0878381613026367
0.7155274601720895	-0.0878160174159690
0.7158366275977356	-0.0877937802853182
0.7161464244143635	-0.0877714494290433
0.7164568530440020	-0.0877490243620005
0.7167679159232300	-0.0877265045955518
0.7170796155032456	-0.0877038896374939
0.7173919542500320	-0.0876811789920600
0.7177049346444414	-0.0876583721598519
0.7180185591823518	-0.0876354686378396
0.7183328303747525	-0.0876124679192931
0.7186477507479194	-0.0875893694937822
0.7189633228434833	-0.0875661728471032
0.7192795492186217	-0.0875428774612841
0.7195964324461230	-0.0875194828145060
0.7199139751145821	-0.0874959883811096
0.7202321798284717	-0.0874723936315141
0.7205510492083321	-0.0874486980322229
0.7208705858908537	-0.0874249010457452
0.7211907925290703	-0.0874010021305966
0.7215116717924350	-0.0873770007412177
0.7218332263670226	-0.0873528963279820
0.7221554589556103	-0.0873286883371088
0.7224783722778821	-0.0873043762106664
0.7228019690705103	-0.0872799593864893
0.7231262520873614	-0.0872554372981799
0.7234512240995882	-0.0872308093750234
0.7237768878958334	-0.0872060750419883
0.7241032462823226	-0.0871812337196413
0.7244303020830802	-0.0871562848241442
0.7247580581400171	-0.0871312277671721
0.7250865173131471	-0.0871060619559060
0.7254156824806953	-0.0870807867929498
0.7257455565392986	-0.0870554016763248
0.7260761424041279	-0.0870299059993824
0.7264074430090942	-0.0870042991507978
0.7267394613069644	-0.0869785805144823
0.7270722002695741	-0.0869527494695782
0.7274056628879583	-0.0869268053903652
0.7277398521725599	-0.0869007476462566
0.7280747711533528	-0.0868745756017056
0.7284104228800760	-0.0868482886161986
0.7287468104223465	-0.0868218860441603
0.7290839368699005	-0.0867953672349441
0.7294218053327118	-0.0867687315327409
0.7297604189412383	-0.0867419782765653
0.7300997808465370	-0.0867151068001600
0.7304398942205217	-0.0866881164319845
0.7307807622560858	-0.0866610064951181
0.7311223881673558	-0.0866337763072463
0.7314647751898198	-0.0866064251805609
0.7318079265805917	-0.0865789524217453
0.7321518456185373	-0.0865513573318782
0.7324965356045463	-0.0865236392064112
0.7328419998616662	-0.0864957973350697
0.7331882417353712	-0.0864678310018379
0.7335352645937078	-0.0864397394848514
0.7338830718275664	-0.0864115220563791
0.7342316668508285	-0.0863831779827166
0.7345810531006520	-0.0863547065241696
0.7349312340376125	-0.0863261069349444
0.7352822131459995	-0.0862973784631231
0.7356339939339671	-0.0862685203505578
0.7359865799338278	-0.0862395318328479
0.7363399747022112	-0.0862104121392257
0.7366941818203644	-0.0861811604925311
0.7370492048943186	-0.0861517761091037
0.7374050475551853	-0.0861222581987487
0.7377617134593428	-0.0860926059646263
0.7381192062887295	-0.0860628186032218
0.7384775297510325	-0.0860328953042289
0.7388366875800014	-0.0860028352505169
0.7391966835356240	-0.0859726376180145
0.7395575214044611	-0.0859423015756742
0.7399192049998250	-0.0859118262853534
0.7402817381621130	-0.0858812109017763
0.7406451247590041	-0.0858504545724153
0.7410093686857901	-0.0858195564374479
0.7413744738655836	-0.0857885156296360
0.7417404442496554	-0.0857573312742849
0.7421072838176441	-0.0857260024891129
0.7424749965779081	-0.0856945283842136
0.7428435865677382	-0.0856629080619210
0.7432130578537163	-0.0856311406167719
0.7435834145319390	-0.0855992251353645
0.7439546607283777	-0.0855671606963189
0.7443268005991153	-0.0855349463701383
0.7446998383307126	-0.0855025812191596
0.7450737781404507	-0.0854700642974188
0.7454486242766967	-0.0854373946505872
0.7458243810191804	-0.0854045713158534
0.7462010526793532	-0.0853715933218464
0.7465786436006485	-0.0853384596885015
0.7469571581588900	-0.0853051694270023
0.7473366007625420	-0.0852717215396331
0.7477169758531197	-0.0852381150197190
0.7480982879054572	-0.0852043488514756
0.7484805414281298	-0.0851704220099466
0.7488637409637242	-0.0851363334608480
0.7492478910892670	-0.0851020821605064
0.7496329964165143	-0.0850676670556972
0.7500190615923854	-0.0850330870835795
0.7504060912992579	-0.0849983411715320
0.7507940902554175	-0.0849634282370845
0.7511830632153601	-0.0849283471877506
0.7515730149702494	-0.0848930969209547
0.7519639503482352	-0.0848576763238580
0.7523558742149159	-0.0848220842732904
0.7527487914736767	-0.0847863196355700
0.7531427070661381	-0.0847503812664114
0.7535376259725421	-0.0847142680107777
0.7539335532121971	-0.0846779787027686
0.7543304938438503	-0.0846415121654491
0.7547284529661666	-0.0846048672107486
0.7551274357181365	-0.0845680426393078
0.7555274472795201	-0.0845310372403362
0.7559284928712906	-0.0844938497914707
0.7563305777561095	-0.0844564790586445
0.7567337072387362	-0.0844189237959070
0.7571378866665442	-0.0843811827453085
0.7575431214299603	-0.0843432546367255
0.7579494169629752	-0.0843051381877288
0.7583567787435803	-0.0842668321033928
0.7587652122943065	-0.0842283350761687
0.7591747231826990	-0.0841896457857040
0.7595853170218337	-0.0841507628986873
0.7599969994708203	-0.0841116850686712
0.7604097762353481	-0.0840724109359218
0.7608236530681741	-0.0840329391272134
0.7612386357696972	-0.0839932682556861
0.7616547301884814	-0.0839533969206462
0.7620719422218339	-0.0839133237074058
0.7624902778163194	-0.0838730471870670
0.7629097429683763	-0.0838325659163647
0.7633303437248680	-0.0837918784374628
0.7637520861836765	-0.0837509832777621
0.7641749764942969	-0.0837098789497049
0.7645990208584379	-0.0836685639505739
0.7650242255306385	-0.0836270367622908
0.7654505968188878	-0.0835852958512075
0.7658781410852497	-0.0835433396678939
0.7663068647465318	-0.0835011666469419
0.7667367742748847	-0.0834587752067117
0.7671678761985123	-0.0834161637491483
0.7676001771023185	-0.0833733306595369
0.7680336836285899	-0.0833302743062789
0.7684684024776930	-0.0832869930406593
0.7689043404087713	-0.0832434851966096
0.7693415042404604	-0.0831997490904696
0.7697799008516136	-0.0831557830207394
0.7702195371820340	-0.0831115852678324
0.7706604202332253	-0.0830671540938220
0.7711025570691489	-0.0830224877421823
0.7715459548169945	-0.0829775844375284
0.7719906206679653	-0.0829324423853466
0.7724365618780702	-0.0828870597717248
0.7728837857689350	-0.0828414347630745
0.7733322997286232	-0.0827955655058525
0.7737821112124701	-0.0827494501262693
0.7742332277439301	-0.0827030867300016
0.7746856569154398	-0.0826564734018947
0.7751394063892937	-0.0826096082056591
0.7755944838985331	-0.0825624891835643
0.7760508972478524	-0.0825151143561238
0.7765086543145174	-0.0824674817217785
0.7769677630492992	-0.0824195892565684
0.7774282314774290	-0.0823714349138052
0.7778900676995584	-0.0823230166237329
0.7783532798927432	-0.0822743322931854
0.7788178763114463	-0.0822253798052374
0.7792838652885472	-0.0821761570188472
0.7797512552363787	-0.0821266617684951
0.7802200546477746	-0.0820768918638117
0.7806902720971390	-0.0820268450892031
0.7811619162415331	-0.0819765192034665
0.7816349958217772	-0.0819259119393987
0.7821095196635782	-0.0818750210033966
0.7825854966786704	-0.0818238440750535
0.7830629358659795	-0.0817723788067429
0.7835418463128067	-0.0817206228231961
0.7840222371960289	-0.0816685737210728
0.7845041177833316	-0.0816162290685229
0.7849874974344466	-0.0815635864047371
0.7854723856024277	-0.0815106432394929
0.7859587918349377	-0.0814573970526872
0.7864467257755668	-0.0814038452938644
0.7869361971651659	-0.0813499853817312
0.7874272158432128	-0.0812958147036626
0.7879197917491940	-0.0812413306151991
0.7884139349240229	-0.0811865304395341
0.7889096555114699	-0.0811314114669881
0.7894069637596313	-0.0810759709544754
0.7899058700224169	-0.0810202061249587
0.7904063847610689	-0.0809641141668912
0.7909085185457083	-0.0809076922336499
0.7914122820569078	-0.0808509374429551
0.7919176860872981	-0.0807938468762786
0.7924247415431986	-0.0807364175782400
0.7929334594462863	-0.0806786465559885
0.7934438509352889	-0.0806205307785744
0.7939559272677139	-0.0805620671763063
0.7944696998216101	-0.0805032526400922
0.7949851800973642	-0.0804440840207734
0.7955023797195261	-0.0803845581284326
0.7960213104386773	-0.0803246717317014
0.7965419841333307	-0.0802644215570410
0.7970644128118668	-0.0802038042880119
0.7975886086145144	-0.0801428165645323
0.7981145838153576	-0.0800814549821092
0.7986423508243959	-0.0800197160910637
0.7991719221896373	-0.0799575963957342
0.7997033105992339	-0.0798950923536602
0.8002365288836633	-0.0798322003747539
0.8007715900179492	-0.0797689168204444
0.8013085071239319	-0.0797052380028132
0.8018472934725799	-0.0796411601837017
0.8023879624863517	-0.0795766795738031
0.8029305277416048	-0.0795117923317307
0.8034750029710542	-0.0794464945630687
0.8040214020662834	-0.0793807823193966
0.8045697390803019	-0.0793146515972947
0.8051200282301653	-0.0792480983373258
0.8056722838996385	-0.0791811184229913
0.8062265206419286	-0.0791137076796646
0.8067827531824596	-0.0790458618734988
0.8073409964217234	-0.0789775767103113
0.8079012654381746	-0.0789088478344344
0.8084635754912025	-0.0788396708275488
0.8090279420241536	-0.0787700412074802
0.8095943806674306	-0.0786999544269724
0.8101629072416532	-0.0786294058724284
0.8107335377608879	-0.0785583908626201
0.8113062884359492	-0.0784869046473704
0.8118811756777761	-0.0784149424061970
0.8124582161008799	-0.0783424992469269
0.8130374265268731	-0.0782695702042776
0.8136188239880705	-0.0781961502383973
0.8142024257311801	-0.0781222342333737
0.8147882492210695	-0.0780478169957041
0.8153763121446258	-0.0779728932527247
0.8159666324146932	-0.0778974576510009
0.8165592281741161	-0.0778215047546786
0.8171541177998580	-0.0777450290437892
0.8177513199072319	-0.0776680249125132
0.8183508533542195	-0.0775904866673994
0.8189527372458948	-0.0775124085255347
0.8195569909389535	-0.0774337846126668
0.8201636340463484	-0.0773546089612797
0.8207726864420344	-0.0772748755086144
0.8213841682658294	-0.0771945780946388
0.8219980999283922	-0.0771137104599625
0.8226145021163184	-0.0770322662436959
0.8232333957973639	-0.0769502389812494
0.8238548022257948	-0.0768676221020744
0.8244787429478692	-0.0767844089273407
0.8251052398074560	-0.0767005926675508
0.8257343149517918	-0.0766161664200877
0.8263659908373838	-0.0765311231666921
0.8270002902360606	-0.0764454557708723
0.8276372362411771	-0.0763591569752374
0.8282768522739798	-0.0762722193987578
0.8289191620901273	-0.0761846355339434
0.8295641897863912	-0.0760963977439446
0.8302119598075202	-0.0760074982595662
0.8308624969532897	-0.0759179291761952
0.8315158263857350	-0.0758276824506411
0.8321719736365734	-0.0757367498978779
0.8328309646148285	-0.0756451231876941
0.8334928256146518	-0.0755527938412403
0.8341575833233614	-0.0754597532274731
0.8348252648296957	-0.0753659925594926
0.8354958976322872	-0.0752715028907684
0.8361695096483801	-0.0751762751112482
0.8368461292227741	-0.0750802999433487
0.8375257851370314	-0.0749835679378208
0.8382085066189237	-0.0748860694694866
0.8388943233521647	-0.0747877947328434
0.8395832654863995	-0.0746887337375252
0.8402753636474912	-0.0745888763036230
0.8409706489480959	-0.0744882120568550
0.8416691529985453	-0.0743867304235794
0.8423709079180456	-0.0742844206256473
0.8430759463462021	-0.0741812716750841
0.8437843014548840	-0.0740772723686007
0.8444960069604395	-0.0739724112819177
0.8452110971362822	-0.0738666767639045
0.8459296068258420	-0.0737600569305181
0.8466515714559220	-0.0736525396585397
0.8473770270504547	-0.0735441125790960
0.8481060102446791	-0.0734347630709580
0.8488385582997602	-0.0733244782536105
0.8495747091178609	-0.0732132449800770
0.8503145012576856	-0.0731010498294958
0.8510579739505156	-0.0729878790994324
0.8518051671167540	-0.0728737187979190
0.8525561213829982	-0.0727585546352081
0.8533108780996657	-0.0726423720152283
0.8540694793591932	-0.0725251560267291
0.8548319680148285	-0.0724068914341025
0.8555983877000417	-0.0722875626678608
0.8563687828485884	-0.0721671538147672
0.8571431987152361	-0.0720456486075883
0.8579216813971942	-0.0719230304144640
0.8587042778562753	-0.0717992822278705
0.8594910359418103	-0.0716743866531579
0.8602820044143599	-0.0715483258966455
0.8610772329702504	-0.0714210817532518
0.8618767722669711	-0.0712926355936350
0.8626806739494696	-0.0711629683508266
0.8634889906773866	-0.0710320605063264
0.8643017761532682	-0.0708998920756377
0.8651190851518066	-0.0707664425932124
0.8659409735501443	-0.0706316910967793
0.8667674983593010	-0.0704956161110211
0.8675987177567669	-0.0703581956305695
0.8684346911203182	-0.0702194071022850
0.8692754790631202	-0.0700792274067813
0.8701211434701577	-0.0699376328391550
0.8709717475360799	-0.0697945990888852
0.8718273558045144	-0.0696501012188501
0.8726880342089169	-0.0695041136434199
0.8735538501150432	-0.0693566101055729
0.8744248723651203	-0.0692075636529859
0.8753011713237839	-0.0690569466130355
0.8761828189259059	-0.0689047305666563
0.8770698887263667	-0.0687508863209903
0.8779624559519046	-0.0685953838807577
0.8788605975551307	-0.0684381924182750
0.8797643922708210	-0.0682792802420510
0.8806739206746296	-0.0681186147638610
0.8815892652443125	-0.0679561624642296
0.8825105104236273	-0.0677918888562104
0.8834377426890477	-0.0676257584473734
0.8843710506194352	-0.0674577346998797
0.8853105249688396	-0.0672877799885347
0.8862562587426098	-0.0671158555566928
0.8872083472769864	-0.0669419214698723
0.8881668883223851	-0.0667659365669447
0.8891319821305833	-0.0665878584087367
0.8901037315460348	-0.0664076432238772
0.8910822421015557	-0.0662252458517111
0.8920676221186428	-0.0660406196820832
0.8930599828127052	-0.0658537165917834
0.8940594384035082	-0.0656644868774237
0.8950661062311468	-0.0654728791845034
0.8960801068779057	-0.0652788404323969
0.8971015642963577	-0.0650823157349756
0.8981306059441228	-0.0648832483165547
0.8991673629257012	-0.0646815794228194
0.9002119701418482	-0.0644772482263761
0.9012645664469984	-0.0642701917265124
0.9023252948152698	-0.0640603446427505
0.9033943025156368	-0.0638476393016992
0.9044717412969081	-0.0636320055167071
0.9055577675831779	-0.0634133704597389
0.9066525426805166	-0.0631916585248651
0.9077562329956795	-0.0629667911826868
0.9088690102677338	-0.0627386868249563
0.9099910518135310	-0.0625072605985798
0.9111225407880831	-0.0622724242281100
0.9122636664609521	-0.0620340858257458
0.9134146245098995	-0.0617921496877571
0.9145756173331347	-0.0615465160761376
0.9157468543816397	-0.0612970809841674
0.9169285525131807	-0.0610437358844189
0.9181209363697871	-0.0607863674575950
0.9193242387806286	-0.0605248573003831
0.9205387011924432	-0.0602590816103465
0.9217645741298749	-0.0599889108455938
0.9230021176883169	-0.0597142093567645
0.9242516020621336	-0.0594348349885237
0.9255133081114622	-0.0591506386474630
0.9267875279711060	-0.0588614638328855
0.9280745657054450	-0.0585671461265569
0.9293747380137349	-0.0582675126369537
0.9306883749906409	-0.0579623813930146
0.9320158209474508	-0.0576515606816792
0.9333574353000402	-0.0573348483227901
0.9347135935303887	-0.0570120308739796
0.9360846882293266	-0.0566828827571931
0.9374711302291046	-0.0563471652972199
0.9388733498355359	-0.0560046256612748
0.9402917981706896	-0.0556549956869186
0.9417269486386307	-0.0552979905837617
0.9431792985283880	-0.0549333074919795
0.9446493707702760	-0.0545606238780409
0.9461377158640980	-0.0541795957446897
0.9476449140003461	-0.0537898556284266
0.9491715773987492	-0.0533910103529620
0.9507183528921989	-0.0529826385015764
0.9522859247884899	-0.0525642875643656
0.9538750180474947	-0.0521354707081576
0.9554864018175702	-0.0516956631065358
0.9571208933823607	-0.0512442977550094
0.9587793625780039	-0.0507807606806265
0.9604627367513302	-0.0503043854361409
0.9621720063425094	-0.0498144467442812
0.9639082311911114	-0.0493101531271617
0.9656725476834891	-0.0487906383165063
0.9674661768825639	-0.0482549511903155
0.9692904338094935	-0.0477020439164811
0.9711467380817500	-0.0471307578990355
0.9730366261554989	-0.0465398070107139
0.9749617654738794	-0.0459277574463413
0.9769239708896806	-0.0452930033303849
0.9789252238139152	-0.0446337369375329
0.9809676946448793	-0.0439479120055826
0.9830537691592585	-0.0432331980871921
0.9851860797011233	-0.0424869231276257
0.9873675421869151	-0.0417060003537554
0.9896014001478007	-0.0408868339298595
0.9918912772290628	-0.0400251953733935
0.9942412396882884	-0.0391160589139022
0.9966558703025591	-0.0381533779243112
0.9991403542796045	-0.0371297746420558
1.0017005752230168	-0.0360360986106079
1.0043432123176670	-0.0348607797260936
1.0070758118828567	-0.0335888474444501
1.0099067584804411	-0.0322003827335362
1.0128449364279886	-0.0306679551870931
1.0158984635164234	-0.0289521366326516
1.0190704723426813	-0.0269931644273524
1.0223441893899137	-0.0246949732293824
1.0256214481912185	-0.0219040141953888
