0.5826438030332974	-0.2812981134351027
0.5827152776590048	-0.2812951930571373
0.5827868728802489	-0.2812922302593167
0.5828585888209984	-0.2812892249943597
0.5829304256061837	-0.2812861772147071
0.5830023833608943	-0.2812830868725731
0.5830744622106865	-0.2812799539198731
0.5831466622816389	-0.2812767783079224
0.5832189836999507	-0.2812735599881516
0.5832914265925040	-0.2812702989113273
0.5833639910863797	-0.2812669950281536
0.5834366773092280	-0.2812636482887702
0.5835094853889732	-0.2812602586433033
0.5835824154540570	-0.2812568260412174
0.5836554676332006	-0.2812533504318635
0.5837286420556136	-0.2812498317642733
0.5838019388508636	-0.2812462699871637
0.5838753581490136	-0.2812426650489969
0.5839489000806470	-0.2812390168971183
0.5840225647763947	-0.2812353254800639
0.5840963523676478	-0.2812315907448322
0.5841702629859705	-0.2812278126385829
0.5842442967636027	-0.2812239911079627
0.5843184538329511	-0.2812201260994167
0.5843927343269066	-0.2812162175589620
0.5844671383790770	-0.2812122654324438
0.5845416661228856	-0.2812082696653366
0.5846163176928693	-0.2812042302023290
0.5846910932234857	-0.2812001469885135
0.5847659928497186	-0.2811960199683456
0.5848410167072802	-0.2811918490859344
0.5849161649316919	-0.2811876342846288
0.5849914376596895	-0.2811833755082322
0.5850668350277961	-0.2811790726996343
0.5851423571733166	-0.2811747258017263
0.5852180042338976	-0.2811703347567924
0.5852937763475315	-0.2811658995069507
0.5853696736528380	-0.2811614199939975
0.5854456962885797	-0.2811568961592159
0.5855218443942346	-0.2811523279435389
0.5855981181098218	-0.2811477152879247
0.5856745175752475	-0.2811430581325801
0.5857510429312192	-0.2811383564175421
0.5858276943193897	-0.2811336100824283
0.5859044718808105	-0.2811288190665837
0.5859813757576771	-0.2811239833089613
0.5860584060926998	-0.2811191027485462
0.5861355630283211	-0.2811141773226857
0.5862128467082776	-0.2811092069702090
0.5862902572763732	-0.2811041916282979
0.5863677948768601	-0.2810991312342175
0.5864454596544779	-0.2810940257247567
0.5865232517544351	-0.2810888750366145
0.5866011713223538	-0.2810836791058019
0.5866792185043712	-0.2810784378680534
0.5867573934470629	-0.2810731512589273
0.5868356962974444	-0.2810678192134760
0.5869141272030240	-0.2810624416662449
0.5869926863117630	-0.2810570185517753
0.5870713737720283	-0.2810515498040359
0.5871501897328022	-0.2810460353565816
0.5872291343433880	-0.2810404751427082
0.5873082077535289	-0.2810348690952064
0.5873874101138458	-0.2810292171467891
0.5874667415746913	-0.2810235192294099
0.5875462022874053	-0.2810177752750911
0.5876257924040946	-0.2810119852148851
0.5877055120765973	-0.2810061489801223
0.5877853614575728	-0.2810002665014747
0.5878653407002399	-0.2809943377091212
0.5879454499583061	-0.2809883625329719
0.5880256893857732	-0.2809823409026072
0.5881060591373619	-0.2809762727473922
0.5881865593680227	-0.2809701579956377
0.5882671902334470	-0.2809639965760593
0.5883479518896222	-0.2809577884167802
0.5884288444932390	-0.2809515334452564
0.5885098682010211	-0.2809452315886655
0.5885910231708127	-0.2809388827741479
0.5886723095606298	-0.2809324869279632
0.5887537275287137	-0.2809260439762175
0.5888352772343649	-0.2809195538446935
0.5889169588370853	-0.2809130164587183
0.5889987724967821	-0.2809064317431257
0.5890807183740969	-0.2808997996224854
0.5891627966299139	-0.2808931200210074
0.5892450074258954	-0.2808863928622244
0.5893273509240634	-0.2808796180696272
0.5894098272868412	-0.2808727955662054
0.5894924366775008	-0.2808659252743398
0.5895751792593874	-0.2808590071164174
0.5896580551967945	-0.2808520410137732
0.5897410646542033	-0.2808450268880875
0.5898242077966869	-0.2808379646601184
0.5899074847900275	-0.2808308542504943
0.5899908958002191	-0.2808236955792908
0.5900744409940475	-0.2808164885662171
0.5901581205387214	-0.2808092331304086
0.5902419346018264	-0.2808019291909191
0.5903258833517145	-0.2807945766661247
0.5904099669571367	-0.2807871754741893
0.5904941855875174	-0.2807797255325982
0.5905785394125508	-0.2807722267586517
0.5906630286026050	-0.2807646790691672
0.5907476533286791	-0.2807570823804242
0.5908324137621350	-0.2807494366084719
0.5909173100750077	-0.2807417416688250
0.5910023424398388	-0.2807339974762630
0.5910875110295833	-0.2807262039459065
0.5911728160179901	-0.2807183609917763
0.5912582575790759	-0.2807104685277000
0.5913438358876622	-0.2807025264671260
0.5914295511188860	-0.2806945347228705
0.5915154034486589	-0.2806864932075278
0.5916013930532668	-0.2806784018331947
0.5916875201096157	-0.2806702605115365
0.5917737847951599	-0.2806620691535496
0.5918601872880289	-0.2806538276701213
0.5919467277666394	-0.2806455359716223
0.5920334064102322	-0.2806371939678427
0.5921202233984414	-0.2806288015681142
0.5922071789116111	-0.2806203586815912
0.5922942731305813	-0.2806118652165986
0.5923815062367082	-0.2806033210813613
0.5924688784119978	-0.2805947261834606
0.5925563898389410	-0.2805860804299180
0.5926440407007580	-0.2805773837276462
0.5927318311810886	-0.2805686359827336
0.5928197614642308	-0.2805598371009903
0.5929078317350146	-0.2805509869877870
0.5929960421789057	-0.2805420855479285
0.5930843929819554	-0.2805331326858673
0.5931728843307119	-0.2805241283054785
0.5932615164124272	-0.2805150723102173
0.5933502894149227	-0.2805059646030678
0.5934392035264908	-0.2804968050864939
0.5935282589361007	-0.2804875936627663
0.5936174558334841	-0.2804783302331362
0.5937067944086062	-0.2804690146989089
0.5937962748524057	-0.2804596469605091
0.5938858973561836	-0.2804502269182740
0.5939756621118649	-0.2804407544716429
0.5940655693121289	-0.2804312295198517
0.5941556191500836	-0.2804216519615345
0.5942458118195983	-0.2804120216948817
0.5943361475150409	-0.2804023386176815
0.5944266264314751	-0.2803926026269224
0.5945172487644610	-0.2803828136194148
0.5946080147104287	-0.2803729714913915
0.5946989244660652	-0.2803630761385243
0.5947899782289953	-0.2803531274559058
0.5948811761973588	-0.2803431253383497
0.5949725185698267	-0.2803330696800181
0.5950640055458798	-0.2803229603745301
0.5951556373254481	-0.2803127973152587
0.5952474141092299	-0.2803025803945626
0.5953393360985685	-0.2802923095047347
0.5954314034952618	-0.2802819845374851
0.5955236165020555	-0.2802716053838417
0.5956159753219588	-0.2802611719344207
0.5957084801589705	-0.2802506840792898
0.5958011312174996	-0.2802401417079680
0.5958939287027505	-0.2802295447095286
0.5959868728205068	-0.2802188929724430
0.5960799637772296	-0.2802081863847428
0.5961732017800638	-0.2801974248337031
0.5962665870366686	-0.2801866082063683
0.5963601197555531	-0.2801757363890424
0.5964538001457464	-0.2801648092674657
0.5965476284171827	-0.2801538267270318
0.5966416047799938	-0.2801427886525039
0.5967357294455089	-0.2801316949279138
0.5968300026254389	-0.2801205454369867
0.5969244245321612	-0.2801093400628864
0.5970189953788261	-0.2800980786880463
0.5971137153792394	-0.2800867611945053
0.5972085847478854	-0.2800753874636361
0.5973036036999313	-0.2800639573763573
0.5973987724511625	-0.2800524708129611
0.5974940912181914	-0.2800409276531605
0.5975895602181638	-0.2800293277760865
0.5976851796690837	-0.2800176710604413
0.5977809497895534	-0.2800059573841983
0.5978768707988714	-0.2799941866248171
0.5979729429169576	-0.2799823586591709
0.5980691663647746	-0.2799704733634616
0.5981655413634452	-0.2799585306136557
0.5982620681353876	-0.2799465302846876
0.5983587469032856	-0.2799344722511123
0.5984555778907732	-0.2799223563869395
0.5985525613220495	-0.2799101825654806
0.5986496974222114	-0.2798979506594949
0.5987469864168713	-0.2798856605413040
0.5988444285325509	-0.2798733120823495
0.5989420239963974	-0.2798609051535950
0.5990397730363313	-0.2798484396254056
0.5991376758809623	-0.2798359153676749
0.5992357327596186	-0.2798233322493301
0.5993339439024687	-0.2798106901389663
0.5994323095403219	-0.2797979889046175
0.5995308299047202	-0.2797852284135643
0.5996295052281932	-0.2797724085323328
0.5997283357435188	-0.2797595291271454
0.5998273216847916	-0.2797465900633329
0.5999264632864783	-0.2797335912057571
0.6000257607838883	-0.2797205324184633
0.6001252144132243	-0.2797074135650796
0.6002248244112731	-0.2796942345085273
0.6003245910156966	-0.2796809951109625
0.6004245144648396	-0.2796676952340956
0.6005245949979838	-0.2796543347387606
0.6006248328549223	-0.2796409134853688
0.6007252282764912	-0.2796274313335527
0.6008257815041138	-0.2796138881423337
0.6009264927801274	-0.2796002837699872
0.6010273623475482	-0.2795866180741932
0.6011283904502158	-0.2795728909121106
0.6012295773328198	-0.2795591021398861
0.6013309232408025	-0.2795452516133565
0.6014324284203532	-0.2795313391874479
0.6015340931185216	-0.2795173647165178
0.6016359175830958	-0.2795033280542032
0.6017379020628412	-0.2794892290534750
0.6018400468070497	-0.2794750675665982
0.6019423520660568	-0.2794608434451673
0.6020448180910033	-0.2794465565400915
0.6021474451336845	-0.2794322067015615
0.6022502334468870	-0.2794177937791044
0.6023531832841056	-0.2794033176214131
0.6024562948996764	-0.2793887780767212
0.6025595685488896	-0.2793741749923322
0.6026630044877184	-0.2793595082149102
0.6027666029730252	-0.2793447775904777
0.6028703642625008	-0.2793299829642290
0.6029742886147885	-0.2793151241806379
0.6030783762891786	-0.2793002010835545
0.6031826275459472	-0.2792852135160145
0.6032870426462317	-0.2792701613203243
0.6033916218519448	-0.2792550443381369
0.6034963654259337	-0.2792398624101792
0.6036012736318749	-0.2792246153766956
0.6037063467342800	-0.2792093030769839
0.6038115849986035	-0.2791939253495935
0.6039169886910773	-0.2791784820325131
0.6040225580788813	-0.2791629729627045
0.6041282934300808	-0.2791473979765981
0.6042341950136015	-0.2791317569097835
0.6043402630992375	-0.2791160495969160
0.6044464979576882	-0.2791002758721269
0.6045528998605704	-0.2790844355686852
0.6046594690803251	-0.2790685285190758
0.6047662058903643	-0.2790525545549022
0.6048731105649691	-0.2790365135071320
0.6049801833794035	-0.2790204052058883
0.6050874246097058	-0.2790042294804687
0.6051948345329278	-0.2789879861593072
0.6053024134270180	-0.2789716750702579
0.6054101615708344	-0.2789552960400807
0.6055180792441768	-0.2789388488949801
0.6056261667277284	-0.2789223334602793
0.6057344243032091	-0.2789057495602830
0.6058428522531309	-0.2788890970186703
0.6059514508610696	-0.2788723756583826
0.6060602204114858	-0.2788555853012263
0.6061691611898158	-0.2788387257684029
0.6062782734823918	-0.2788217968802886
0.6063875575765167	-0.2788047984562611
0.6064970137605492	-0.2787877303150422
0.6066066423236355	-0.2787705922742329
0.6067164435560478	-0.2787533841508327
0.6068264177489884	-0.2787361057608395
0.6069365651945601	-0.2787187569195150
0.6070468861859591	-0.2787013374410486
0.6071573810172441	-0.2786838471389388
0.6072680499835161	-0.2786662858257501
0.6073788933808724	-0.2786486533131601
0.6074899115063757	-0.2786309494119039
0.6076011046581606	-0.2786131739318752
0.6077124731352437	-0.2785953266820926
0.6078240172377535	-0.2785774074707045
0.6079357372668290	-0.2785594161048202
0.6080476335244860	-0.2785413523907557
0.6081597063139427	-0.2785232161338525
0.6082719559392605	-0.2785050071385349
0.6083843827056880	-0.2784867252084552
0.6084969869194413	-0.2784683701460591
0.6086097688876697	-0.2784499417530578
0.6087227289187371	-0.2784314398301478
0.6088358673219714	-0.2784128641771252
0.6089491844077050	-0.2783942145928300
0.6090626804873721	-0.2783754908751230
0.6091763558734300	-0.2783566928209060
0.6092902108795023	-0.2783378202261314
0.6094042458200711	-0.2783188728858148
0.6095184610109360	-0.2782998505939276
0.6096328567687074	-0.2782807531435080
0.6097474334113333	-0.2782615803265948
0.6098621912576477	-0.2782423319342793
0.6099771306276756	-0.2782230077565759
0.6100922518424916	-0.2782036075826174
0.6102075552242301	-0.2781841312004041
0.6103230410962597	-0.2781645783970155
0.6104387097828812	-0.2781449489584674
0.6105545616096842	-0.2781252426697500
0.6106705969031703	-0.2781054593149278
0.6107868159911536	-0.2780855986768763
0.6109032192024096	-0.2780656605375257
0.6110198068669771	-0.2780456446778554
0.6111365793159286	-0.2780255508775986
0.6112535368815506	-0.2780053789154637
0.6113706798971922	-0.2779851285692951
0.6114880086974684	-0.2779647996156610
0.6116055236179694	-0.2779443918302061
0.6117232249956314	-0.2779239049873584
0.6118411131683974	-0.2779033388605733
0.6119591884754537	-0.2778826932221502
0.6120774512572225	-0.2778619678433569
0.6121959018550867	-0.2778411624943476
0.6123145406119069	-0.2778202769440646
0.6124333678714936	-0.2777993109605287
0.6125523839789527	-0.2777782643104632
0.6126715892804901	-0.2777571367596059
0.6127909841236862	-0.2777359280724456
0.6129105688572163	-0.2777146380123576
0.6130303438309216	-0.2776932663416918
0.6131503093959961	-0.2776718128215067
0.6132704659047407	-0.2776502772117524
0.6133908137106906	-0.2776286592712560
0.6135113531687366	-0.2776069587575963
0.6136320846348620	-0.2775851754272486
0.6137530084663162	-0.2775633090354802
0.6138741250217200	-0.2775413593363961
0.6139954346607723	-0.2775193260828410
0.6141169377445659	-0.2774972090265216
0.6142386346354629	-0.2774750079179369
0.6143605256968973	-0.2774527225062621
0.6144826112938712	-0.2774303525396347
0.6146048917924776	-0.2774078977647901
0.6147273675601417	-0.2773853579273630
0.6148500389656295	-0.2773627327715915
0.6149729063788386	-0.2773400220406592
0.6150959701712326	-0.2773172254763318
0.6152192307153037	-0.2772943428192363
0.6153426883851651	-0.2772713738086257
0.6154663435559510	-0.2772483181824391
0.6155901966043564	-0.2772251756774913
0.6157142479082663	-0.2772019460291608
0.6158384978469230	-0.2771786289717034
0.6159629468010190	-0.2771552242377722
0.6160875951524574	-0.2771317315589940
0.6162124432845477	-0.2771081506655462
0.6163374915820763	-0.2770844812862292
0.6164627404309905	-0.2770607231486298
0.6165881902187851	-0.2770368759788933
0.6167138413342147	-0.2770129395018422
0.6168396941675384	-0.2769889134409170
0.6169657491103252	-0.2769647975182690
0.6170920065555390	-0.2769405914545059
0.6172184668976344	-0.2769162949691030
0.6173451305323211	-0.2768919077798379
0.6174719978569242	-0.2768674296034362
0.6175990692700739	-0.2768428601548313
0.6177263451718173	-0.2768181991478058
0.6178538259637524	-0.2767934462946908
0.6179815120487345	-0.2767686013062660
0.6181094038312452	-0.2767436638919875
0.6182375017171725	-0.2767186337598208
0.6183658061138081	-0.2766935106162050
0.6184943174299510	-0.2766682941662241
0.6186230360759605	-0.2766429841133064
0.6187519624635323	-0.2766175801596676
0.6188810970059077	-0.2765920820058193
0.6190104401179181	-0.2765664893508118
0.6191399922157580	-0.2765408018922535
0.6192697537172237	-0.2765150193261115
0.6193997250416116	-0.2764891413469177
0.6195299066097019	-0.2764631676475924
0.6196602988439028	-0.2764370979196150
0.6197909021679919	-0.2764109318527728
0.6199217170074370	-0.2763846691354515
0.6200527437892633	-0.2763583094542326
0.6201839829419840	-0.2763318524944159
0.6203154348956855	-0.2763052979393245
0.6204471000820858	-0.2762786454710122
0.6205789789344461	-0.2762518947697489
0.6207110718875750	-0.2762250455142382
0.6208433793779172	-0.2761980973815300
0.6209759018435288	-0.2761710500469873
0.6211086397241616	-0.2761439031843622
0.6212415934609732	-0.2761166564657846
0.6213747634969675	-0.2760893095616080
0.6215081502766184	-0.2760618621406123
0.6216417542461657	-0.2760343138697227
0.6217755758533351	-0.2760066644143642
0.6219096155477415	-0.2759789134380789
0.6220438737804540	-0.2759510606027812
0.6221783510043066	-0.2759231055685715
0.6223130476738169	-0.2758950479938422
0.6224479642451606	-0.2758668875351704
0.6225831011762691	-0.2758386238475454
0.6227184589266793	-0.2758102565839804
0.6228540379577258	-0.2757817853956732
0.6229898387324089	-0.2757532099322214
0.6231258617155097	-0.2757245298411997
0.6232621073734610	-0.2756957447685206
0.6233985761745490	-0.2756668543581555
0.6235352685887489	-0.2756378582521866
0.6236721850878080	-0.2756087560910079
0.6238093261451214	-0.2755795475129635
0.6239466922361732	-0.2755502321546189
0.6240842838379146	-0.2755208096505758
0.6242221014293148	-0.2754912796336193
0.6243601454909264	-0.2754616417344595
0.6244984165053202	-0.2754318955820408
0.6246369149567645	-0.2754020408032850
0.6247756413314838	-0.2753720770231210
0.6249145961173421	-0.2753420038645550
0.6250537798042046	-0.2753118209486306
0.6251931928837346	-0.2752815278943707
0.6253328358495636	-0.2752511243187353
0.6254727091969852	-0.2752206098367685
0.6256128134234302	-0.2751899840614112
0.6257531490279965	-0.2751592466035228
0.6258937165118099	-0.2751283970720076
0.6260345163778523	-0.2750974350736427
0.6261755491311087	-0.2750663602130998
0.6263168152783598	-0.2750351720929601
0.6264583153284603	-0.2750038703137208
0.6266000497921023	-0.2749724544736681
0.6267420191820465	-0.2749409241691066
0.6268842240128842	-0.2749092789939401
0.6270266648013564	-0.2748775185401445
0.6271693420659289	-0.2748456423974217
0.6273122563274390	-0.2748136501531519
0.6274554081083312	-0.2747815413927476
0.6275987979333880	-0.2747493156991659
0.6277424263291934	-0.2747169726533249
0.6278862938245290	-0.2746845118336245
0.6280304009500757	-0.2746519328164754
0.6281747482387117	-0.2746192351758163
0.6283193362252883	-0.2745864184833032
0.6284641654466939	-0.2745534823083518
0.6286092364420673	-0.2745204262179909
0.6287545497525292	-0.2744872497768745
0.6289001059212916	-0.2744539525474179
0.6290459054937415	-0.2744205340894789
0.6291919490173762	-0.2743869939605957
0.6293382370417963	-0.2743533317159908
0.6294847701188182	-0.2743195469082940
0.6296315488023626	-0.2742856390878328
0.6297785736485602	-0.2742516078022970
0.6299258452156939	-0.2742174525971324
0.6300733640642706	-0.2741831730151063
0.6302211307569756	-0.2741487685965057
0.6303691458587187	-0.2741142388791635
0.6305174099366291	-0.2740795833982712
0.6306659235601377	-0.2740448016865507
0.6308146873007834	-0.2740098932740696
0.6309637017325599	-0.2739748576883249
0.6311129674315271	-0.2739396944542072
0.6312624849761855	-0.2739044030939248
0.6314122549471927	-0.2738689831271375
0.6315622779277177	-0.2738334340706785
0.6317125545030708	-0.2737977554388200
0.6318630852609504	-0.2737619467430632
0.6320138707913815	-0.2737260074922303
0.6321649116868105	-0.2736899371923117
0.6323162085418711	-0.2736537353467295
0.6324677619539048	-0.2736174014557546
0.6326195725222689	-0.2735809350173173
0.6327716408489883	-0.2735443355261104
0.6329239675383475	-0.2735076024742584
0.6330765531972293	-0.2734707353508216
0.6332293984347311	-0.2734337336422790
0.6333825038626154	-0.2733965968317896
0.6335358700950208	-0.2733593243999538
0.6336894977484977	-0.2733219158242211
0.6338433874422712	-0.2732843705790810
0.6339975397979073	-0.2732466881361844
0.6341519554394711	-0.2732088679640235
0.6343066349937425	-0.2731709095281213
0.6344615790898505	-0.2731328122909493
0.6346167883596098	-0.2730945757119921
0.6347722634373721	-0.2730561992474020
0.6349280049599957	-0.2730176823504649
0.6350840135670540	-0.2729790244711744
0.6352402899007287	-0.2729402250564004
0.6353968346056963	-0.2729012835498819
0.6355536483293854	-0.2728621993921129
0.6357107317218216	-0.2728229720203323
0.6358680854358232	-0.2727836008685369
0.6360257101267136	-0.2727440853674536
0.6361836064525858	-0.2727044249445384
0.6363417750742969	-0.2726646190239042
0.6365002166553549	-0.2726246670262600
0.6366589318619983	-0.2725845683689651
0.6368179213632561	-0.2725443224660819
0.6369771858310117	-0.2725039287280772
0.6371367259397266	-0.2724633865621173
0.6372965423668420	-0.2724226953717980
0.6374566357924788	-0.2723818545572478
0.6376170068997631	-0.2723408635150560
0.6377776563744899	-0.2722997216383274
0.6379385849053061	-0.2722584283165029
0.6380997931838633	-0.2722169829354356
0.6382612819046485	-0.2721753848774136
0.6384230517650769	-0.2721336335208985
0.6385851034653530	-0.2720917282409415
0.6387474377087153	-0.2720496684086103
0.6389100552014800	-0.2720074533913840
0.6390729566526719	-0.2719650825529112
0.6392361427745281	-0.2719225552530048
0.6393996142821139	-0.2718798708478769
0.6395633718936126	-0.2718370286894713
0.6397274163302240	-0.2717940281262760
0.6398917483161704	-0.2717508685025784
0.6400563685787349	-0.2717075491588793
0.6402212778483910	-0.2716640694316165
0.6403864768585140	-0.2716204286532372
0.6405519663458061	-0.2715766261522429
0.6407177470499169	-0.2715326612529196
0.6408838197138085	-0.2714885332754661
0.6410501850834609	-0.2714442415362080
0.6412168439081590	-0.2713997853469821
0.6413837969403545	-0.2713551640156003
0.6415510449357001	-0.2713103768456365
0.6417185886531072	-0.2712654231363885
0.6418864288546898	-0.2712203021828691
0.6420545663059221	-0.2711750132757260
0.6422230017755372	-0.2711295557013438
0.6423917360356003	-0.2710839287416141
0.6425607698613518	-0.2710381316741022
0.6427301040315939	-0.2709921637718293
0.6428997393283895	-0.2709460243033628
0.6430696765372581	-0.2708997125327073
0.6432399164470235	-0.2708532277193292
0.6434104598499276	-0.2708065691181269
0.6435813075417698	-0.2707597359792732
0.6437524603217066	-0.2707127275483031
0.6439239189924623	-0.2706655430660780
0.6440956843601330	-0.2706181817686530
0.6442677572344936	-0.2705706428873751
0.6444401384287278	-0.2705229256486499
0.6446128287596571	-0.2704750292740935
0.6447858290476579	-0.2704269529804601
0.6449591401166772	-0.2703786959794240
0.6451327627942786	-0.2703302574778649
0.6453066979118033	-0.2702816366774026
0.6454809463040830	-0.2702328327748020
0.6456555088096995	-0.2701838449616534
0.6458303862709124	-0.2701346724243275
0.6460055795338090	-0.2700853143441469
0.6461810894480366	-0.2700357698971285
0.6463569168671718	-0.2699860382539613
0.6465330626485247	-0.2699361185801843
0.6467095276531833	-0.2698860100357552
0.6468863127461327	-0.2698357117753605
0.6470634187961717	-0.2697852229482953
0.6472408466758778	-0.2697345426982384
0.6474185972619918	-0.2696836701634363
0.6475966714348766	-0.2696326044764286
0.6477750700789988	-0.2695813447642286
0.6479537940828243	-0.2695298901481233
0.6481328443386634	-0.2694782397437960
0.6483122217429350	-0.2694263926609360
0.6484919271961602	-0.2693743480035867
0.6486719616027259	-0.2693221048698426
0.6488523258712370	-0.2692696623519799
0.6490330209144145	-0.2692170195361693
0.6492140476490185	-0.2691641755026431
0.6493954069960587	-0.2691111293255800
0.6495770998806483	-0.2690578800730100
0.6497591272321065	-0.2690044268068071
0.6499414899840299	-0.2689507685826157
0.6501241890742294	-0.2688969044496995
0.6503072254448017	-0.2688428334512578
0.6504906000420935	-0.2687885546238781
0.6506743138168068	-0.2687340669977656
0.6508583677241326	-0.2686793695966008
0.6510427627234228	-0.2686244614375657
0.6512274997784783	-0.2685693415313296
0.6514125798576732	-0.2685140088816935
0.6515980039336133	-0.2684584624858603
0.6517837729836253	-0.2684027013342223
0.6519698879893598	-0.2683467244103618
0.6521563499370356	-0.2682905306909258
0.6523431598174805	-0.2682341191456689
0.6525303186260879	-0.2681774887371957
0.6527178273628090	-0.2681206384212165
0.6529056870323429	-0.2680635671461388
0.6530938986439691	-0.2680062738532766
0.6532824632117586	-0.2679487574765859
0.6534713817543065	-0.2678910169427235
0.6536606552952051	-0.2678330511710287
0.6538502848626526	-0.2677748590732300
0.6540402714897678	-0.2677164395536692
0.6542306162143864	-0.2676577915089621
0.6544213200793711	-0.2675989138281768
0.6546123841322969	-0.2675398053925371
0.6548038094257717	-0.2674804650756285
0.6549955970173923	-0.2674208917430098
0.6551877479696491	-0.2673610842523712
0.6553802633500615	-0.2673010414531961
0.6555731442312414	-0.2672407621872612
0.6557663916908321	-0.2671802452879002
0.6559600068115647	-0.2671194895803040
0.6561539906813486	-0.2670584938812647
0.6563483443932828	-0.2669972569993923
0.6565430690455355	-0.2669357777345623
0.6567381657416448	-0.2668740548783320
0.6569336355903326	-0.2668120872135052
0.6571294797056555	-0.2667498735142603
0.6573256992069196	-0.2666874125459465
0.6575222952188182	-0.2666247030651920
0.6577192688715150	-0.2665617438195029
0.6579166213004281	-0.2664985335474527
0.6581143536466284	-0.2664350709784613
0.6583124670564816	-0.2663713548328588
0.6585109626819967	-0.2663073838214751
0.6587098416806336	-0.2662431566461514
0.6589091052155516	-0.2661786719988378
0.6591087544554953	-0.2661139285622383
0.6593087905747872	-0.2660489250093557
0.6595092147535206	-0.2659836600034284
0.6597100281774416	-0.2659181321978848
0.6599112320381384	-0.2658523402362084
0.6601128275329432	-0.2657862827520965
0.6603148158649689	-0.2657199583688816
0.6605171982433339	-0.2656533656997374
0.6607199758828631	-0.2655865033476591
0.6609231500044402	-0.2655193699051898
0.6611267218349414	-0.2654519639544688
0.6613306926071898	-0.2653842840667683
0.6615350635600311	-0.2653163288030358
0.6617398359383839	-0.2652480967131436
0.6619450109934215	-0.2651795863361927
0.6621505899823856	-0.2651107962001943
0.6623565741685410	-0.2650417248221357
0.6625629648217636	-0.2649723707076313
0.6627697632178082	-0.2649027323511162
0.6629769706389947	-0.2648328082354469
0.6631845883738687	-0.2647625968320303
0.6633926177173792	-0.2646920966004064
0.6636010599709170	-0.2646213059886906
0.6638099164423782	-0.2645502234326511
0.6640191884460231	-0.2644788473562757
0.6642288773028130	-0.2644071761714029
0.6644389843401937	-0.2643352082775218
0.6646495108922773	-0.2642629420616712
0.6648604582997785	-0.2641903758986103
0.6650718279101872	-0.2641175081502848
0.6652836210777555	-0.2640443371657679
0.6654958391634040	-0.2639708612813683
0.6657084835350146	-0.2638970788204515
0.6659215555671999	-0.2638229880931162
0.6661350566416073	-0.2637485873960143
0.6663489881468402	-0.2636738750126062
0.6665633514783227	-0.2635988492126720
0.6667781480387627	-0.2635235082522147
0.6669933792377573	-0.2634478503735235
0.6672090464921562	-0.2633718738047921
0.6674251512258808	-0.2632955767600984
0.6676416948701628	-0.2632189574392801
0.6678586788633596	-0.2631420140276036
0.6680761046512329	-0.2630647446958897
0.6682939736869011	-0.2629871476001703
0.6685122874308399	-0.2629092208815307
0.6687310473509001	-0.2628309626660367
0.6689502549224832	-0.2627523710645323
0.6691699116284585	-0.2626734441725916
0.6693900189593552	-0.2625941800702475
0.6696105784133151	-0.2625145768215436
0.6698315914960383	-0.2624346324749957
0.6700530597210488	-0.2623543450629081
0.6702749846094780	-0.2622737126014505
0.6704973676904704	-0.2621927330904023
0.6707202105008414	-0.2621114045129912
0.6709435145854177	-0.2620297248355872
0.6711672814968722	-0.2619476920078219
0.6713915127960369	-0.2618653039622368
0.6716162100515183	-0.2617825586137982
0.6718413748402330	-0.2616994538603052
0.6720670087472173	-0.2616159875818332
0.6722931133656375	-0.2615321576404053
0.6725196902968674	-0.2614479618802491
0.6727467411506458	-0.2613633981271891
0.6729742675449791	-0.2612784641885177
0.6732022711062809	-0.2611931578530690
0.6734307534694123	-0.2611074768906550
0.6736597162777119	-0.2610214190521511
0.6738891611831291	-0.2609349820690178
0.6741190898459846	-0.2608481636531555
0.6743495039354087	-0.2607609614969212
0.6745804051292033	-0.2606733732726056
0.6748117951139115	-0.2605853966322552
0.6750436755847266	-0.2604970292077424
0.6752760482459028	-0.2604082686100108
0.6755089148103754	-0.2603191124294092
0.6757422770002007	-0.2602295582350146
0.6759761365462591	-0.2601396035746255
0.6762104951885882	-0.2600492459742958
0.6764453546762560	-0.2599584829386581
0.6766807167675989	-0.2598673119496381
0.6769165832299782	-0.2597757304673266
0.6771529558402324	-0.2596837359289060
0.6773898363842179	-0.2595913257489676
0.6776272266574258	-0.2594984973185352
0.6778651284644868	-0.2594052480056796
0.6781035436198047	-0.2593115751544147
0.6783424739471255	-0.2592174760851234
0.6785819212796775	-0.2591229480936359
0.6788218874605526	-0.2590279884515111
0.6790623743422252	-0.2589325944052264
0.6793033837871321	-0.2588367631764577
0.6795449176674249	-0.2587404919612255
0.6797869778649731	-0.2586437779297192
0.6800295662717847	-0.2585466182264555
0.6802726847895147	-0.2584490099694245
0.6805163353299980	-0.2583509502497211
0.6807605198151052	-0.2582524361318996
0.6810052401766746	-0.2581534646528487
0.6812504983568197	-0.2580540328219838
0.6814962963078458	-0.2579541376206795
0.6817426359922580	-0.2578537760019293
0.6819895193828261	-0.2577529448901685
0.6822369484628703	-0.2576516411807195
0.6824849252259237	-0.2575498617395468
0.6827334516760531	-0.2574476034028443
0.6829825298278817	-0.2573448629767199
0.6832321617064032	-0.2572416372367057
0.6834823493476281	-0.2571379229275303
0.6837330947977980	-0.2570337167626450
0.6839844001141059	-0.2569290154237241
0.6842362673643940	-0.2568238155605997
0.6844886986275110	-0.2567181137905029
0.6847416959929401	-0.2566119066977193
0.6849952615612309	-0.2565051908333457
0.6852493974438628	-0.2563979627146541
0.6855041057632582	-0.2562902188250216
0.6857593886529983	-0.2561819556128117
0.6860152482577350	-0.2560731694916957
0.6862716867331943	-0.2559638568397158
0.6865287062463896	-0.2558540139989164
0.6867863089755347	-0.2557436372750728
0.6870444971101138	-0.2556327229368257
0.6873032728510645	-0.2555212672155694
0.6875626384104664	-0.2554092663049222
0.6878225960120512	-0.2552967163598747
0.6880831478908910	-0.2551836134967541
0.6883442962934990	-0.2550699537925218
0.6886060434780042	-0.2549557332839199
0.6888683917141181	-0.2548409479675342
0.6891313432830851	-0.2547255937987977
0.6893949004779292	-0.2546096666918007
0.6896590656031623	-0.2544931625180610
0.6899238409752632	-0.2543760771070053
0.6901892289221832	-0.2542584062443969
0.6904552317838700	-0.2541401456723013
0.6907218519118972	-0.2540212910882919
0.6909890916698925	-0.2539018381449438
0.6912569534331668	-0.2537817824490841
0.6915254395890181	-0.2536611195614712
0.6917945525365018	-0.2535398449954422
0.6920642946868222	-0.2534179542171851
0.6923346684631481	-0.2532954426443908
0.6926056763002607	-0.2531723056460974
0.6928773206454688	-0.2530485385412315
0.6931496039575405	-0.2529241365988597
0.6934225287076959	-0.2527990950368468
0.6936960973789458	-0.2526734090212219
0.6939703124663021	-0.2525470736657188
0.6942451764769929	-0.2524200840306002
0.6945206919301601	-0.2522924351224708
0.6947968613569797	-0.2521641218927848
0.6950736873007163	-0.2520351392375798
0.6953511723166741	-0.2519054819967994
0.6956293189720628	-0.2517751449527773
0.6959081298461394	-0.2516441228299027
0.6961876075302212	-0.2515124102940348
0.6964677546274922	-0.2513800019510269
0.6967485737532739	-0.2512468923460544
0.6970300675345300	-0.2511130759632265
0.6973122386102748	-0.2509785472236085
0.6975950896313531	-0.2508433004854030
0.6978786232605660	-0.2507073300424193
0.6981628421721123	-0.2505706301231999
0.6984477490522464	-0.2504331948901520
0.6987333465988937	-0.2502950184381112
0.6990196375213534	-0.2501560947941238
0.6993066245405725	-0.2500164179158966
0.6995943103890584	-0.2498759816901742
0.6998826978107189	-0.2497347799334819
0.7001717895606758	-0.2495928063887244
0.7004615884053650	-0.2494500547256169
0.7007520971225822	-0.2493065185392230
0.7010433185005690	-0.2491621913486603
0.7013352553391672	-0.2490170665958103
0.7016279104487203	-0.2488711376442454
0.7019212866502984	-0.2487243977781841
0.7022153867755950	-0.2485768402010932
0.7025102136667961	-0.2484284580338597
0.7028057701762630	-0.2482792443146648
0.7031020591665840	-0.2481291919968094
0.7033990835104418	-0.2479782939471523
0.7036968460901587	-0.2478265429457704
0.7039953497976874	-0.2476739316834485
0.7042945975346352	-0.2475204527609073
0.7045945922115681	-0.2473660986870401
0.7048953367481862	-0.2472108618775891
0.7051968340731614	-0.2470547346535346
0.7054990871235893	-0.2468977092396209
0.7058020988448709	-0.2467397777625696
0.7061058721905002	-0.2465809322498504
0.7064104101215295	-0.2464211646273810
0.7067157156070109	-0.2462604667187117
0.7070217916227296	-0.2460988302425849
0.7073286411515186	-0.2459362468112450
0.7076362671828315	-0.2457727079294101
0.7079446727122036	-0.2456082049913528
0.7082538607407918	-0.2454427292797468
0.7085638342756876	-0.2452762719635928
0.7088745963286506	-0.2451088240963492
0.7091861499159683	-0.2449403766135286
0.7094984980584985	-0.2447709203314158
0.7098116437805231	-0.2446004459442535
0.7101255901094731	-0.2444289440225197
0.7104403400757688	-0.2442564050108096
0.7107558967118791	-0.2440828192255839
0.7110722630518742	-0.2439081768524636
0.7113894421308821	-0.2437324679448810
0.7117074369843810	-0.2435556824206050
0.7120262506480528	-0.2433778100604279
0.7123458861564477	-0.2431988405046183
0.7126663465425161	-0.2430187632516879
0.7129876348369346	-0.2428375676542234
0.7133097540676568	-0.2426552429180877
0.7136327072586998	-0.2424717780984011
0.7139564974291777	-0.2422871620968012
0.7142811275932116	-0.2421013836598345
0.7146066007582321	-0.2419144313750134
0.7149329199243044	-0.2417262936679238
0.7152600880834626	-0.2415369587999982
0.7155881082182951	-0.2413464148645150
0.7159169833007070	-0.2411546497843021
0.7162467162917832	-0.2409616513081490
0.7165773101393568	-0.2407674070073003
0.7169087677777900	-0.2405719042725600
0.7172410921260224	-0.2403751303108895
0.7175742860868246	-0.2401770721412941
0.7179083525450458	-0.2399777165920488
0.7182432943661520	-0.2397770502962745
0.7185791143949374	-0.2395750596886930
0.7189158154538211	-0.2393717310018356
0.7192534003415380	-0.2391670502619274
0.7195918718310048	-0.2389610032846416
0.7199312326675452	-0.2387535756714212
0.7202714855672830	-0.2385447528051789
0.7206126332156046	-0.2383345198458513
0.7209546782637458	-0.2381228617255638
0.7212976233283301	-0.2379097631456260
0.7216414709883195	-0.2376952085699132
0.7219862237822291	-0.2374791822216681
0.7223318842072923	-0.2372616680780349
0.7226784547155166	-0.2370426498650124
0.7230259377111758	-0.2368221110525211
0.7233743355491952	-0.2366000348496239
0.7237236505311369	-0.2363764041980419
0.7240738849029072	-0.2361512017686827
0.7244250408509224	-0.2359244099534084
0.7247771205000442	-0.2356960108622173
0.7251301259092052	-0.2354659863148711
0.7254840590677019	-0.2352343178359416
0.7258389218933167	-0.2350009866498825
0.7261947162252202	-0.2347659736720322
0.7265514438236742	-0.2345292595046714
0.7269091063631278	-0.2342908244288698
0.7272677054286077	-0.2340506483988382
0.7276272425114035	-0.2338087110339779
0.7279877190044152	-0.2335649916120665
0.7283491361963923	-0.2333194690632705
0.7287114952670853	-0.2330721219599585
0.7290747972817405	-0.2328229285125809
0.7294390431859578	-0.2325718665581545
0.7298042337984733	-0.2323189135548495
0.7301703698056267	-0.2320640465736576
0.7305374517553312	-0.2318072422884858
0.7309054800489505	-0.2315484769688688
0.7312744549350457	-0.2312877264702842
0.7316443765019484	-0.2310249662261039
0.7320152446685639	-0.2307601712375140
0.7323870591779627	-0.2304933160641638
0.7327598195881955	-0.2302243748156909
0.7331335252617505	-0.2299533211397666
0.7335081753591247	-0.2296801282129380
0.7338837688250791	-0.2294047687305036
0.7342603043823999	-0.2291272148962008
0.7346377805176920	-0.2288474384107679
0.7350161954720100	-0.2285654104597974
0.7353955472277908	-0.2282811017049548
0.7357758334973447	-0.2279944822691909
0.7361570517086661	-0.2277055217278366
0.7365391989930249	-0.2274141890954835
0.7369222721686037	-0.2271204528111590
0.7373062677274066	-0.2268242807306530
0.7376911818191645	-0.2265256401083620
0.7380770102330421	-0.2262244975873603
0.7384637483817288	-0.2259208191854703
0.7388513912824338	-0.2256145702818854
0.7392399335384127	-0.2253057155999762
0.7396293693176675	-0.2249942191984526
0.7400196923326671	-0.2246800444523507
0.7404108958174191	-0.2243631540414254
0.7408029725046684	-0.2240435099331232
0.7411959146001462	-0.2237210733698580
0.7415897137586234	-0.2233958048493711
0.7419843610561505	-0.2230676641157749
0.7423798469584918	-0.2227366101376422
0.7427761612963669	-0.2224026010964716
0.7431732932300213	-0.2220655943672489
0.7435712312162838	-0.2217255465053120
0.7439699629759474	-0.2213824132295315
0.7443694754551196	-0.2210361494087512
0.7447697547861253	-0.2206867090349954
0.7451707862476122	-0.2203340452244775
0.7455725542247496	-0.2199781101862520
0.7459750421557243	-0.2196188552166596
0.7463782324932515	-0.2192562306786055
0.7467821066524406	-0.2188901859888459
0.7471866449505249	-0.2185206696009715
0.7475918265630176	-0.2181476289938659
0.7479976294612262	-0.2177710106594807
0.7484040303410447	-0.2173907600810456
0.7488110045778351	-0.2170068217387532
0.7492185261378635	-0.2166191390752088
0.7496265675221270	-0.2162276545068937
0.7500350996802332	-0.2158323094078302
0.7504440919376376	-0.2154330440986425
0.7508535119090465	-0.2150297978510591
0.7512633254089807	-0.2146225088759923
0.7516734963641233	-0.2142111143325607
0.7520839867092068	-0.2137955503189428
0.7524947562919938	-0.2133757519001948
0.7529057627571200	-0.2129516530847270
0.7533169614415988	-0.2125231868697401
0.7537283052471578	-0.2120902852364883
0.7541397445280354	-0.2116528791876027
0.7545512269404473	-0.2112108987723971
0.7549626973307241	-0.2107642731115199
0.7553740975725458	-0.2103129304529908
0.7557853664277941	-0.2098567982132512
0.7561964393810338	-0.2093958030329107
0.7566072484912888	-0.2089298708635206
0.7570177222154670	-0.2084589270365669
0.7574277852244168	-0.2079828963319409
0.7578373582348156	-0.2075017031151593
0.7582463578120129	-0.2070152714461914
0.7586546961937928	-0.2065235252115364
0.7590622810680091	-0.2060263882642077
0.7594690153873859	-0.2055237846294958
0.7598747971787937	-0.2050156386732735
0.7602795192857887	-0.2045018753082576
0.7606830692309985	-0.2039824202762771
0.7610853289496803	-0.2034572003597445
0.7614861746760473	-0.2029261437546829
0.7618854766015623	-0.2023891802786120
0.7622830988457119	-0.2018462418779781
0.7626788992317198	-0.2012972629342797
0.7630727290985251	-0.2007421807003710
0.7634644332088293	-0.2001809357507791
0.7638538496106366	-0.1996134725704166
0.7642408097313376	-0.1990397400477190
0.7646251380124830	-0.1984596918913542
0.7650066523924506	-0.1978732876316441
0.7653851638630571	-0.1972804927411840
0.7657604773523506	-0.1966812799295236
0.7661323909249671	-0.1960756307220699
0.7665006973744481	-0.1954635287980740
0.7668651832031278	-0.1948449764265958
0.7672256240939932	-0.1942199627565429
0.7675817568416047	-0.1935884923181386
0.7679334674564956	-0.1929507107920937
0.7682804274490495	-0.1923063824642653
0.7686225707896090	-0.1916560745024044
0.7689595716751552	-0.1909990549319343
0.7692908216111689	-0.1903368111949353
0.7696159336583580	-0.1896673527318128
0.7699410457055471	-0.1889978942686903
0.7702661577527362	-0.1883284358055678
0.7705912697999253	-0.1876589773424453
0.7709163818471144	-0.1869895188793228
0.7712414938943035	-0.1863200604162003
0.7715666059414926	-0.1856506019530778
0.7718917179886817	-0.1849811434899553
0.7722168300358708	-0.1843116850268328
0.7725419420830599	-0.1836422265637103
0.7728670541302490	-0.1829727681005878
0.7731921661774381	-0.1823033096374653
0.7735172782246272	-0.1816338511743428
0.7738423902718163	-0.1809643927112203
0.7741675023190054	-0.1802949342480978
