0.5516849007788717	-0.4790927509665821
0.3009674921989278	-0.4782993746456293
0.3008816751928629	-0.4783216813543950
0.3007960034566736	-0.4783439034380245
0.3007104768535050	-0.4783660409844332
0.3006250952466992	-0.4783880940809034
0.3005398585002321	-0.4784100628143435
0.3004547664783793	-0.4784319472706898
0.3003698190458734	-0.4784537475357519
0.3002850160678826	-0.4784754636942676
0.5509041686340868	-0.4791693874636912
0.5508268752350439	-0.4791766195322672
0.5507497231115581	-0.4791837734293892
0.5506727121381635	-0.4791908492264431
0.5505958421883355	-0.4791978469963259
0.5505191131376015	-0.4792047668099864
0.5504425248609599	-0.4792116087385698
0.5503660772340127	-0.4792183728518890
0.5502897701321695	-0.4792250592204540
0.5502136034334785	-0.4792316679139847
0.5501375770127342	-0.4792381990002436
0.5500616907481758	-0.4792446525474711
0.5499859445169361	-0.4792510286237201
0.5499103381973328	-0.4792573272964974
0.5498348716670862	-0.4792635486315252
0.5497595448052588	-0.4792696926959707
0.5496843574908051	-0.4792757595537959
0.5496093096033380	-0.4792817492716931
0.5495344010222062	-0.4792876619138555
0.5494596316271881	-0.4792934975440128
0.5493850013000547	-0.4792992562248397
0.5493105099210571	-0.4793049380207876
0.5492361573711650	-0.4793105429926922
0.5491619435324642	-0.4793160712034045
0.5490878682872717	-0.4793215227141924
0.5490139315174883	-0.4793268975858857
0.5489401331060936	-0.4793321958785698
0.5488664729363613	-0.4793374176518842
0.5487929508911148	-0.4793425629661605
0.5487195668549253	-0.4793476318788535
0.5486463207116161	-0.4793526244490557
0.5485732123464772	-0.4793575407346303
0.5485002416431823	-0.4793623807917942
0.5484274084882340	-0.4793671446782403
0.5483547127672749	-0.4793718324500229
0.5482821543655284	-0.4793764441624319
0.5482097331701619	-0.4793809798711405
0.5481374490669836	-0.4793854396301477
0.5480653019449407	-0.4793898234948718
0.5479932916884596	-0.4793941315176348
0.5479214181889208	-0.4793983637514911
0.5478496813315675	-0.4794025202497753
0.5477780810066996	-0.4794066010648559
0.5477066171024398	-0.4794106062481873
0.5476352895078576	-0.4794145358505105
0.5475640981130816	-0.4794183899226940
0.5474930428084007	-0.4794221685157127
0.5474221234821801	-0.4794258716775903
0.5473513400276565	-0.4794294994578555
0.5472806923342979	-0.4794330519070754
0.5472101802925515	-0.4794365290699646
0.5471398037954910	-0.4794399309966792
0.5470695627347978	-0.4794432577337078
0.5469994570027881	-0.4794465093273770
0.5469294864918294	-0.4794496858242869
0.5468596510947026	-0.4794527872698496
0.5467899507061820	-0.4794558137093592
0.5467203852189163	-0.4794587651877443
0.5466509545260823	-0.4794616417478732
0.5465816585241335	-0.4794644434352577
0.5465124971049448	-0.4794671702911448
0.5464434701657561	-0.4794698223598777
0.5463745776015734	-0.4794723996827890
0.5463058193076533	-0.4794749023016375
0.5462371951800422	-0.4794773302582177
0.5461687051153146	-0.4794796835924348
0.5461003490107111	-0.4794819623459324
0.5460321267615619	-0.4794841665564243
0.5459640382672610	-0.4794862962640967
0.5458960834231181	-0.4794883515078364
0.5458282621293342	-0.4794903323266796
0.5457605742827343	-0.4794922387570648
0.5456930197828169	-0.4794940708372956
0.5456255985284764	-0.4794958286041452
0.5455583104181598	-0.4794975120934056
0.5454911553527667	-0.4794991213414648
0.5454241332312293	-0.4795006563836813
0.5453572439544176	-0.4795021172536648
0.5452904874217341	-0.4795035039882594
0.5452238635342612	-0.4795048166194129
0.5451573721946892	-0.4795060551820085
0.5450910133039037	-0.4795072197077075
0.5450247867627873	-0.4795083102299650
0.5449586924742572	-0.4795093267801173
0.5448927303405084	-0.4795102693910649
0.5448269002641499	-0.4795111380926080
0.5447612021488626	-0.4795119329158044
0.5446956358975297	-0.4795126538911237
0.5446302014128747	-0.4795133010459099
0.5445648986008144	-0.4795138744131056
0.5444997273646405	-0.4795143740186970
0.5444346876092794	-0.4795147998921960
0.5443697792388833	-0.4795151520606001
0.5443050021590089	-0.4795154305516061
0.5442403562756923	-0.4795156353921339
0.5441758414943250	-0.4795157666080330
0.5441114577209865	-0.4795158242253973
0.5440472048623872	-0.4795158082699771
0.5439830828244547	-0.4795157187659529
0.5439190915150851	-0.4795155557379951
0.5438552308418727	-0.4795153192113794
0.5437915007112994	-0.4795150092080693
0.5437279010321890	-0.4795146257514355
0.5436644317118073	-0.4795141688636282
0.5436010926593914	-0.4795136385680118
0.5435378837835843	-0.4795130348851291
0.5434748049935215	-0.4795123578362556
0.5434118561984275	-0.4795116074426791
0.5433490373083278	-0.4795107837239843
0.5432863482325978	-0.4795098867010307
0.5432237888817646	-0.4795089163914032
0.5431613591664748	-0.4795078728146903
0.5430990589973532	-0.4795067559901505
0.5430368882856716	-0.4795055659341724
0.5429748469429830	-0.4795043026654282
0.5429129348803861	-0.4795029662000689
0.5428511520102189	-0.4795015565549994
0.5427894982453116	-0.4795000737460522
0.5427279734960342	-0.4794985177884340
0.5426665776775693	-0.4794968886975637
0.5426053107041492	-0.4794951864889455
0.5425441724857630	-0.4794934111756631
0.5424831629372342	-0.4794915627711254
0.5424222819732750	-0.4794896412896554
0.5423615295069516	-0.4794876467431151
0.5423009054539477	-0.4794855791445722
0.5422404097282110	-0.4794834385054945
0.5421800422455377	-0.4794812248371597
0.5421198029214533	-0.4794789381511331
0.5420596916690300	-0.4794765784565371
0.5419997084060216	-0.4794741457638217
0.5419398530493040	-0.4794716400842314
0.5418801255142162	-0.4794690614243674
0.5418205257174625	-0.4794664097946819
0.5417610535765135	-0.4794636852025336
0.5417017090083378	-0.4794608876554090
0.5416424919301887	-0.4794580171611037
0.5415834022598289	-0.4794550737249190
0.5415244399148603	-0.4794520573560525
0.5414656048147954	-0.4794489680571393
0.5414068968774183	-0.4794458058356914
0.5413483160213405	-0.4794425706959232
0.5412898621660706	-0.4794392626421862
0.5412315352300435	-0.4794358816788066
0.5411733351342614	-0.4794324278090029
0.5411152617975035	-0.4794289010357674
0.5410573151398926	-0.4794253013620547
0.5409994950827133	-0.4794216287900975
0.5409418015446412	-0.4794178833206187
0.5408842344508198	-0.4794140649566596
0.5408267937157522	-0.4794101736972536
0.5407694792661056	-0.4794062095433497
0.5407122910217828	-0.4794021724946490
0.5406552289049320	-0.4793980625506625
0.5405982928376610	-0.4793938797115037
0.5405414827418975	-0.4793896239728065
0.5404847985412997	-0.4793852953353046
0.5404282401576627	-0.4793808937948518
0.5403718075146180	-0.4793764193492369
0.5403155005357985	-0.4793718719955234
0.5402593191447453	-0.4793672517294324
0.5402032632641458	-0.4793625585462564
0.5401473328204072	-0.4793577924418493
0.5400915277364929	-0.4793529534105648
0.5400358479371137	-0.4793480414468411
0.5399802933471128	-0.4793430565449436
0.5399248638914871	-0.4793379986973121
0.5398695594967929	-0.4793328678971230
0.5398143800869080	-0.4793276641380336
0.5397593255896510	-0.4793223874115559
0.5397043959279139	-0.4793170377079350
0.5396495910311949	-0.4793116150204459
0.5395949108245074	-0.4793061193375634
0.5395403552354867	-0.4793005506507196
0.5394859241903542	-0.4792949089495484
0.5394316176167261	-0.4792891942222744
0.5393774354423013	-0.4792834064596341
0.5393233775937861	-0.4792775456480821
0.5392694440008772	-0.4792716117766220
0.5392156345898940	-0.4792656048321239
0.5391619492913351	-0.4792595248012660
0.5391083880320204	-0.4792533716710142
0.5390549507415850	-0.4792471454280934
0.5390016373486565	-0.4792408460561987
0.5389484477840528	-0.4792344735420528
0.5388953819748834	-0.4792280278690177
0.5388424398532726	-0.4792215090220506
0.5387896213482569	-0.4792149169850569
0.5387369263900352	-0.4792082517405147
0.5386843549093442	-0.4792015132720935
0.5386319068356583	-0.4791947015610540
0.5385795821022535	-0.4791878165899646
0.5385273806387872	-0.4791808583396465
0.5384753023754445	-0.4791738267919414
0.5384233472462308	-0.4791667219260134
0.5383715151820305	-0.4791595437227104
0.5383198061144242	-0.4791522921616510
0.5382682199756568	-0.4791449672212606
0.5382167566983287	-0.4791375688802279
0.5381654162151470	-0.4791300971174212
0.5381141984590945	-0.4791225519099159
0.5380631033622653	-0.4791149332345054
0.5380121308602813	-0.4791072410681663
0.5379612808850920	-0.4790994753876441
0.5379105533702379	-0.4790916361681840
0.5378599482498194	-0.4790837233854585
0.5378094654575278	-0.4790757370129680
0.5377591049295192	-0.4790676770266529
0.5377088665976117	-0.4790595434005074
0.5376587503998608	-0.4790513361058796
0.5376087562687274	-0.4790430551190195
0.5375588841404814	-0.4790347004099992
0.5375091339499496	-0.4790262719518315
0.5374595056325411	-0.4790177697149169
0.5374099991242639	-0.4790091936709824
0.5373606143618688	-0.4790005437909138
0.5373113512807515	-0.4789918200446529
0.5372622098177932	-0.4789830224018402
0.5372131899084187	-0.4789741508315645
0.5371642914917114	-0.4789652053028828
0.5371155145020468	-0.4789561857832060
0.5370668588795643	-0.4789470922404815
0.5370183245576492	-0.4789379246429967
0.5369699114769443	-0.4789286829567271
0.5369216195750697	-0.4789193671481450
0.5368734487889943	-0.4789099771828511
0.5368253990565018	-0.4789005130266585
0.5367774703166840	-0.4788909746438224
0.5367296625086890	-0.4788813619991709
0.5366819755710452	-0.4788716750591750
0.5366344094408081	-0.4788619137810041
0.5365869640592448	-0.4788520781329331
0.5365396393639046	-0.4788421680769031
0.5364924352967679	-0.4788321835732533
0.5364453517948191	-0.4788221245836632
0.5363983887988347	-0.4788119910698826
0.5363515462494585	-0.4788017829924505
0.5363048240872833	-0.4787915003111436
0.5362582222506879	-0.4787811429865177
0.5362117406820412	-0.4787707109761742
0.5361653793222843	-0.4787602042400102
0.5361191381096156	-0.4787496227367314
0.5360730169891693	-0.4787389664211508
0.5360270158994150	-0.4787282352524432
0.5359811347821014	-0.4787174291883244
0.5359353735793060	-0.4787065481833123
0.5358897322331925	-0.4786955921935781
0.5358442106852597	-0.4786845611747594
0.5357988088785204	-0.4786734550807000
0.5357535267546638	-0.4786622738671165
0.5357083642557001	-0.4786510174848090
0.5356633213239461	-0.4786396858912213
0.5356183979039715	-0.4786282790354829
0.5355735939382462	-0.4786167968718152
0.5355289093684612	-0.4786052393519089
0.5354843441405122	-0.4785936064269318
0.5354398981959073	-0.4785818980471906
0.5353955714775693	-0.4785701141634330
0.5353513639339236	-0.4785582547251122
0.5353072755026137	-0.4785463196820880
0.5352633061322852	-0.4785343089826552
0.5352194557648032	-0.4785222225764375
0.5351757243476177	-0.4785100604095308
0.5351321118212958	-0.4784978224285827
0.5350886181343117	-0.4784855085836054
0.5350452432294160	-0.4784731188183278
0.5350019870530447	-0.4784606530792138
0.5349588495489649	-0.4784481113119587
0.5349158306635298	-0.4784354934603142
0.5348729303434159	-0.4784227994707185
0.5348301485336758	-0.4784100292856165
0.5347874851768927	-0.4783971828456435
0.5347449402250199	-0.4783842601002905
0.5347025136177114	-0.4783712609849292
0.5346602053074995	-0.4783581854458899
0.5346180152369120	-0.4783450334222649
0.5345759433542953	-0.4783318048556140
0.5345339896060605	-0.4783184996852407
0.5344921539380418	-0.4783051178517413
0.5344504362989611	-0.4782916592952139
0.5344088366340728	-0.4782781239528224
0.5343673548916075	-0.4782645117636967
0.5343259910203614	-0.4782508226641179
0.5342847449651239	-0.4782370565934526
0.5342436166779170	-0.4782232134865237
0.5342026061022754	-0.4782092932802215
0.5341617131870225	-0.4781952959094590
0.5341209378835070	-0.4781812213107900
0.5340802801372867	-0.4781670694177282
0.5340397398969136	-0.4781528401658235
0.5339993171090479	-0.4781385334860985
0.5339590117272525	-0.4781241493134576
0.5339188236980124	-0.4781096875802598
0.5338787529691138	-0.4780951482170552
0.5338387994902938	-0.4780805311554084
0.5337989632105657	-0.4780658363289100
0.5337592440797396	-0.4780510636658412
0.5337196420477359	-0.4780362130963680
0.5336801570633181	-0.4780212845498483
0.5336407890769534	-0.4780062779541827
0.5336015380367878	-0.4779911932392717
0.5335624038935651	-0.4779760303320367
0.5335233865969597	-0.4779607891590633
0.5334844860998949	-0.4779454696485173
0.5334457023496518	-0.4779300717254174
0.5334070352971475	-0.4779145953170329
0.5333684848930016	-0.4778990403456390
0.5333300510879226	-0.4778834067367634
0.5332917338329266	-0.4778676944164320
0.5332535330809484	-0.4778519033057291
0.5332154487783667	-0.4778360333277430
0.5331774808799298	-0.4778200844055037
0.5331396293325253	-0.4778040564616100
0.5331018940940357	-0.4777879494161208
0.5330642751102455	-0.4777717631897955
0.5330267723338750	-0.4777554977039167
0.5329893857184531	-0.4777391528774486
0.5329521152135409	-0.4777227286275347
0.5329149607732505	-0.4777062248752814
0.5328779223486062	-0.4776896415396050
0.5328409998887217	-0.4776729785347668
0.5328041933486435	-0.4776562357795552
0.5327675026793428	-0.4776394131878128
0.5327309278343904	-0.4776225106795644
0.5326944687649842	-0.4776055281663636
0.5326581254237950	-0.4775884655655855
0.5326218977643975	-0.4775713227896977
0.5325857857385795	-0.4775540997511700
0.5325497892967000	-0.4775367963641331
0.5325139083980678	-0.4775194125439279
0.5324781429894379	-0.4775019481978807
0.5324424930255062	-0.4774844032389510
0.5324069584604272	-0.4774667775771254
0.5323715392451916	-0.4774490711253890
0.5323362353332839	-0.4774312837875423
0.5323010466816019	-0.4774134154793171
0.5322659732398408	-0.4773954661043555
0.5322310149623095	-0.4773774355720246
0.5321961718038611	-0.4773593237919230
0.5321614437182781	-0.4773411306651973
0.5321268306540754	-0.4773228561045799
0.5320923325718299	-0.4773045000097319
0.5320579494216298	-0.4772860622893140
0.5320236811591805	-0.4772675428462549
0.5319895277353210	-0.4772489415844111
0.5319554891100219	-0.4772302584074555
0.5319215652302671	-0.4772114932162691
0.5318877560550545	-0.4771926459157276
0.5318540615351384	-0.4771737164048783
0.5318204816268151	-0.4771547045851295
0.5317870162871045	-0.4771356103605612
0.5317536654659376	-0.4771164336239747
0.5317204291191531	-0.4770971742792174
0.5316873072013802	-0.4770778322226297
0.5316542996682846	-0.4770584073533471
0.5316214064719251	-0.4770388995680143
0.5315886275700871	-0.4770193087638713
0.5315559629139422	-0.4769996348351482
0.5315234124619236	-0.4769798776801551
0.5314909761636042	-0.4769600371916641
0.5314586539809200	-0.4769401132658245
0.5314264458640083	-0.4769201057927879
0.5313943517673265	-0.4769000146683556
0.5313623716474483	-0.4768798397868409
0.5313305054595817	-0.4768595810357340
0.5312987531627703	-0.4768392383077261
0.5312671147016942	-0.4768188114948520
0.5312355900386548	-0.4767983004842365
0.5312041791272467	-0.4767777051680925
0.5311728819252352	-0.4767570254351242
0.5311416983848430	-0.4767362611711203
0.5311106284621732	-0.4767154122679943
0.5310796721109560	-0.4766944786057828
0.5310488292861882	-0.4766734600757060
0.5310180999465044	-0.4766523565629199
0.5309874840462119	-0.4766311679505773
0.5309569815398995	-0.4766098941226258
0.5309265923802757	-0.4765885349666857
0.5308963165264060	-0.4765670903629469
0.5308661539315158	-0.4765455601922033
0.5308361045557347	-0.4765239443405223
0.5308061683476494	-0.4765022426867544
0.5307763452654746	-0.4764804551107901
0.5307466352660601	-0.4764585814934342
0.5307170383018343	-0.4764366217145259
0.5306875543294421	-0.4764145756482930
0.5306581833092507	-0.4763924431810629
0.5306289251867441	-0.4763702241817238
0.5305997799242452	-0.4763479185308135
0.5305707474773402	-0.4763255261043078
0.5305418277980428	-0.4763030467791813
0.5305130208423128	-0.4762804804251920
0.5304843265701633	-0.4762578269205577
0.5304557449300825	-0.4762350861371564
0.5304272758834645	-0.4762122579477768
0.5303989193805959	-0.4761893422264918
0.5303706753812639	-0.4761663388384662
0.5303425438377057	-0.4761432476612885
0.5303145247053546	-0.4761200685612238
0.5302866179391059	-0.4760968014094771
0.5302588234987131	-0.4760734460758256
0.5302311413351406	-0.4760500024232586
0.5302035714043866	-0.4760264703218088
0.5301761136587717	-0.4760028496413926
0.5301487680618705	-0.4759791402445453
0.5301215345590935	-0.4759553419956817
0.5300944131089409	-0.4759314547585177
0.5300674036709248	-0.4759074784031509
0.5300405061961531	-0.4758834127891284
0.5300137206369365	-0.4758592577764109
0.5299870469505580	-0.4758350132301012
0.5299604850952978	-0.4758106790108015
0.5299340350198791	-0.4757862549772506
0.5299076966812872	-0.4757617409915928
0.5298814700384290	-0.4757371369117555
0.5298553550415001	-0.4757124425941137
0.5298293516454521	-0.4756876579023650
0.5298034598035680	-0.4756627826845514
0.5297776794731046	-0.4756378168029068
0.5297520106076112	-0.4756127601104553
0.5297264531619560	-0.4755876124685872
0.5297010070879157	-0.4755623737231796
0.5296756723408047	-0.4755370437295833
0.5296504488768695	-0.4755116223415961
0.5296253366482312	-0.4754861094073182
0.5296003356113124	-0.4754605047905215
0.5295754457137378	-0.4754348083242082
0.5295506669158686	-0.4754090198704070
0.5295259991679493	-0.4753831392746088
0.5295014424247403	-0.4753571663810354
0.5294769966420676	-0.4753311010413901
0.5294526617710006	-0.4753049431064515
0.5294284377592784	-0.4752786924121482
0.5294043245675316	-0.4752523488099857
0.5293803221491522	-0.4752259121483828
0.5293564304594210	-0.4751993822650450
0.5293326494408028	-0.4751727590051830
0.5293089790545807	-0.4751460422110442
0.5292854192532138	-0.4751192317236846
0.5292619699848423	-0.4750923273826456
0.5292386312029805	-0.4750653290308638
0.5292154028642359	-0.4750382365066671
0.5291922849201942	-0.4750110496477303
0.5291692773155487	-0.4749837682939524
0.5291463800086726	-0.4749563922796840
0.5291235929537311	-0.4749289214416488
0.5291009161000843	-0.4749013556169998
0.5290783493940685	-0.4748736946376498
0.5290558927978394	-0.4748459383422761
0.5290335462524993	-0.4748180865586317
0.5290113097117070	-0.4747901391246143
0.5289891831329104	-0.4747620958685178
0.5289671664613259	-0.4747339566217977
0.5289452596436885	-0.4747057212128239
0.5289234626424514	-0.4746773894698367
0.5289017753995773	-0.4746489612273799
0.5288801978687123	-0.4746204363097182
0.5288587299963969	-0.4745918145447486
0.5288373717341363	-0.4745630957529037
0.5288161230332035	-0.4745342797625963
0.5287949838423297	-0.4745053664104081
0.5287739541177922	-0.4744763554965060
0.5287530337964897	-0.4744472468578605
0.5287322228284874	-0.4744180403213748
0.5287115211720564	-0.4743887357007855
0.5286909287719551	-0.4743593328139405
0.5286704455795997	-0.4743298314873289
0.5286500715364003	-0.4743002315331610
0.5286298065910736	-0.4742705327732704
0.5286096506989644	-0.4742407350190977
0.5285896038001012	-0.4742108381001973
0.5285696658546123	-0.4741808418255489
0.5285498367923898	-0.4741507459972922
0.5285301165730185	-0.4741205504482426
0.5285105051380604	-0.4740902549818992
0.5284910024420302	-0.4740598594114861
0.5284716084151120	-0.4740293635486271
0.5284523230225161	-0.4739987671988178
0.5284331461925987	-0.4739680701710831
0.5284140778906811	-0.4739372722976639
0.5283951180427128	-0.4739063733555260
0.5283762666071818	-0.4738753731674247
0.5283575235257837	-0.4738442715332737
0.5283388887475605	-0.4738130682614131
0.5283203622089869	-0.4737817631580912
0.5283019438568320	-0.4737503560259942
0.5282836336383659	-0.4737188466665536
0.5282654314883815	-0.4736872348775630
0.5282473373734770	-0.4736555204736857
0.5282293512154010	-0.4736237032315207
0.5282114729507168	-0.4735917829632937
0.5281937025411566	-0.4735597594789771
0.5281760399260780	-0.4735276325550660
0.5281584850460630	-0.4734954020043761
0.5281410378436310	-0.4734630676117486
0.5281236982531231	-0.4734306291772564
0.5281064662194156	-0.4733980864973317
0.5280893416867913	-0.4733654393610986
0.5280723245926706	-0.4733326875531134
0.5280554148847106	-0.4732998308742556
0.5280386124925845	-0.4732668691138240
0.5280219173707248	-0.4732338020624595
0.5280053294492379	-0.4732006295000583
0.5279888486522100	-0.4731673512207485
0.5279724749445496	-0.4731339670077742
0.5279562082525305	-0.4731004766540039
0.5279400485159084	-0.4730668799257936
0.5279239956629899	-0.4730331766419129
0.5279080496587993	-0.4729993665416090
0.5278922104183497	-0.4729654494359651
0.5278764778733763	-0.4729314250996782
0.5278608519748823	-0.4728972933145316
0.5278453326549385	-0.4728630538446378
0.5278299198523960	-0.4728287064922688
0.5278146134942594	-0.4727942510181210
0.5277994135023275	-0.4727596871946081
0.5277843198628702	-0.4727250148084731
0.5277693324626807	-0.4726902336322741
0.5277544512533980	-0.4726553434313363
0.5277396761498084	-0.4726203439818967
0.5277250071113856	-0.4725852350661652
0.5277104440532953	-0.4725500164365452
0.5276959869170846	-0.4725146878681026
0.5276816356330862	-0.4724792491421368
0.5276673901291381	-0.4724437000018379
0.5276532503234933	-0.4724080402478520
0.5276392161900425	-0.4723722696095513
0.5276252876047316	-0.4723363878783764
0.5276114645372302	-0.4723003947904749
0.5275977469020686	-0.4722642901542561
0.5275841346197262	-0.4722280736679833
0.5275706276264578	-0.4721917451428035
0.5275572258603197	-0.4721553043100098
0.5275439292305243	-0.4721187509579963
0.5275307376825751	-0.4720820848015844
0.5275176511332357	-0.4720453056345089
0.5275046694835024	-0.4720084131983293
0.5274917927379467	-0.4719714072378478
0.5274790207288271	-0.4719342875357748
0.5274663534157642	-0.4718970538111306
0.5274537907507250	-0.4718597058236600
0.5274413326217866	-0.4718222433362659
0.5274289789680343	-0.4717846660881752
0.5274167297003369	-0.4717469738292577
0.5274045847639184	-0.4717091663051678
0.5273925440484597	-0.4716712432830519
0.5273806074984246	-0.4716332044591396
0.5273687750379118	-0.4715950496467161
0.5273570465547420	-0.4715567785062459
0.5273454219733038	-0.4715183908463801
0.5273339012783478	-0.4714798863720702
0.5273224843196778	-0.4714412648384068
0.5273111710292345	-0.4714025259893350
0.5272999613303814	-0.4713636695438644
0.5272888551442807	-0.4713246952472115
0.5272778523602808	-0.4712856028363782
0.5272669529340451	-0.4712463920619487
0.5272561567499667	-0.4712070626164851
0.5272454637357687	-0.4711676142784644
0.5272348738121021	-0.4711280467487596
0.5272243868632948	-0.4710883597458360
0.5272140028237084	-0.4710485530380528
0.5272037216125552	-0.4710086263228030
0.5271935431169852	-0.4709685793490117
0.5271834672667782	-0.4709284118225333
0.5271734939728262	-0.4708881234833431
0.5271636231147441	-0.4708477140373946
0.5271538546330627	-0.4708071832079387
0.5271441884359337	-0.4707665307594960
0.5271346243861526	-0.4707257563354739
0.5271251624402777	-0.4706848596957250
0.5271158024952737	-0.4706438405816492
0.5271065444416975	-0.4706026986816212
0.5270973881884491	-0.4705614337107367
0.5270883335970779	-0.4705200453650189
0.5270793806963633	-0.4704785334320450
0.5270705292631918	-0.4704368975430486
0.5270617792375685	-0.4703951374457404
0.5270531305264062	-0.4703532528358927
0.5270445830021107	-0.4703112434615909
0.5270361366168373	-0.4702691089504555
0.5270277912355991	-0.4702268490684743
0.5270195467553014	-0.4701844635145168
0.5270114030668352	-0.4701419519634221
0.5270033600685801	-0.4700993141869654
0.5269954177589043	-0.4700565498172481
0.5269875758319235	-0.4700136585402513
0.5269798342681543	-0.4699706401264931
0.5269721930080838	-0.4699274942471326
0.5269646519031371	-0.4698842205669068
0.5269572109017975	-0.4698408188073219
0.5269498698246121	-0.4697972886678018
0.5269426285534521	-0.4697536298386608
0.5269354870316607	-0.4697098420019246
0.5269284451059486	-0.4696659248275280
0.5269215027102752	-0.4696218780569544
0.5269146596392379	-0.4695777013644966
0.5269079158938277	-0.4695333944095603
0.5269012712142297	-0.4694889569391694
0.5268947256819001	-0.4694443885626419
0.5268882789952299	-0.4693996889691179
0.5268819311217993	-0.4693548578729916
0.5268756819211072	-0.4693098949663232
0.5268695312668025	-0.4692647998986395
0.5268634790818681	-0.4692195723749193
0.5268575252205584	-0.4691742119855963
0.5268516694355696	-0.4691287185856834
0.5268459118390743	-0.4690830916788970
0.5268402520286135	-0.4690373309696211
0.5268346902024257	-0.4689914363013473
0.5268292260215794	-0.4689454070412424
0.5268238593386748	-0.4688992431246596
0.5268185900902159	-0.4688529441092184
0.5268134180842515	-0.4688065096414192
0.5268083433149003	-0.4687599394674871
0.5268033655611316	-0.4687132331811721
0.5267984846918257	-0.4686663904170994
0.5267937006254195	-0.4686194109508043
0.5267890131694439	-0.4685722943850051
0.5267844219025337	-0.4685250403859355
0.5267799273639104	-0.4684776484466034
0.5267755289448772	-0.4684301185332081
0.5267712265625826	-0.4683824501085109
0.5267670200534948	-0.4683346428769435
0.5267629093136545	-0.4682866964586530
0.5267588942929177	-0.4682386105361646
0.5267549746864898	-0.4681903847344350
0.5267511505157118	-0.4681420186447469
0.5267474214309499	-0.4680935121233376
0.5267437874216490	-0.4680448646557648
0.5267402482847796	-0.4679960758652341
0.5267368039415301	-0.4679471455264477
0.5267334541703728	-0.4678980731350524
0.5267301988223170	-0.4678488583237443
0.5267270376589267	-0.4677995011112581
0.5267239706639663	-0.4677500005471014
0.5267209976161431	-0.4677003566585280
0.5267181185785927	-0.4676505687604643
0.5267153329878301	-0.4676006369387018
0.5267126410844296	-0.4675505605414952
0.5267100421498052	-0.4675003391296551
0.5267075332261943	-0.4674499706721135
0.5267051238431342	-0.4673994603641040
0.5267028041449467	-0.4673488022436305
0.5267005768269335	-0.4672979975680229
0.5266984421460617	-0.4672470461053627
0.5266963997037301	-0.4671959477146030
0.5266944494566281	-0.4671447019251652
0.5266925912165117	-0.4670933076354011
0.5266908245389598	-0.4670417656916397
0.5266891465637634	-0.4669900797286710
0.5266875660263435	-0.4669382350536018
0.5266860737801469	-0.4668862458683971
0.5266846725648582	-0.4668341068492160
0.5266833621346345	-0.4667818175325333
0.5266821425506149	-0.4667293778654512
0.5266810132717278	-0.4666767869695783
0.5266799740062786	-0.4666240443899504
0.5266790254644171	-0.4665711509575868
0.5266781664949588	-0.4665181050831314
0.5266773975635193	-0.4664649065457963
0.5266767179983189	-0.4664115549008178
0.5266761278075424	-0.4663580499460702
0.5266756266331419	-0.4663043915423383
0.5266752143890802	-0.4662505788169561
0.5266748911226856	-0.4661966115180539
0.5266746560547856	-0.4661424894019074
0.5266745094681962	-0.4660882119848080
0.5266744508552323	-0.4660337786814407
0.5266744799054656	-0.4659791900521312
0.5266745975299034	-0.4659244432155918
0.5266747956265169	-0.4658695398096172
0.5266750940430029	-0.4658144800300318
0.5266754637953782	-0.4657592637693066
0.5266759387038777	-0.4657038853476034
0.5266764910403614	-0.4656483505589023
0.5266771298438468	-0.4655926565453094
0.5266778547243741	-0.4655368030134596
0.5266786659906720	-0.4654807894743517
0.5266795621148020	-0.4654246156348324
0.5266805442745212	-0.4653682815576730
0.5266816119684511	-0.4653117689705299
0.5266827639855448	-0.4652551289464116
0.5266840013602279	-0.4651983094278165
0.5266853222255743	-0.4651413279859023
0.5266867276627873	-0.4650841841145460
0.5266882188070892	-0.4650268760961840
0.5266897924216786	-0.4649694037375715
0.5266914496715349	-0.4649117691998525
0.5266931895170432	-0.4648539689279396
0.5266950400803745	-0.4647959810908746
0.5266969430108752	-0.4647378633226518
0.5266989097684128	-0.4646795763590046
0.5267009812845862	-0.4646211133103000
0.5267031347582460	-0.4645624827891406
0.5267053688732789	-0.4645036867463835
0.5267076859162315	-0.4644447217742650
0.5267100860054902	-0.4643855891374187
0.5267125633015259	-0.4643262871783381
0.5267151247064037	-0.4642668176981560
0.5267177638131444	-0.4642071772482776
0.5267204910938561	-0.4641473467721277
0.5267232841516371	-0.4640873874284148
0.5267261638406351	-0.4640272363337044
0.5267291227090831	-0.4639669137664477
0.5267321602068139	-0.4639064215226187
0.5267352772762129	-0.4638457509107125
0.5267384728018593	-0.4637849137869015
0.5267417477393056	-0.4637239009173624
0.5267450975279246	-0.4636627184505823
0.5267485105404295	-0.4636013153185872
0.5267520715208953	-0.4635398125418832
0.5267555778890534	-0.4634781678374573
0.5267592918094739	-0.4634162454640144
0.5267630128511244	-0.4633541677974654
0.5267668244155641	-0.4632919316441297
0.5267706471642584	-0.4632294490289715
0.5267746749796877	-0.4631669264644631
0.5267787790478594	-0.4631040712297596
0.5267828263696336	-0.4630412121338133
0.5267870162965029	-0.4629780854125069
0.5267912208915004	-0.4629148158801110
0.5267956102696806	-0.4628512956754544
0.5268000215801962	-0.4627876301598726
0.5268045186192079	-0.4627236750567802
0.5268091418004098	-0.4626597224916271
0.5268138273037318	-0.4625955531134262
0.5268183570914428	-0.4625311519564112
0.5268231534884640	-0.4624665870143251
0.5268279951356324	-0.4624018340743012
0.5268329106774864	-0.4623368884032970
0.5268378209980729	-0.4622717930678817
0.5268429319565917	-0.4622065122675217
0.5268480774119449	-0.4621409610961699
0.5268532674239577	-0.4620752820184293
0.5268585356477233	-0.4620094159363815
0.5268638578160516	-0.4619433664916065
0.5268692668817654	-0.4618771276822426
0.5268747365094958	-0.4618107002954966
0.5268802824040389	-0.4617440821737036
0.5268858717775383	-0.4616772781102580
0.5268913760111571	-0.4616102875617404
0.5268975910543388	-0.4615431736341167
0.5269030525213448	-0.4614756191363379
0.5269091165824876	-0.4614082793634947
0.5269151715071508	-0.4613405521219890
0.5269208305940621	-0.4612725227117306
0.5269272230768810	-0.4612040939912360
0.5269330447380562	-0.4611360015791668
0.5269389288698924	-0.4610674127472668
0.5269454163213889	-0.4609988339451557
0.5269517497058673	-0.4609298767279759
0.5269582691589110	-0.4608605232017572
0.5269646477344718	-0.4607914478519283
0.5269709757181736	-0.4607218034396856
0.5269778572625814	-0.4606523180564772
0.5269843293268344	-0.4605823958883080
0.5269910357098252	-0.4605122932616577
0.5269981740166828	-0.4604414562914945
0.5270045869188604	-0.4603715408156087
0.5270119757565177	-0.4603009521255744
0.5270183987313916	-0.4602299455934645
0.5270249048501660	-0.4601589825008842
0.5270327218816823	-0.4600873424127829
0.5270394896797235	-0.4600161597853486
0.5270463608380177	-0.4599446399075924
0.5270537682552472	-0.4598723965771003
0.5270611111182547	-0.4598006496930859
0.5270684390270101	-0.4597281679103331
0.5270751621931046	-0.4596563204659525
0.5270830786026246	-0.4595831459468944
0.5270908305980058	-0.4595103068807636
0.5270979557797041	-0.4594370284758698
0.5271061003148231	-0.4593637925526895
0.5271146879256658	-0.4592913631839569
0.5271200589610465	-0.4592172550216814
0.5271288339025565	-0.4591425051212599
0.5271373970072849	-0.4590680508129859
0.5271445293025371	-0.4589939280845769
0.5271541871432673	-0.4589199427165814
0.5271605441458561	-0.4588446037148886
0.5271687697216845	-0.4587699956860984
0.5271757721216233	-0.4586941964364327
0.5271840686128625	-0.4586182350286348
0.5271923248480173	-0.4585434162878739
0.5272025642672052	-0.4584669805536762
0.5272078849945652	-0.4583893836204040
0.5272173992340328	-0.4583150162481281
0.5272278364118623	-0.4582358618433718
0.5272332874183546	-0.4581608912838890
0.5272434089942299	-0.4580859584991735
0.5272501748606997	-0.4580087048130205
0.5272581469134867	-0.4579294227866755
0.5272665879103234	-0.4578547060068730
0.5272750988553899	-0.4577761839038488
0.5272852714607532	-0.4576975783815167
0.5272943420978907	-0.4576195940951521
0.5273004206614308	-0.4575438923091105
0.5273173460009252	-0.4574591184182594
0.5273236963048317	-0.4573814300692424
0.5273296177967918	-0.4573059724594449
0.5273398615653684	-0.4572165504208399
0.5273476046518170	-0.4571456581214987
0.5273547468291617	-0.4570654687743071
0.5273600578573294	-0.4569874315673870
0.5273707419753781	-0.4569027504374237
0.5273906199230806	-0.4568233446199483
0.5273969881696944	-0.4567479782120780
0.5274005919286728	-0.4566627523962624
0.5274007527718066	-0.4565809165032297
0.5274218117139808	-0.4565011741120003
0.5274320554825573	-0.4564117520733952
0.5274422992511340	-0.4563223300347903
0.5274525430197106	-0.4562329079961854
0.5274627867882871	-0.4561434859575804
0.5274832143010091	-0.4561008187211303
0.5274702416103384	-0.4560168548036901
0.5274845875203324	-0.4559272006044807
0.5274989319579462	-0.4558339055501157
0.5275148527357131	-0.4557716923153188
0.5275140056311699	-0.4556963757645556
0.5275242493997464	-0.4556069537259506
0.5275344931683230	-0.4555175316873457
0.5275447369368996	-0.4554281096487408
0.5275549807054761	-0.4553386876101357
0.5275652244740527	-0.4552492655715308
0.5275754682426292	-0.4551598435329259
0.5275857120112059	-0.4550704214943209
0.5275959557797824	-0.4549809994557160
0.5276061995483590	-0.4548915774171110
0.5276061995483590	-0.4548915774171110
0.5276164433169355	-0.4548021553785060
0.5276266870855121	-0.4547127333399011
0.5276369308540887	-0.4546233113012962
0.5276471746226652	-0.4545338892626911
0.5276574183912418	-0.4544444672240862
0.5276676621598184	-0.4543550451854813
0.5276779059283949	-0.4542656231468763
0.5276881496969714	-0.4541762011082713
0.5276983934655480	-0.4540867790696664
0.5276983934655480	-0.4540867790696664
0.5277086372341245	-0.4539973570310614
0.5277188810027011	-0.4539079349924565
0.5277291247712778	-0.4538185129538516
0.5277393685398543	-0.4537290909152465
0.5277496123084309	-0.4536396688766415
0.5277598560770074	-0.4535502468380366
0.5277700998455840	-0.4534608247994317
0.5277803436141605	-0.4533714027608267
0.5277905873827371	-0.4532819807222218
0.5277905873827371	-0.4532819807222218
0.5278008311513136	-0.4531925586836167
0.5278110749198902	-0.4531031366450118
0.5278213186884668	-0.4530137146064069
0.5278315624570433	-0.4529242925678019
0.5278418062256199	-0.4528348705291969
0.5278520499941964	-0.4527454484905920
0.5278622937627730	-0.4526560264519870
0.5278725375313496	-0.4525666044133821
0.5278827812999262	-0.4524771823747771
0.5278827812999262	-0.4524771823747771
0.5278930250685027	-0.4523877603361721
0.5279032688370793	-0.4522983382975672
0.5279135126056559	-0.4522089162589623
0.5279237563742324	-0.4521194942203572
0.5279340001428090	-0.4520300721817523
0.5279442439113855	-0.4519406501431474
0.5279544876799621	-0.4518512281045424
0.5279647314485387	-0.4517618060659375
0.5279749752171152	-0.4516723840273325
0.5279749752171152	-0.4516723840273325
0.5279852189856917	-0.4515829619887275
0.5279954627542683	-0.4514935399501226
0.5280057065228450	-0.4514041179115177
0.5280159502914215	-0.4513146958729126
0.5280261940599981	-0.4512252738343077
0.5280364378285746	-0.4511358517957028
0.5280466815971512	-0.4510464297570978
0.5280569253657278	-0.4509570077184928
0.5280671691343043	-0.4508675856798879
0.5280671691343043	-0.4508675856798879
0.5280774129028808	-0.4507781636412829
0.5280876566714574	-0.4506887416026780
0.5280979004400340	-0.4505993195640731
0.5281081442086105	-0.4505098975254680
0.5281183879771871	-0.4504204754868630
0.5281286317457636	-0.4503310534482581
0.5281388755143402	-0.4502416314096532
0.5281491192829169	-0.4501522093710482
0.5281593630514934	-0.4500627873324433
0.5281593630514934	-0.4500627873324433
0.5281696068200699	-0.4499733652938382
0.5281798505886465	-0.4498839432552333
0.5281900943572231	-0.4497945212166284
0.5282003381257996	-0.4497050991780234
0.5282105818943762	-0.4496156771394185
0.5282208256629528	-0.4495262551008135
0.5282310694315293	-0.4494368330622086
0.5282413132001059	-0.4493474110236036
0.5282515569686824	-0.4492579889849986
0.5282515569686824	-0.4492579889849986
0.5282618007372590	-0.4491685669463936
0.5282720445058355	-0.4490791449077887
0.5282822882744121	-0.4489897228691838
0.5282925320429886	-0.4489003008305788
0.5283027758115653	-0.4488108787919738
0.5283130195801418	-0.4487214567533689
0.5283232633487184	-0.4486320347147639
0.5283335071172949	-0.4485426126761590
0.5283437508858715	-0.4484531906375540
0.5283437508858715	-0.4484531906375540
0.5283539946544480	-0.4483637685989490
0.5283642384230246	-0.4482743465603441
0.5283744821916012	-0.4481849245217392
0.5283847259601777	-0.4480955024831342
0.5283949697287542	-0.4480060804445292
0.5284052134973308	-0.4479166584059243
0.5284154572659074	-0.4478272363673193
0.5284257010344839	-0.4477378143287143
0.5284359448030606	-0.4476483922901094
0.5284359448030606	-0.4476483922901094
0.5284461885716371	-0.4475589702515044
0.5284564323402137	-0.4474695482128995
0.5284666761087903	-0.4473801261742946
0.5284769198773668	-0.4472907041356896
0.5284871636459434	-0.4472012820970846
0.5284974074145199	-0.4471118600584796
0.5285076511830965	-0.4470224380198747
0.5285178949516730	-0.4469330159812697
0.5285281387202496	-0.4468435939426648
0.5285281387202496	-0.4468435939426648
0.5285383824888261	-0.4467541719040597
0.5285486262574027	-0.4466647498654548
0.5285588700259793	-0.4465753278268499
0.5285691137945558	-0.4464859057882449
0.5285793575631323	-0.4463964837496400
0.5285896013317090	-0.4463070617110350
0.5285998451002856	-0.4462176396724301
0.5286100888688621	-0.4461282176338251
0.5286203326374387	-0.4460387955952201
0.5286203326374387	-0.4460387955952201
0.5286305764060152	-0.4459493735566151
0.5286408201745918	-0.4458599515180102
0.5286510639431684	-0.4457705294794053
0.5286613077117449	-0.4456811074408003
0.5286715514803215	-0.4455916854021953
0.5286817952488980	-0.4455022633635904
0.5286920390174746	-0.4454128413249854
0.5287022827860511	-0.4453234192863805
0.5287125265546277	-0.4452339972477755
0.5287125265546277	-0.4452339972477755
0.5287227703232042	-0.4451445752091705
0.5287330140917809	-0.4450551531705656
0.5287432578603575	-0.4449657311319607
0.5287535016289340	-0.4448763090933557
0.5287637453975106	-0.4447868870547507
0.5287739891660872	-0.4446974650161458
0.5287842329346637	-0.4446080429775408
0.5287944767032402	-0.4445186209389358
0.5288047204718168	-0.4444291989003309
0.5288047204718168	-0.4444291989003309
0.5288149642403933	-0.4443397768617259
0.5288252080089699	-0.4442503548231210
0.5288354517775465	-0.4441609327845161
0.5288456955461232	-0.4440715107459111
0.5288559393146997	-0.4439820887073061
0.5288661830832762	-0.4438926666687011
0.5288764268518528	-0.4438032446300962
0.5288866706204294	-0.4437138225914912
0.5288969143890059	-0.4436244005528863
0.5288969143890059	-0.4436244005528863
0.5289071581575824	-0.4435349785142813
0.5289174019261590	-0.4434455564756764
0.5289276456947356	-0.4433561344370714
0.5289378894633121	-0.4432667123984664
0.5289481332318887	-0.4431772903598615
0.5289583770004652	-0.4430878683212565
0.5289686207690418	-0.4429984462826516
0.5289788645376184	-0.4429090242440466
0.5289891083061949	-0.4428196022054416
0.5289891083061949	-0.4428196022054416
0.5289993520747716	-0.4427301801668367
0.5290095958433481	-0.4426407581282318
0.5290198396119246	-0.4425513360896267
0.5290300833805013	-0.4424619140510219
0.5290403271490778	-0.4423724920124169
0.5290505709176543	-0.4422830699738119
0.5290608146862308	-0.4421936479352068
0.5290710584548074	-0.4421042258966020
0.5290813022264277	-0.4420148039202990
