0.3467109968791484	-0.2739148752912436
0.3468549526941648	-0.2739020891117483
0.3469990604520926	-0.2738892686465887
0.3471433204455670	-0.2738764138141165
0.3472877329680363	-0.2738635245323681
0.3474322983138341	-0.2738506007191147
0.3475770167781456	-0.2738376422918332
0.3477218886570637	-0.2738246491677181
0.3478669142475059	-0.2738116212636528
0.3480120938473244	-0.2737985584962219
0.3481574277552410	-0.2737854607817415
0.3483029162708672	-0.2737723280362097
0.3484485596946668	-0.2737591601753360
0.3485943583280749	-0.2737459571145192
0.3487403124733601	-0.2737327187688718
0.3488864224337287	-0.2737194450531876
0.3490326885132740	-0.2737061358819757
0.3491791110170260	-0.2736927911694185
0.3493256902508750	-0.2736794108294335
0.3494724265216957	-0.2736659947755627
0.3496193201372278	-0.2736525429211187
0.3497663714061983	-0.2736390551790293
0.3499135806382143	-0.2736255314619517
0.3500609481437824	-0.2736119716822503
0.3502084742344401	-0.2735983757519094
0.3503561592226011	-0.2735847435826571
0.3505040034216298	-0.2735710750858732
0.3506520071458259	-0.2735573701726573
0.3508001707104746	-0.2735436287537258
0.3509484944318160	-0.2735298507395130
0.3510969786269843	-0.2735160360401602
0.3512456236141741	-0.2735021845654128
0.3513944297124841	-0.2734882962247269
0.3515433972419933	-0.2734743709272476
0.3516925265237452	-0.2734604085817846
0.3518418178797888	-0.2734464090967720
0.3519912716331545	-0.2734323723803802
0.3521408881078275	-0.2734182983404133
0.3522906676288264	-0.2734041868843116
0.3524406105221077	-0.2733900379192342
0.3525907171147031	-0.2733758513519706
0.3527409877345745	-0.2733616270889812
0.3528914227107319	-0.2733473650363850
0.3530420223731892	-0.2733330650999303
0.3531927870529727	-0.2733187271850831
0.3533437170821306	-0.2733043511968980
0.3534948127937222	-0.2732899370401090
0.3536460745218494	-0.2732754846191359
0.3537975026016582	-0.2732609938379882
0.3539490973692910	-0.2732464646003537
0.3541008591619698	-0.2732318968095620
0.3542527883179282	-0.2732172903686104
0.3544048851764908	-0.2732026451801029
0.3545571500780109	-0.2731879611462993
0.3547095833638878	-0.2731732381691004
0.3548621853766042	-0.2731584761500500
0.3550149564597198	-0.2731436749903282
0.3551678969578179	-0.2731288345907301
0.3553210072166129	-0.2731139548517032
0.3554742875828558	-0.2730990356733319
0.3556277384044241	-0.2730840769553237
0.3557813600302417	-0.2730690785969950
0.3559351528103689	-0.2730540404973203
0.3560891170959199	-0.2730389625548811
0.3562432532391529	-0.2730238446678688
0.3563975615934178	-0.2730086867341364
0.3565520425131511	-0.2729934886511107
0.3567066963539526	-0.2729782503158635
0.3568615234725273	-0.2729629716250718
0.3570165242266854	-0.2729476524750328
0.3571716989753839	-0.2729322927616493
0.3573270480787233	-0.2729168923804460
0.3574825718979343	-0.2729014512265410
0.3576382707954076	-0.2728859691946598
0.3577941451346674	-0.2728704461791424
0.3579501952803841	-0.2728548820739353
0.3581064215984289	-0.2728392767725817
0.3582628244558169	-0.2728236301682007
0.3584194042207010	-0.2728079421535445
0.3585761612624467	-0.2727922126209468
0.3587330959516146	-0.2727764414623242
0.3588902086598996	-0.2727606285691881
0.3590474997602310	-0.2727447738326533
0.3592049696267063	-0.2727288771434264
0.3593626186346479	-0.2727129383917451
0.3595204471605602	-0.2726969574675235
0.3596784555821715	-0.2726809342601699
0.3598366442784204	-0.2726648686587266
0.3599950136294738	-0.2726487605517806
0.3601535640167199	-0.2726326098275164
0.3603122958227861	-0.2726164163736836
0.3604712094315136	-0.2726001800776107
0.3606303052280060	-0.2725839008261808
0.3607895835986420	-0.2725675785058493
0.3609490449309785	-0.2725512130026473
0.3611086896139043	-0.2725348042021672
0.3612685180375309	-0.2725183519895496
0.3614285305932483	-0.2725018562495002
0.3615887276737423	-0.2724853168662837
0.3617491096729588	-0.2724687337237199
0.3619096769861069	-0.2724521067051806
0.3620704300097519	-0.2724354356935852
0.3622313691416812	-0.2724187205714104
0.3623924947810617	-0.2724019612206584
0.3625538073282970	-0.2723851575228969
0.3627153071851545	-0.2723683093592198
0.3628769947546986	-0.2723514166102726
0.3630388704413219	-0.2723344791562265
0.3632009346507611	-0.2723174968768012
0.3633631877900867	-0.2723004696512308
0.3635256302676944	-0.2722833973582894
0.3636882624933458	-0.2722662798762879
0.3638510848781812	-0.2722491170830255
0.3640140978346419	-0.2722319088558898
0.3641773017765854	-0.2722146550717307
0.3643406971192264	-0.2721973556069335
0.3645042842791660	-0.2721800103374201
0.3646680636743915	-0.2721626191385843
0.3648320357242558	-0.2721451818853811
0.3649962008495542	-0.2721276984522210
0.3651605594724487	-0.2721101687130719
0.3653251120165237	-0.2720925925413749
0.3654898589067874	-0.2720749698100711
0.3656548005696685	-0.2720573003916176
0.3658199374330176	-0.2720395841579568
0.3659852699261103	-0.2720218209805281
0.3661507984797011	-0.2720040107302685
0.3663165235259657	-0.2719861532775756
0.3664824454985397	-0.2719682484923757
0.3666485648325138	-0.2719502962440462
0.3668148819644531	-0.2719322964014591
0.3669813973324132	-0.2719142488329627
0.3671481113758982	-0.2718961534063810
0.3673150245359362	-0.2718780099890073
0.3674821372550076	-0.2718598184476098
0.3676494499771331	-0.2718415786484243
0.3678169631478327	-0.2718232904571459
0.3679846772141226	-0.2718049537389408
0.3681525926245542	-0.2717865683584352
0.3683207098292277	-0.2717681341796946
0.3684890292797325	-0.2717496510662612
0.3686575514292456	-0.2717311188811118
0.3688262767324518	-0.2717125374866849
0.3689952056456456	-0.2716939067448535
0.3691643386266324	-0.2716752265169393
0.3693336761348269	-0.2716564966637052
0.3695032186312038	-0.2716377170453441
0.3696729665783147	-0.2716188875214894
0.3698429204403211	-0.2716000079512083
0.3700130806829903	-0.2715810781929832
0.3701834477736706	-0.2715620981047419
0.3703540221813576	-0.2715430675438081
0.3705248043766295	-0.2715239863669581
0.3706957948317332	-0.2715048544303439
0.3708669940205291	-0.2714856715895718
0.3710384024185233	-0.2714664376996416
0.3712100205028850	-0.2714471526149438
0.3713818487524340	-0.2714278161892985
0.3715538876476692	-0.2714084282759109
0.3717261376707390	-0.2713889887274015
0.3718985993055076	-0.2713694973957596
0.3720712730375125	-0.2713499541323869
0.3722441593539882	-0.2713303587880666
0.3724172587438795	-0.2713107112129697
0.3725905716978530	-0.2712910112566437
0.3727640987082912	-0.2712712587680124
0.3729378402692863	-0.2712514535953920
0.3731117968767156	-0.2712315955864596
0.3732859690281532	-0.2712116845882551
0.3734603572229723	-0.2711917204471896
0.3736349619622840	-0.2711717030090395
0.3738097837489703	-0.2711516321189361
0.3739848230877030	-0.2711315076213721
0.3741600804849358	-0.2711113293601831
0.3743355564489186	-0.2710910971785614
0.3745112514897045	-0.2710708109190356
0.3746871661191762	-0.2710504704234835
0.3748633008510190	-0.2710300755331184
0.3750396562007604	-0.2710096260884894
0.3752162326857635	-0.2709891219294721
0.3753930308252341	-0.2709685628952753
0.3755700511402407	-0.2709479488244268
0.3757472941537173	-0.2709272795547812
0.3759247603904743	-0.2709065549235001
0.3761024503772117	-0.2708857747670652
0.3762803646424994	-0.2708649389212622
0.3764585037168315	-0.2708440472211884
0.3766368681325991	-0.2708230995012408
0.3768154584241298	-0.2708020955951063
0.3769942751276598	-0.2707810353357777
0.3771733187813713	-0.2707599185555313
0.3773525899254018	-0.2707387450859290
0.3775320891018373	-0.2707175147578156
0.3777118168547263	-0.2706962274013235
0.3778917737301092	-0.2706748828458466
0.3780719602759959	-0.2706534809200566
0.3782523770424033	-0.2706320214518844
0.3784330245813317	-0.2706105042685398
0.3786139034468229	-0.2705889291964745
0.3787950141949263	-0.2705672960614020
0.3789763573837330	-0.2705456046882827
0.3791579335733650	-0.2705238549013372
0.3793397433260197	-0.2705020465240031
0.3795217872059250	-0.2704801793789789
0.3797040657794179	-0.2704582532881847
0.3798865796149121	-0.2704362680727715
0.3800693292828916	-0.2704142235531229
0.3802523153559556	-0.2703921195488320
0.3804355384088386	-0.2703699558787196
0.3806189990183771	-0.2703477323608141
0.3808026977635490	-0.2703254488123444
0.3809866352254779	-0.2703031050497575
0.3811708119874450	-0.2702807008886917
0.3813552286348976	-0.2702582361439767
0.3815398857554637	-0.2702357106296375
0.3817247839389515	-0.2702131241588838
0.3819099237773825	-0.2701904765441026
0.3820953058649718	-0.2701677675968621
0.3822809307981718	-0.2701449971279034
0.3824667991756486	-0.2701221649471290
0.3826529115983324	-0.2700992708636030
0.3828392686693868	-0.2700763146855544
0.3830258709942546	-0.2700532962203607
0.3832127191806606	-0.2700302152745469
0.3833998138385974	-0.2700070716537807
0.3835871555803713	-0.2699838651628745
0.3837747450205991	-0.2699605956057688
0.3839625827762232	-0.2699372627855314
0.3841506694665069	-0.2699138665043563
0.3843390057130683	-0.2698904065635545
0.3845275921399002	-0.2698668827635530
0.3847164293733260	-0.2698432949038863
0.3849055180420834	-0.2698196427831904
0.3850948587772940	-0.2697959261992061
0.3852844522124789	-0.2697721449487562
0.3854742989835875	-0.2697482988277590
0.3856643997289943	-0.2697243876312160
0.3858547550895143	-0.2697004111532038
0.3860453657084216	-0.2696763691868669
0.3862362322314505	-0.2696522615244294
0.3864273553068235	-0.2696280879571613
0.3866187355852523	-0.2696038482753946
0.3868103737199556	-0.2695795422685148
0.3870022703666594	-0.2695551697249464
0.3871944261836373	-0.2695307304321625
0.3873868418316939	-0.2695062241766561
0.3875795179741982	-0.2694816507439605
0.3877724552770864	-0.2694570099186231
0.3879656544088720	-0.2694323014842144
0.3881591160406745	-0.2694075252233125
0.3883528408462209	-0.2693826809174983
0.3885468295018520	-0.2693577683473538
0.3887410826865642	-0.2693327872924561
0.3889356010819804	-0.2693077375313702
0.3891303853724086	-0.2692826188416407
0.3893254362448221	-0.2692574309997846
0.3895207543888908	-0.2692321737812933
0.3897163404969921	-0.2692068469606164
0.3899121952642168	-0.2691814503111644
0.3901083193883906	-0.2691559836053031
0.3903047135701017	-0.2691304466143320
0.3905013785126749	-0.2691048391084959
0.3906983149222405	-0.2690791608569698
0.3908955235076964	-0.2690534116278575
0.3910930049807582	-0.2690275911881758
0.3912907600559646	-0.2690016993038630
0.3914887894506794	-0.2689757357397544
0.3916870938851280	-0.2689497002595916
0.3918856740823978	-0.2689235926260046
0.3920845307684531	-0.2688974126005150
0.3922836646721565	-0.2688711599435215
0.3924830765252827	-0.2688448344142926
0.3926827670625332	-0.2688184357709681
0.3928827370215482	-0.2687919637705458
0.3930829871429341	-0.2687654181688706
0.3932835181702558	-0.2687387987206427
0.3934843308500846	-0.2687121051793939
0.3936854259319806	-0.2686853372974876
0.3938868041685387	-0.2686584948261111
0.3940884663153802	-0.2686315775152748
0.3942904131311915	-0.2686045851137899
0.3944926453777134	-0.2685775173692759
0.3946951638197865	-0.2685503740281490
0.3948979692253518	-0.2685231548356077
0.3951010623654607	-0.2684958595356322
0.3953044440143093	-0.2684684878709802
0.3955081149492510	-0.2684410395831692
0.3957120759507929	-0.2684135144124791
0.3959163278026463	-0.2683859120979346
0.3961208712917172	-0.2683582323773074
0.3963257072081369	-0.2683304749871027
0.3965308363452783	-0.2683026396625499
0.3967362594997614	-0.2682747261375988
0.3969419774714942	-0.2682467341449123
0.3971479910636660	-0.2682186634158506
0.3973543010827801	-0.2681905136804728
0.3975609083386738	-0.2681622846675240
0.3977678136445203	-0.2681339761044276
0.3979750178168651	-0.2681055877172770
0.3981825216756338	-0.2680771192308221
0.3983903260441566	-0.2680485703684772
0.3985984317491814	-0.2680199408522927
0.3988068396208982	-0.2679912304029535
0.3990155504929442	-0.2679624387397833
0.3992245652024544	-0.2679335655807130
0.3994338845900394	-0.2679046106422902
0.3996435094998407	-0.2678755736396632
0.3998534407795274	-0.2678464542865719
0.4000636792803221	-0.2678172522953391
0.4002742258570280	-0.2677879673768623
0.4004850813680366	-0.2677585992406080
0.4006962466753575	-0.2677291475945969
0.4009077226446359	-0.2676996121453953
0.4011195101451658	-0.2676699925981094
0.4013316100499208	-0.2676402886563739
0.4015440232355708	-0.2676105000223441
0.4017567505825003	-0.2675806263966784
0.4019697929748288	-0.2675506674785453
0.4021831513004381	-0.2675206229655948
0.4023968264509865	-0.2674904925539633
0.4026108193219353	-0.2674602759382549
0.4028251308125667	-0.2674299728115357
0.4030397618260020	-0.2673995828653258
0.4032547132692387	-0.2673691057895783
0.4034699860531500	-0.2673385412726842
0.4036855810925253	-0.2673078890014534
0.4039014993060803	-0.2672771486611080
0.4041177416164867	-0.2672463199352651
0.4043343089503978	-0.2672154025059318
0.4045512022384555	-0.2671843960535004
0.4047684224153296	-0.2671533002567272
0.4049859704197351	-0.2671221147927232
0.4052038471944482	-0.2670908393369524
0.4054220536863491	-0.2670594735632117
0.4056405908464185	-0.2670280171436222
0.4058594596297780	-0.2669964697486206
0.4060786609957224	-0.2669648310469465
0.4062981959077213	-0.2669331007056289
0.4065180653334552	-0.2669012783899783
0.4067382702448415	-0.2668693637635761
0.4069588116180533	-0.2668373564882596
0.4071796904335537	-0.2668052562241094
0.4074009076761098	-0.2667730626294434
0.4076224643348207	-0.2667407753607993
0.4078443614031475	-0.2667083940729287
0.4080665998789308	-0.2666759184187775
0.4082891807644274	-0.2666433480494810
0.4085121050663193	-0.2666106826143482
0.4087353737957607	-0.2665779217608485
0.4089589879683844	-0.2665450651346012
0.4091829486043450	-0.2665121123793633
0.4094072567283245	-0.2664790631370165
0.4096319133695882	-0.2664459170475517
0.4098569195619801	-0.2664126737490644
0.4100822763439748	-0.2663793328777292
0.4103079847586860	-0.2663458940677990
0.4105340458539168	-0.2663123569515840
0.4107604606821560	-0.2662787211594414
0.4109872303006376	-0.2662449863197644
0.4112143557713471	-0.2662111520589627
0.4114418381610591	-0.2661772180014527
0.4116696785413677	-0.2661431837696468
0.4118978779887053	-0.2661090489839330
0.4121264375843789	-0.2660748132626667
0.4123553584146054	-0.2660404762221529
0.4125846415705270	-0.2660060374766343
0.4128142881482462	-0.2659714966382757
0.4130442992488614	-0.2659368533171504
0.4132746759784940	-0.2659021071212253
0.4135054194483086	-0.2658672576563504
0.4137365307745592	-0.2658323045262335
0.4139680110786095	-0.2657972473324364
0.4141998614869687	-0.2657620856743556
0.4144320831313187	-0.2657268191492059
0.4146646771485517	-0.2656914473520057
0.4148976446807900	-0.2656559698755667
0.4151309868754338	-0.2656203863104685
0.4153647048851787	-0.2655846962450514
0.4155987998680601	-0.2655488992653993
0.4158332729874775	-0.2655129949553167
0.4160681254122258	-0.2654769828963272
0.4163033583165396	-0.2654408626676412
0.4165389728801131	-0.2654046338461487
0.4167749702881479	-0.2653682960064010
0.4170113517313673	-0.2653318487205970
0.4172481184060746	-0.2652952915585576
0.4174852715141667	-0.2652586240877208
0.4177228122631760	-0.2652218458731154
0.4179607418663132	-0.2651849564773489
0.4181990615424895	-0.2651479554605864
0.4184377725163602	-0.2651108423805341
0.4186768760183575	-0.2650736167924294
0.4189163732847264	-0.2650362782490078
0.4191562655575652	-0.2649988263004985
0.4193965540848523	-0.2649612604946016
0.4196372401204942	-0.2649235803764676
0.4198783249243534	-0.2648857854886826
0.4201198097622961	-0.2648478753712468
0.4203616959062156	-0.2648098495615600
0.4206039846340843	-0.2647717075943957
0.4208466772299827	-0.2647334490018899
0.4210897749841435	-0.2646950733135177
0.4213332791929860	-0.2646565800560716
0.4215771911591591	-0.2646179687536483
0.4218215121915777	-0.2645792389276248
0.4220662436054645	-0.2645403900966360
0.4223113867223903	-0.2645014217765619
0.4225569428703121	-0.2644623334805010
0.4228029133836138	-0.2644231247187517
0.4230492996031515	-0.2643837949987941
0.4232961028762920	-0.2643443438252641
0.4235433245569505	-0.2643047706999385
0.4237909660056444	-0.2642650751217079
0.4240390285895182	-0.2642252565865597
0.4242875136824040	-0.2641853145875534
0.4245364226648495	-0.2641452486148042
0.4247857569241732	-0.2641050581554539
0.4250355178545042	-0.2640647426936515
0.4252857068568212	-0.2640243017105322
0.4255363253390002	-0.2639837346841966
0.4257873747158645	-0.2639430410896814
0.4260388564092240	-0.2639022203989442
0.4262907718479192	-0.2638612720808328
0.4265431224678735	-0.2638201956010681
0.4267959097121345	-0.2637789904222161
0.4270491350309199	-0.2637376560036691
0.4273027998816735	-0.2636961918016139
0.4275569057290953	-0.2636545972690161
0.4278114540452073	-0.2636128718555891
0.4280664463093934	-0.2635710150077725
0.4283218840084435	-0.2635290261687073
0.4285777686366146	-0.2634869047782104
0.4288341016956667	-0.2634446502727463
0.4290908846949221	-0.2634022620854076
0.4293481191513130	-0.2633597396458805
0.4296058065894262	-0.2633170823804298
0.4298639485415680	-0.2632742897118621
0.4301225465477958	-0.2632313610595057
0.4303816021559899	-0.2631882958391796
0.4306411169218929	-0.2631450934631707
0.4309010924091683	-0.2631017533402019
0.4311615301894478	-0.2630582748754095
0.4314224318423919	-0.2630146574703106
0.4316837989557403	-0.2629709005227777
0.4319456331253659	-0.2629270034270080
0.4322079359553279	-0.2628829655735004
0.4324707090579356	-0.2628387863490180
0.4327339540537937	-0.2627944651365650
0.4329976725718646	-0.2627500013153580
0.4332618662495241	-0.2627053942607904
0.4335265367326188	-0.2626606433444088
0.4337916856755212	-0.2626157479338775
0.4340573147411936	-0.2625707073929514
0.4343234256012409	-0.2625255210814433
0.4345900199359719	-0.2624801883551938
0.4348570994344605	-0.2624347085660396
0.4351246657946062	-0.2623890810617802
0.4353927207231895	-0.2623433051861488
0.4356612659359412	-0.2622973802787754
0.4359303031575961	-0.2622513056751597
0.4361998341219632	-0.2622050807066329
0.4364698605719813	-0.2621587047003281
0.4367403842597893	-0.2621121769791445
0.4370114069467811	-0.2620654968617140
0.4372829304036793	-0.2620186636623668
0.4375549564105967	-0.2619716766910984
0.4378274867570999	-0.2619245352535293
0.4381005232422780	-0.2618772386508784
0.4383740676748063	-0.2618297861799183
0.4386481218730193	-0.2617821771329443
0.4389226876649724	-0.2617344107977386
0.4391977668885145	-0.2616864864575307
0.4394733613913521	-0.2616384033909624
0.4397494730311291	-0.2615901608720475
0.4400261036754844	-0.2615417581701385
0.4403032552021304	-0.2614931945498842
0.4405809294989268	-0.2614444692711941
0.4408591284639432	-0.2613955815891968
0.4411378540055405	-0.2613465307542027
0.4414171080424418	-0.2612973160116642
0.4416968925038067	-0.2612479366021332
0.4419772093293051	-0.2611983917612245
0.4422580604691903	-0.2611486807195701
0.4425394478843835	-0.2610988027027827
0.4428213735465392	-0.2610487569314104
0.4431038394381335	-0.2609985426208955
0.4433868475525325	-0.2609481589815336
0.4436703998940787	-0.2608976052184279
0.4439544984781685	-0.2608468805314468
0.4442391453313282	-0.2607959841151810
0.4445243424913017	-0.2607449151588984
0.4448100920071270	-0.2606936728464976
0.4450963959392208	-0.2606422563564667
0.4453832563594621	-0.2605906648618328
0.4456706753512760	-0.2605388975301200
0.4459586550097164	-0.2604869535233004
0.4462471974415531	-0.2604348319977474
0.4465363047653617	-0.2603825321041876
0.4468259791116015	-0.2603300529876539
0.4471162226227137	-0.2602773937874378
0.4474070374532020	-0.2602245536370362
0.4476984257697266	-0.2601715316641063
0.4479903897511927	-0.2601183269904144
0.4482829315888439	-0.2600649387317821
0.4485760534863483	-0.2600113659980400
0.4488697576599013	-0.2599576078929725
0.4491640463383087	-0.2599036635142676
0.4494589217630885	-0.2598495319534627
0.4497543861885624	-0.2597952122958924
0.4500504418819536	-0.2597407036206343
0.4503470911234870	-0.2596860050004552
0.4506443362064790	-0.2596311155017532
0.4509421794374465	-0.2595760341845080
0.4512406231361993	-0.2595207601022180
0.4515396696359466	-0.2594652923018490
0.4518393212833947	-0.2594096298237723
0.4521395804388508	-0.2593537717017133
0.4524404494763288	-0.2592977169626836
0.4527419307836523	-0.2592414646269308
0.4530440267625616	-0.2591850137078741
0.4533467398288170	-0.2591283632120441
0.4536500724123131	-0.2590715121390236
0.4539540269571813	-0.2590144594813840
0.4542586059219027	-0.2589572042246230
0.4545638117794188	-0.2588997453471037
0.4548696470172446	-0.2588420818199882
0.4551761141375784	-0.2587842126071766
0.4554832156574188	-0.2587261366652361
0.4557909541086808	-0.2586678529433427
0.4560993320383063	-0.2586093603832086
0.4564083520083908	-0.2585506579190177
0.4567180165962939	-0.2584917444773582
0.4570283283947655	-0.2584326189771514
0.4573392900120581	-0.2583732803295854
0.4576509040720614	-0.2583137274380431
0.4579631732144138	-0.2582539591980311
0.4582761000946355	-0.2581939744971086
0.4585896873842469	-0.2581337722148150
0.4589039377709040	-0.2580733512225962
0.4592188539585182	-0.2580127103837315
0.4595344386673931	-0.2579518485532574
0.4598506946343507	-0.2578907645778913
0.4601676246128647	-0.2578294572959576
0.4604852313731961	-0.2577679255373083
0.4608035177025234	-0.2577061681232455
0.4611224864050841	-0.2576441838664407
0.4614421403023095	-0.2575819715708580
0.4617624822329627	-0.2575195300316687
0.4620835150532807	-0.2574568580351742
0.4624052416371139	-0.2573939543587199
0.4627276648760734	-0.2573308177706142
0.4630507876796706	-0.2572674470300407
0.4633746129754669	-0.2572038408869761
0.4636991437092186	-0.2571399980821004
0.4640243828450294	-0.2570759173467127
0.4643503333654956	-0.2570115974026400
0.4646769982718647	-0.2569470369621505
0.4650043805841834	-0.2568822347278596
0.4653324833414566	-0.2568171893926421
0.4656613096018006	-0.2567518996395362
0.4659908624426070	-0.2566863641416539
0.4663211449606963	-0.2566205815620830
0.4666521602724847	-0.2565545505537911
0.4669839115141459	-0.2564882697595328
0.4673164018417734	-0.2564217378117476
0.4676496344315537	-0.2563549533324626
0.4679836124799276	-0.2562879149331911
0.4683183392037663	-0.2562206212148348
0.4686538178405404	-0.2561530707675763
0.4689900516484936	-0.2560852621707783
0.4693270439068221	-0.2560171939928791
0.4696647979158476	-0.2559488647912839
0.4700033169971983	-0.2558802731122600
0.4703426044939931	-0.2558114174908278
0.4706826637710218	-0.2557422964506491
0.4710234982149304	-0.2556729085039164
0.4713651112344102	-0.2556032521512437
0.4717075062603853	-0.2555333258815478
0.4720506867462055	-0.2554631281719358
0.4723946561678391	-0.2553926574875890
0.4727394180240660	-0.2553219122816438
0.4730849758366812	-0.2552508909950726
0.4734313331506855	-0.2551795920565630
0.4737784935344965	-0.2551080138823971
0.4741264605801478	-0.2550361548763249
0.4744752379034945	-0.2549640134294435
0.4748248291444235	-0.2548915879200661
0.4751752379670675	-0.2548188767135968
0.4755264680600078	-0.2547458781624003
0.4758785231365037	-0.2546725906056693
0.4762314069346992	-0.2545990123692948
0.4765851232178481	-0.2545251417657282
0.4769396757745353	-0.2544509770938483
0.4772950684189030	-0.2543765166388206
0.4776513049908775	-0.2543017586719621
0.4780083893564006	-0.2542267014505957
0.4783663254076583	-0.2541513432179107
0.4787251170633239	-0.2540756822028174
0.4790847682687864	-0.2539997166198000
0.4794452829963994	-0.2539234446687706
0.4798066652457192	-0.2538468645349163
0.4801689190437544	-0.2537699743885506
0.4805320484452120	-0.2536927723849572
0.4808960575327509	-0.2536152566642369
0.4812609504172359	-0.2535374253511486
0.4816267312379960	-0.2534592765549494
0.4819934041630835	-0.2533808083692354
0.4823609733895382	-0.2533020188717770
0.4827294431436539	-0.2532229061243527
0.4830988176812490	-0.2531434681725830
0.4834691012879359	-0.2530637030457605
0.4838402982794014	-0.2529836087566779
0.4842124130016815	-0.2529031833014541
0.4845854498314466	-0.2528224246593586
0.4849594131762864	-0.2527413307926315
0.4853343074749971	-0.2526598996463062
0.4857101371978756	-0.2525781291480235
0.4860869068470160	-0.2524960172078465
0.4864646209566053	-0.2524135617180763
0.4868432840932307	-0.2523307605530578
0.4872229008561819	-0.2522476115689901
0.4876034758777629	-0.2521641126037306
0.4879850138236079	-0.2520802614765978
0.4883675193929933	-0.2519960559881714
0.4887509973191652	-0.2519114939200895
0.4891354523696591	-0.2518265730348442
0.4895208893466323	-0.2517412910755727
0.4899073130871957	-0.2516556457658485
0.4902947284637512	-0.2515696348094654
0.4906831403843319	-0.2514832558902246
0.4910725537929483	-0.2513965066717134
0.4914629736699373	-0.2513093847970855
0.4918544050323160	-0.2512218878888337
0.4922468529341399	-0.2511340135485650
0.4926403224668663	-0.2510457593567684
0.4930348187597179	-0.2509571228725815
0.4934303469800587	-0.2508681016335542
0.4938269123337666	-0.2507786931554076
0.4942245200656156	-0.2506888949317923
0.4946231754596622	-0.2505987044340409
0.4950228838396336	-0.2505081191109188
0.4954236505693238	-0.2504171363883712
0.4958254810529945	-0.2503257536692663
0.4962283807357802	-0.2502339683331358
0.4966323551040969	-0.2501417777359105
0.4970374096860590	-0.2500491792096551
0.4974435500519007	-0.2499561700622964
0.4978507818143998	-0.2498627475773477
0.4982591106293117	-0.2497689090136336
0.4986685421958059	-0.2496746516050063
0.4990790822569074	-0.2495799725600596
0.4994907365999480	-0.2494848690618406
0.4999035110570161	-0.2493893382675552
0.5003174115054214	-0.2492933773082703
0.5007324438681594	-0.2491969832886116
0.5011486141143817	-0.2491001532864591
0.5015659282598766	-0.2490028843526358
0.5019843923675542	-0.2489051735105924
0.5024040125479342	-0.2488070177560899
0.5028247949596466	-0.2487084140568747
0.5032467458099344	-0.2486093593523511
0.5036698713551657	-0.2485098505532500
0.5040941779013475	-0.2484098845412882
0.5045196718046554	-0.2483094581688304
0.5049463594719600	-0.2482085682585388
0.5053742473613698	-0.2481072116030238
0.5058033419827743	-0.2480053849644851
0.5062336498983976	-0.2479030850743508
0.5066651777233605	-0.2478003086329095
0.5070979321262474	-0.2476970523089397
0.5075319198296826	-0.2475933127393286
0.5079671476109153	-0.2474890865286916
0.5084036223024100	-0.2473843702489829
0.5088413507924477	-0.2472791604391000
0.5092803400257344	-0.2471734536044845
0.5097205970040167	-0.2470672462167154
0.5101621287867081	-0.2469605347130976
0.5106049424915237	-0.2468533154962434
0.5110490452951221	-0.2467455849336486
0.5114944444337570	-0.2466373393572613
0.5119411472039397	-0.2465285750630472
0.5123891609631082	-0.2464192883105430
0.5128384931303089	-0.2463094753224093
0.5132891511868837	-0.2461991322839727
0.5137411426771713	-0.2460882553427631
0.5141944752092167	-0.2459768406080426
0.5146491564554895	-0.2458648841503282
0.5151051941536144	-0.2457523820009080
0.5155625961071120	-0.2456393301513478
0.5160213701861496	-0.2455257245529933
0.5164815243283035	-0.2454115611164624
0.5169430665393330	-0.2452968357111299
0.5174060048939619	-0.2451815441646057
0.5178703475366788	-0.2450656822622047
0.5183361026825419	-0.2449492457464066
0.5188032786179988	-0.2448322303163099
0.5192718837017196	-0.2447146316270766
0.5197419263654408	-0.2445964452893676
0.5202134151148206	-0.2444776668687698
0.5206863585303109	-0.2443582918852147
0.5211607652680376	-0.2442383158123874
0.5216366440606983	-0.2441177340771270
0.5221140037184709	-0.2439965420588154
0.5225928531299373	-0.2438747350887604
0.5230732012630207	-0.2437523084495649
0.5235550571659375	-0.2436292573744892
0.5240384299681629	-0.2435055770468009
0.5245233288814137	-0.2433812625991158
0.5250097632006425	-0.2432563091127292
0.5254977423050515	-0.2431307116169326
0.5259872756591193	-0.2430044650883242
0.5264783728136435	-0.2428775644501049
0.5269710434068027	-0.2427500045713641
0.5274652971652309	-0.2426217802663544
0.5279611439051134	-0.2424928862937540
0.5284585935332954	-0.2423633173559147
0.5289576560484130	-0.2422330680981034
0.5294583415420377	-0.2421021331077248
0.5299606601998429	-0.2419705069135351
0.5304646223027863	-0.2418381839848411
0.5309702382283146	-0.2417051587306870
0.5314775184515843	-0.2415714254990264
0.5319864735467027	-0.2414369785758820
0.5324971141879948	-0.2413018121844899
0.5330094511512810	-0.2411659204844301
0.5335234953151854	-0.2410292975707419
0.5340392576624595	-0.2408919374730248
0.5345567492813305	-0.2407538341545243
0.5350759813668711	-0.2406149815112015
0.5355969652223936	-0.2404753733707868
0.5361197122608651	-0.2403350034918177
0.5366442340063476	-0.2401938655626604
0.5371705420954637	-0.2400519532005129
0.5376986482788850	-0.2399092599503935
0.5382285644228469	-0.2397657792841084
0.5387603025106898	-0.2396215045992046
0.5392938746444252	-0.2394764292179013
0.5398292930463306	-0.2393305463860059
0.5403665700605707	-0.2391838492718066
0.5409057181548469	-0.2390363309649504
0.5414467499220762	-0.2388879844752966
0.5419896780820995	-0.2387388027317532
0.5425345154834186	-0.2385887785810898
0.5430812751049645	-0.2384379047867322
0.5436299700578996	-0.2382861740275315
0.5441806135874467	-0.2381335788965150
0.5447332190747558	-0.2379801118996106
0.5452878000388016	-0.2378257654543513
0.5458443701383150	-0.2376705318885538
0.5464029431737518	-0.2375144034389731
0.5469635330892946	-0.2373573722499334
0.5475261539748930	-0.2371994303719324
0.5480908200683399	-0.2370405697602208
0.5486575457573872	-0.2368807822733546
0.5492263455818999	-0.2367200596717201
0.5497972342360500	-0.2365583936160320
0.5503702265705511	-0.2363957756658027
0.5509453375949365	-0.2362321972777828
0.5515225824798775	-0.2360676498043714
0.5521019765595481	-0.2359021244919971
0.5526835353340313	-0.2357356124794668
0.5532672744717754	-0.2355681047962841
0.5538532098120941	-0.2353995923609339
0.5544413573677143	-0.2352300659791343
0.5550317333273761	-0.2350595163420552
0.5556243540584808	-0.2348879340245007
0.5562192361097902	-0.2347153094830567
0.5568163962141802	-0.2345416330542020
0.5574158512914482	-0.2343668949523820
0.5580176184511737	-0.2341910852680433
0.5586217149956396	-0.2340141939656306
0.5592281584228075	-0.2338362108815424
0.5598369664293548	-0.2336571257220455
0.5604481569137735	-0.2334769280611478
0.5610617479795283	-0.2332956073384285
0.5616777579382831	-0.2331131528568221
0.5622962053131890	-0.2329295537803596
0.5629171088422430	-0.2327447991318614
0.5635404874817134	-0.2325588777905831
0.5641663604096367	-0.2323717784898131
0.5647947470293886	-0.2321834898144187
0.5654256669733259	-0.2319940001983428
0.5660591401065086	-0.2318032979220463
0.5666951865304982	-0.2316113711098976
0.5673338265872362	-0.2314182077275058
0.5679750808630062	-0.2312237955789977
0.5686189701924793	-0.2310281223042375
0.5692655156628480	-0.2308311753759840
0.5699147386180473	-0.2306329420969890
0.5705666606630688	-0.2304334095970320
0.5712213036683680	-0.2302325648298892
0.5718786897743676	-0.2300303945702378
0.5725388413960620	-0.2298268854104908
0.5732017812277203	-0.2296220237575622
0.5738675322476963	-0.2294157958295613
0.5745361177233450	-0.2292081876524113
0.5752075612160497	-0.2289991850563934
0.5758818865863612	-0.2287887736726138
0.5765591179992556	-0.2285769389293868
0.5772392799295106	-0.2283636660485415
0.5779223971672046	-0.2281489400416384
0.5786084948233429	-0.2279327457061024
0.5792975983356140	-0.2277150676212654
0.5799897334742801	-0.2274958901443163
0.5806849263482051	-0.2272751974061576
0.5813832034110223	-0.2270529733071647
0.5820845914674529	-0.2268292015128434
0.5827891176797673	-0.2266038654493874
0.5834968095744077	-0.2263769482991274
0.5842076950487650	-0.2261484329958720
0.5849218023781210	-0.2259183022201370
0.5856391602227585	-0.2256865383942584
0.5863597976352464	-0.2254531236773866
0.5870837440678996	-0.2252180399603586
0.5878110293804281	-0.2249812688604433
0.5885416838477709	-0.2247427917159575
0.5892757381681288	-0.2245025895807474
0.5900132234711960	-0.2242606432185327
0.5907541713266002	-0.2240169330971075
0.5914986137525581	-0.2237714393823965
0.5922465832247484	-0.2235241419323567
0.5929981126854146	-0.2232750202907280
0.5937532355527028	-0.2230240536806175
0.5945119857302386	-0.2227712209979226
0.5952743976169576	-0.2225165008045809
0.5960405061171912	-0.2222598713216428
0.5968103466510185	-0.2220013104221644
0.5975839551648949	-0.2217407956239088
0.5983613681425615	-0.2214783040818568
0.5991426226162486	-0.2212138125805145
0.5999277561781837	-0.2209472975260144
0.6007168069924080	-0.2206787349380029
0.6015098138069194	-0.2204081004413064
0.6023068159661469	-0.2201353692573687
0.6031078534237724	-0.2198605161954522
0.6039129667559054	-0.2195835156435949
0.6047221971746313	-0.2193043415593149
0.6055355865419371	-0.2190229674600538
0.6063531773840342	-0.2187393664133497
0.6071750129060881	-0.2184535110267301
0.6080011370073727	-0.2181653734373164
0.6088315942968584	-0.2178749253011279
0.6096664301092578	-0.2175821377820764
0.6105056905215365	-0.2172869815406386
0.6113494223699125	-0.2169894267221970
0.6121976732673563	-0.2166894429450348
0.6130504916216155	-0.2163869992879746
0.6139079266537776	-0.2160820642776466
0.6147700284173941	-0.2157746058753711
0.6156368478181868	-0.2154645914636461
0.6165084366343548	-0.2151519878322194
0.6173848475375088	-0.2148367611637325
0.6182661341142527	-0.2145188770189210
0.6191523508884406	-0.2141983003213519
0.6200435533441314	-0.2138749953416830
0.6209397979492703	-0.2135489256814232
0.6218411421801241	-0.2132200542561765
0.6227476445465011	-0.2128883432783490
0.6236593646177846	-0.2125537542392964
0.6245763630498129	-0.2122162478908915
0.6254987016126404	-0.2118757842264875
0.6264264432192134	-0.2115323224612542
0.6273596519549978	-0.2111858210118593
0.6282983931086012	-0.2108362374754697
0.6292427332034228	-0.2104835286080459
0.6301927400303785	-0.2101276503018973
0.6311484826817475	-0.2097685575624700
0.6321100315861818	-0.2094062044843341
0.6330774585449320	-0.2090405442263358
0.6340508367693376	-0.2086715289858805
0.6350302409196413	-0.2082991099723073
0.6360157471451774	-0.2079232373793180
0.6370074331259989	-0.2075438603564166
0.6380053781160054	-0.2071609269793180
0.6390096629876362	-0.2067743842192793
0.6400203702781991	-0.2063841779113057
0.6410375842379110	-0.2059902527211798
0.6420613908797210	-0.2055925521112619
0.6430918780310045	-0.2051910183050033
0.6441291353872084	-0.2047855922501165
0.6451732545675414	-0.2043762135803350
0.6462243291728024	-0.2039628205757011
0.6472824548454492	-0.2035453501213095
0.6483477293320119	-0.2031237376644335
0.6494202525479651	-0.2026979171699565
0.6505001266451756	-0.2022678210740259
0.6515874560820516	-0.2018333802358424
0.6526823476965277	-0.2013945238874947
0.6537849107820208	-0.2009511795817377
0.6548952571665120	-0.2005032731376155
0.6560135012949063	-0.2000507285838184
0.6571397603148400	-0.1995934680996565
0.6582741541661099	-0.1991314119535278
0.6594168056739141	-0.1986644784387525
0.6605678406461026	-0.1981925838066308
0.6617273879746468	-0.1977156421965804
0.6628955797415563	-0.1972335655631947
0.6640725513294784	-0.1967462636000585
0.6652584415372349	-0.1962536436601389
0.6664533927005679	-0.1957556106725684
0.6676575508183810	-0.1952520670556153
0.6688710656847816	-0.1947429126256277
0.6700940910272556	-0.1942280445017242
0.6713267846513166	-0.1937073570059857
0.6725693085920091	-0.1931807415588867
0.6738218292726600	-0.1926480865696904
0.6750845176713038	-0.1921092773215056
0.6763575494952389	-0.1915641958506903
0.6776411053641997	-0.1910127208202572
0.6789353710026702	-0.1904547273869157
0.6802405374418953	-0.1898900870613587
0.6815568012321934	-0.1893186675613701
0.6828843646662125	-0.1887403326573018
0.6842234360138260	-0.1881549420094323
0.6855742297694113	-0.1875623509966827
0.6869369669123134	-0.1869624105361253
0.6883118751813602	-0.1863549668926776
0.6896991893643560	-0.1857398614783242
0.6910991516035654	-0.1851169306401587
0.6925120117182658	-0.1844860054364802
0.6939380275455476	-0.1838469114001170
0.6953774653006298	-0.1831994682880796
0.6968305999580656	-0.1825434898165722
0.6982977156553284	-0.1818787833803122
0.6997791061203982	-0.1812051497550087
0.7012750751251028	-0.1805223827817602
0.7027859369661266	-0.1798302690320190
0.7043120169757647	-0.1791285874516462
0.7058536520646921	-0.1784171089824545
0.7074111912992193	-0.1776955961594796
0.7089849965157333	-0.1769638026820714
0.7105754429752865	-0.1762214729566955
0.7121829200615558	-0.1754683416091601
0.7138078320257327	-0.1747041329637342
0.7154505987822236	-0.1739285604863981
0.7171116567594547	-0.1731413261891697
0.7187914598104787	-0.1723421199921600
0.7204904801885903	-0.1715306190396479
0.7222092095936710	-0.1707064869660910
0.7239481602956166	-0.1698693731075433
0.7257078663418541	-0.1690189116534694
0.7274888848567463	-0.1681547207333885
0.7292917974415271	-0.1672764014321619
0.7311172116843987	-0.1663835367270354
0.7329657627915277	-0.1654756903387472
0.7348381153509236	-0.1645524054881109
0.7367349652426246	-0.1636132035484522
0.7386570417102287	-0.1626575825831021
0.7406051096106805	-0.1616850157558091
0.7425799718613401	-0.1606949496003928
0.7445824721058180	-0.1596868021341937
0.7466134976228589	-0.1586599607978426
0.7486739825058184	-0.1576137802015158
0.7507649111440201	-0.1565475796551269
0.7528873220416504	-0.1554606404567432
0.7550423120149257	-0.1543522029098290
0.7572310408141840	-0.1532214630356216
0.7594547362245169	-0.1520675689418968
0.7617146997067072	-0.1508896168034483
0.7640123126498851	-0.1496866464026014
0.7663490433187206	-0.1484576361697797
0.7687264545915378	-0.1472014976542657
0.7711462126019339	-0.1459170693435091
0.7736100964159002	-0.1446031097351786
0.7761200088998270	-0.1432582895491112
0.7786779889630735	-0.1418811829456691
0.7812862253931883	-0.1404702575919018
0.7839470725439389	-0.1390238633861933
0.7866630681880156	-0.1375402196142980
0.7894369539102194	-0.1360174002629344
0.7922716984965096	-0.1344533171589286
0.7951705248739200	-0.1328457005290159
0.7981369412820457	-0.1311920764834301
0.8011747775164840	-0.1294897408095133
0.8042882272891748	-0.1277357283117820
0.8074818980147976	-0.1259267767413409
0.8107608696768421	-0.1240592841051453
0.8141307648803925	-0.1221292578132995
0.8175978328019301	-0.1201322536803658
0.8211690505582021	-0.1180633022015142
0.8248522466221451	-0.1159168187134312
0.8286562524409260	-0.1136864929301010
0.8325910905509917	-0.1113651517744190
0.8366682105321065	-0.1089445871921975
0.8409007885590085	-0.1064153373967100
0.8453041128380988	-0.1037664052054898
0.8498960870809322	-0.1009848899007216
0.8546978994401602	-0.0980554978519975
0.8597349286471919	-0.0949598793291821
0.8650379990329077	-0.0916757096847445
0.8706451641487594	-0.0881753832867360
0.8766043195788747	-0.0844241001574217
0.8829771711999543	-0.0803769602792197
0.8898455322516281	-0.0759743538390751
0.8973218751752781	-0.0711342401090342
0.9055682875874939	-0.0657382852760463
0.9148338251308301	-0.0596045685682918
0.9255383211337433	-0.0524263990290011
0.9385018536912599	-0.0436049556511718
0.9558469138917493	-0.0315916424061788
