0.5994432884374880	-0.0927030479449475
0.5992413314043282	-0.0927049970847437
0.5990395882975136	-0.0927069321839132
0.5988380587054691	-0.0927088532783803
0.5986367422177911	-0.0927107604039457
0.5984356384252284	-0.0927126535962813
0.5982347469197173	-0.0927145328909729
0.5980340672943109	-0.0927163983234619
0.5978335991432765	-0.0927182499290713
0.5976333420619678	-0.0927200877430465
0.5974332956468893	-0.0927219118004503
0.5972334594958119	-0.0927237221363048
0.5970338332074352	-0.0927255187854607
0.5968344163817169	-0.0927273017827126
0.5966352086197388	-0.0927290711626771
0.5964362095236906	-0.0927308269598889
0.5962374186968736	-0.0927325692087744
0.5960388357437026	-0.0927342979436511
0.5958404602697095	-0.0927360131987163
0.5956422918815516	-0.0927377150080624
0.5954443301869280	-0.0927394034056779
0.5952465747947725	-0.0927410784253490
0.5950490253149339	-0.0927427401009535
0.5948516813584614	-0.0927443884660674
0.5946545425374370	-0.0927460235542428
0.5944576084651163	-0.0927476453989066
0.5942608787557320	-0.0927492540334024
0.5940643530246518	-0.0927508494909392
0.5938680308882861	-0.0927524318046166
0.5936719119641100	-0.0927540010074443
0.5934759958706775	-0.0927555571323359
0.5932802822275788	-0.0927571002120438
0.5930847706554991	-0.0927586302792963
0.5928894607761541	-0.0927601473666679
0.5926943522122076	-0.0927616515065909
0.5924994445875728	-0.0927631427314849
0.5923047375270316	-0.0927646210736032
0.5921102306564737	-0.0927660865651379
0.5919159236027963	-0.0927675392381181
0.5917218159939284	-0.0927689791245150
0.5915279074588407	-0.0927704062562043
0.5913341976274924	-0.0927718206649236
0.5911406861308866	-0.0927732223823557
0.5909473726010425	-0.0927746114400256
0.5907542566709698	-0.0927759878694597
0.5905613379745548	-0.0927773517018746
0.5903686161470114	-0.0927787029686520
0.5901760908242822	-0.0927800417009294
0.5899837616433741	-0.0927813679297587
0.5897916282422887	-0.0927826816860868
0.5895996902600407	-0.0927839830007651
0.5894079473365886	-0.0927852719046067
0.5892163991128688	-0.0927865484282534
0.5890250452308462	-0.0927878126022874
0.5888338853334627	-0.0927890644571826
0.5886429190643694	-0.0927903040232721
0.5884521460686577	-0.0927915313309128
0.5882615659920094	-0.0927927464102794
0.5880711784812336	-0.0927939492914447
0.5878809831840230	-0.0927951400044157
0.5876909797490408	-0.0927963185791071
0.5875011678258865	-0.0927974850453425
0.5873115470651609	-0.0927986394328134
0.5871221171183317	-0.0927997817711745
0.5869328776378685	-0.0928009120899757
0.5867438282770422	-0.0928020304185686
0.5865549686902940	-0.0928031367864009
0.5863662985327939	-0.0928042312226943
0.5861778174607382	-0.0928053137566305
0.5859895251311593	-0.0928063844172800
0.5858014212020924	-0.0928074432336077
0.5856135053324175	-0.0928084902345657
0.5854257771819944	-0.0928095254489154
0.5852382364115586	-0.0928105489053854
0.5850508826828160	-0.0928115606325971
0.5848637156580224	-0.0928125606591197
0.5846767350009502	-0.0928135490133802
0.5844899403757928	-0.0928145257237535
0.5843033314478102	-0.0928154908185072
0.5841169078830871	-0.0928164443258462
0.5839306693486773	-0.0928173862738694
0.5837446155124221	-0.0928183166905890
0.5835587460431149	-0.0928192356039394
0.5833730606103935	-0.0928201430417707
0.5831875588847732	-0.0928210390318055
0.5830022405377854	-0.0928219236018169
0.5828171052411957	-0.0928227967792039
0.5826321526686704	-0.0928236585916445
0.5824473824940161	-0.0928245090665020
0.5822627943920462	-0.0928253482311330
0.5820783880384429	-0.0928261761127496
0.5818941631098007	-0.0928269927385539
0.5817101192834820	-0.0928277981356276
0.5815262562378226	-0.0928285923309447
0.5813425736517883	-0.0928293753514565
0.5811590712054177	-0.0928301472240518
0.5809757485791210	-0.0928309079753294
0.5807926054549915	-0.0928316576321167
0.5806096415152618	-0.0928323962209732
0.5804268564432004	-0.0928331237683928
0.5802442499228714	-0.0928338403008358
0.5800618216392273	-0.0928345458446178
0.5798795712779674	-0.0928352404260335
0.5796974985256924	-0.0928359240712824
0.5795156030697338	-0.0928365968064936
0.5793338845983035	-0.0928372586576584
0.5791523428003647	-0.0928379096510409
0.5789709773653469	-0.0928385498117606
0.5787897879844354	-0.0928391791663337
0.5786087743487719	-0.0928397977402402
0.5784279361505512	-0.0928404055591533
0.5782472730827921	-0.0928410026486416
0.5780667848392138	-0.0928415890341701
0.5778864711144674	-0.0928421647411541
0.5777063316038826	-0.0928427297949949
0.5775263660035544	-0.0928432842209675
0.5773465740107313	-0.0928438280444125
0.5771669553221418	-0.0928443612896545
0.5769875096373250	-0.0928448839826605
0.5768082366551558	-0.0928453961480113
0.5766291360756512	-0.0928458978106570
0.5764502075996285	-0.0928463889953594
0.5762714509286186	-0.0928468697269319
0.5760928657649624	-0.0928473400300007
0.5759144518117640	-0.0928477999292159
0.5757362087727782	-0.0928482494490184
0.5755581363529044	-0.0928486886139746
0.5753802342570877	-0.0928491174480766
0.5752025021910309	-0.0928495359758932
0.5750249398625528	-0.0928499442218436
0.5748475469788172	-0.0928503422099235
0.5746703232481658	-0.0928507299641971
0.5744932683796328	-0.0928511075087235
0.5743163820831534	-0.0928514748673322
0.5741396640690848	-0.0928518320640862
0.5739631140487813	-0.0928521791228439
0.5737867317346477	-0.0928525160669765
0.5736105168388790	-0.0928528429205844
0.5734344690742977	-0.0928531597066790
0.5732585881565274	-0.0928534664493169
0.5730828737998053	-0.0928537631717769
0.5729073257197541	-0.0928540498975065
0.5727319436327902	-0.0928543266497129
0.5725567272559285	-0.0928545934517880
0.5723816763069719	-0.0928548503267561
0.5722067905042243	-0.0928550972979080
0.5720320695672640	-0.0928553343881291
0.5718575132157619	-0.0928555616204313
0.5716831211701572	-0.0928557790179340
0.5715088931506712	-0.0928559866028215
0.5713348288813050	-0.0928561843986520
0.5711609280838000	-0.0928563724278495
0.5709871904816123	-0.0928565507129822
0.5708136157986643	-0.0928567192768166
0.5706402037598398	-0.0928568781417024
0.5704669540905016	-0.0928570273302015
0.5702938665170602	-0.0928571668645210
0.5701209407656205	-0.0928572967671490
0.5699481765644503	-0.0928574170603762
0.5697755736414082	-0.0928575277666542
0.5696031317234933	-0.0928576289064470
0.5694308505430661	-0.0928577205039289
0.5692587298291204	-0.0928578025803029
0.5690867693124867	-0.0928578751574697
0.5689149687245759	-0.0928579382573348
0.5687433277978288	-0.0928579919015847
0.5685718462645702	-0.0928580361123427
0.5684005238591440	-0.0928580709109751
0.5682293603148433	-0.0928580963193003
0.5680583553668680	-0.0928581123580961
0.5678875087485353	-0.0928581190496140
0.5677168201993255	-0.0928581164153536
0.5675462894545195	-0.0928581044765363
0.5673759162515619	-0.0928580832544275
0.5672057003283859	-0.0928580527702573
0.5670356414236092	-0.0928580130452750
0.5668657392769141	-0.0928579641006560
0.5666959936279234	-0.0928579059571809
0.5665264042169038	-0.0928578386363445
0.5663569707860777	-0.0928577621589991
0.5661876930748617	-0.0928576765448975
0.5660185708285804	-0.0928575818164064
0.5658496037892281	-0.0928574779937333
0.5656807917005195	-0.0928573650975919
0.5655121343068593	-0.0928572431486061
0.5653436313532016	-0.0928571121675562
0.5651752825850548	-0.0928569721745165
0.5650070877486694	-0.0928568231906128
0.5648390465910528	-0.0928566652358647
0.5646711588595064	-0.0928564983303335
0.5645034243004119	-0.0928563224941245
0.5643358426651458	-0.0928561377486631
0.5641684137018537	-0.0928559441134458
0.5640011371603363	-0.0928557416086820
0.5638340127910854	-0.0928555302545196
0.5636670403452201	-0.0928553100705783
0.5635002195745880	-0.0928550810773602
0.5633335502307406	-0.0928548432948659
0.5631670320676626	-0.0928545967426014
0.5630006648384672	-0.0928543414393057
0.5628344482947386	-0.0928540774061979
0.5626683821946376	-0.0928538046627477
0.5625024662920607	-0.0928535232283602
0.5623367003427385	-0.0928532331227299
0.5621710841031201	-0.0928529343652633
0.5620056173303321	-0.0928526269753058
0.5618402997814232	-0.0928523109725590
0.5616751312153565	-0.0928519863759056
0.5615101113898658	-0.0928516532060254
0.5613452400655865	-0.0928513114799406
0.5611805169994396	-0.0928509612176144
0.5610159419551577	-0.0928506024391820
0.5608515146925120	-0.0928502351631118
0.5606872349730810	-0.0928498594085170
0.5605231025589995	-0.0928494751942599
0.5603591172127611	-0.0928490825393512
0.5601952786980514	-0.0928486814625849
0.5600315867783480	-0.0928482719832144
0.5598680412186080	-0.0928478541189631
0.5597046417833510	-0.0928474278891787
0.5595413882361160	-0.0928469933128695
0.5593782803460684	-0.0928465504083128
0.5592153178786077	-0.0928460991941174
0.5590525006007413	-0.0928456396887050
0.5588898282803492	-0.0928451719107859
0.5587273006856358	-0.0928446958783601
0.5585649175851813	-0.0928442116099156
0.5584026787488621	-0.0928437191244350
0.5582405839461680	-0.0928432184393058
0.5580786329472166	-0.0928427095733666
0.5579168255223291	-0.0928421925434268
0.5577551614447372	-0.0928416673692531
0.5575936404856016	-0.0928411340682877
0.5574322624174415	-0.0928405926584556
0.5572710270135528	-0.0928400431578642
0.5571099340472143	-0.0928394855843739
0.5569489832929321	-0.0928389199558060
0.5567881745250005	-0.0928383462898082
0.5566275075193445	-0.0928377646047661
0.5564669820500973	-0.0928371749171861
0.5563065978946284	-0.0928365772461535
0.5561463548300053	-0.0928359716083912
0.5559862526329986	-0.0928353580217967
0.5558262910815803	-0.0928347365037751
0.5556664699538133	-0.0928341070719317
0.5555067890287615	-0.0928334697433839
0.5553472480861120	-0.0928328245356527
0.5551878469048565	-0.0928321714669922
0.5550285852665624	-0.0928315105533754
0.5548694629499211	-0.0928308418122655
0.5547104797378938	-0.0928301652607568
0.5545516354125273	-0.0928294809168613
0.5543929297557426	-0.0928287887970862
0.5542343625505551	-0.0928280889185646
0.5540759335801513	-0.0928273812984351
0.5539176426285506	-0.0928266659532956
0.5537594894803166	-0.0928259429003926
0.5536014739197773	-0.0928252121571422
0.5534435957330647	-0.0928244737395551
0.5532858547053083	-0.0928237276636848
0.5531282506219592	-0.0928229739471370
0.5529707832719176	-0.0928222126070776
0.5528134524414586	-0.0928214436598539
0.5526562579185353	-0.0928206671216875
0.5524991994913689	-0.0928198830097065
0.5523422769488706	-0.0928190913396158
0.5521854900801575	-0.0928182921288412
0.5520288386748756	-0.0928174853934713
0.5518723225233395	-0.0928166711500269
0.5517159414171817	-0.0928158494132311
0.5515596951439474	-0.0928150202010053
0.5514035834995155	-0.0928141835296083
0.5512476062743847	-0.0928133394149453
0.5510917632611119	-0.0928124878731634
0.5509360542528483	-0.0928116289203419
0.5507804790433778	-0.0928107625723798
0.5506250374255893	-0.0928098888461647
0.5504697291956984	-0.0928090077565415
0.5503145541473695	-0.0928081193203875
0.5501595120759829	-0.0928072235526815
0.5500046027768575	-0.0928063204698260
0.5498498260478213	-0.0928054100877898
0.5496951816849530	-0.0928044924221237
0.5495406694853596	-0.0928035674886530
0.5493862892469502	-0.0928026353031465
0.5492320407675442	-0.0928016958810580
0.5490779238455915	-0.0928007492377104
0.5489239382811519	-0.0927997953892583
0.5487700838724145	-0.0927988343521935
0.5486163604201210	-0.0927978661394473
0.5484627677233967	-0.0927968907677583
0.5483093055847870	-0.0927959082531148
0.5481559738047673	-0.0927949186104629
0.5480027721853745	-0.0927939218549346
0.5478497005282600	-0.0927929180020683
0.5476967586364726	-0.0927919070669477
0.5475439463127316	-0.0927908890650796
0.5473912633607807	-0.0927898640113921
0.5472387095848823	-0.0927888319205791
0.5470862847889716	-0.0927877928078354
0.5469339887758865	-0.0927867466898494
0.5467818213540353	-0.0927856935796761
0.5466297823278407	-0.0927846334928520
0.5464778715032985	-0.0927835664444052
0.5463260886868612	-0.0927824924492934
0.5461744336859180	-0.0927814115222352
0.5460229063075629	-0.0927803236781984
0.5458715063592314	-0.0927792289321251
0.5457202336499200	-0.0927781272989704
0.5455690879867875	-0.0927770187906054
0.5454180691804941	-0.0927759034258578
0.5452671770399388	-0.0927747812173022
0.5451164113752490	-0.0927736521795679
0.5449657719963474	-0.0927725163277570
0.5448152587143430	-0.0927713736753255
0.5446648713404478	-0.0927702242382907
0.5445146096859459	-0.0927690680296871
0.5443644735625052	-0.0927679050654719
0.5442144627830345	-0.0927667353567531
0.5440645771621520	-0.0927655589240043
0.5439148165075739	-0.0927643757733988
0.5437651806383765	-0.0927631859250394
0.5436156693667731	-0.0927619893916319
0.5434662825071960	-0.0927607861872732
0.5433170198743639	-0.0927595763260301
0.5431678812836728	-0.0927583598219284
0.5430188665515242	-0.0927571366883747
0.5428699754925006	-0.0927559069427433
0.5427212079240128	-0.0927546705942145
0.5425725636613058	-0.0927534276584189
0.5424240425254194	-0.0927521781509199
0.5422756443305635	-0.0927509220844302
0.5421273688958791	-0.0927496594728375
0.5419792160396579	-0.0927483903300467
0.5418311855810660	-0.0927471146699973
0.5416832773389115	-0.0927458325061118
0.5415354911340909	-0.0927445438527928
0.5413878267835032	-0.0927432487217829
0.5412402841120810	-0.0927419471288102
0.5410928629366014	-0.0927406390872346
0.5409455630795196	-0.0927393246095788
0.5407983843632702	-0.0927380037103137
0.5406513266092026	-0.0927366764025745
0.5405043896398124	-0.0927353426997848
0.5403575732775683	-0.0927340026153148
0.5402108773449790	-0.0927326561633065
0.5400643016677542	-0.0927313033555750
0.5399178460670804	-0.0927299442067667
0.5397715103687543	-0.0927285787315431
0.5396252943960118	-0.0927272069392733
0.5394791979758830	-0.0927258288456417
0.5393332209323245	-0.0927244444639356
0.5391873630911524	-0.0927230538071405
0.5390416242789839	-0.0927216568879976
0.5388960043221279	-0.0927202537197165
0.5387505030471951	-0.0927188443150658
0.5386051202814203	-0.0927174286886450
0.5384598558523231	-0.0927160068514306
0.5383147095877243	-0.0927145788190945
0.5381696813180882	-0.0927131445985155
0.5380247708683094	-0.0927117042107230
0.5378799780702572	-0.0927102576636431
0.5377353027522161	-0.0927088049707716
0.5375907447445774	-0.0927073461454628
0.5374463038768740	-0.0927058812002399
0.5373019799802599	-0.0927044101481353
0.5371577728850567	-0.0927029330001737
0.5370136824236226	-0.0927014497727235
0.5368697084249062	-0.0926999604779987
0.5367258507236679	-0.0926984651214731
0.5365821091499339	-0.0926969637239558
0.5364384835380080	-0.0926954562951341
0.5362949737205089	-0.0926939428475056
0.5361515795303553	-0.0926924233933954
0.5360083008020300	-0.0926908979458654
0.5358651373686512	-0.0926893665162547
0.5357220890645191	-0.0926878291169982
0.5355791557254257	-0.0926862857629491
0.5354363371866917	-0.0926847364630468
0.5352936332840860	-0.0926831812300580
0.5351510438481922	-0.0926816200815398
0.5350085687214525	-0.0926800530230987
0.5348662077381163	-0.0926784800695370
0.5347239607351947	-0.0926769012329067
0.5345818275496561	-0.0926753165254260
0.5344398080183381	-0.0926737259581841
0.5342979019804835	-0.0926721295456661
0.5341561092744550	-0.0926705272990885
0.5340144297374703	-0.0926689192272429
0.5338728632062806	-0.0926673053511697
0.5337314095238170	-0.0926656856670095
0.5335900685290021	-0.0926640602008460
0.5334488400607635	-0.0926624289597159
0.5333077239596995	-0.0926607919561549
0.5331667200662130	-0.0926591492012255
0.5330258282207976	-0.0926575007064737
0.5328850482640199	-0.0926558464845560
0.5327443800421701	-0.0926541865489973
0.5326038233890091	-0.0926525209088605
0.5324633781512842	-0.0926508495747927
0.5323230441740804	-0.0926491725610715
0.5321828212959872	-0.0926474898789200
0.5320427093609421	-0.0926458015393641
0.5319027082133976	-0.0926441075544987
0.5317628176965798	-0.0926424079347690
0.5316230376555934	-0.0926407026938111
0.5314833679324960	-0.0926389918405047
0.5313438083723796	-0.0926372753898805
0.5312043588249189	-0.0926355533486475
0.5310650191318614	-0.0926338257337735
0.5309257883751431	-0.0926320940072392
0.5307866686892507	-0.0926303538158514
0.5306476576346170	-0.0926286095382778
0.5305087558191018	-0.0926268597292302
0.5303699630896187	-0.0926251044007251
0.5302312792944920	-0.0926233435640788
0.5300927042810953	-0.0926215772292297
0.5299542378955830	-0.0926198054078457
0.5298158799888557	-0.0926180281119569
0.5296776304086014	-0.0926162453576817
0.5295394881856096	-0.0926144585200834
0.5294014539131130	-0.0926126656482134
0.5292635301084134	-0.0926108644032279
0.5291257123226871	-0.0926090598999629
0.5289880021096215	-0.0926072499883381
0.5288503993208354	-0.0926054346788660
0.5287129038065947	-0.0926036139846802
0.5285755154152860	-0.0926017879116123
0.5284382340034003	-0.0925999564763343
0.5283010594181246	-0.0925981196875321
0.5281639907130193	-0.0925962787281173
0.5280270285101561	-0.0925944322625122
0.5278901751563446	-0.0925925773081416
0.5277534264066540	-0.0925907192129248
0.5276167837475254	-0.0925888558172474
0.5274802470333672	-0.0925869871338876
0.5273438161159317	-0.0925851131728631
0.5272074908502684	-0.0925832339429701
0.5270712710896317	-0.0925813494579678
0.5269351566922331	-0.0925794597229183
0.5267991465741458	-0.0925775656627242
0.5266632415662128	-0.0925756662466574
0.5265274442119816	-0.0925737591589052
0.5263917498073215	-0.0925718485482450
0.5262561600405247	-0.0925699327442773
0.5261206747674525	-0.0925680117575737
0.5259852938469990	-0.0925660855984553
0.5258500171323490	-0.0925641542769325
0.5257148444826909	-0.0925622178083715
0.5255797757601369	-0.0925602761914775
0.5254448101694283	-0.0925583303758368
0.5253099476890357	-0.0925563790335435
0.5251751916879652	-0.0925544206059246
0.5250405372305333	-0.0925524585314614
0.5249059859859480	-0.0925504913665065
0.5247715378166662	-0.0925485191234273
0.5246371925781789	-0.0925465418073917
0.5245029501333973	-0.0925445594381195
0.5243688103415746	-0.0925425720142633
0.5242347730566712	-0.0925405795568463
0.5241008373771696	-0.0925385831193288
0.5239670039909576	-0.0925365814442982
0.5238332688739683	-0.0925345793557019
0.5236996462753473	-0.0925325595358437
0.5235661194717565	-0.0925305420347338
0.5234326943472580	-0.0925285195566166
0.5232993707631872	-0.0925264921067760
0.5231661485872143	-0.0925244597020464
0.5230330276764144	-0.0925224223428121
0.5229000078906790	-0.0925203800450514
0.5227670884415448	-0.0925183339903334
0.5226342691745390	-0.0925162819826164
0.5225015482620515	-0.0925142314516010
0.5223689373571544	-0.0925121616963431
0.5222364211866511	-0.0925100948584700
0.5221040053278384	-0.0925080231397205
0.5219716896509050	-0.0925059465550764
0.5218394740145746	-0.0925038651126691
0.5217073582993936	-0.0925017788131341
0.5215753423455468	-0.0924996876719823
0.5214434252431165	-0.0924975930823858
0.5213116069588847	-0.0924954925796893
0.5211798857727550	-0.0924933934732570
0.5210482583288171	-0.0924912913969711
0.5209167545601334	-0.0924891597119409
0.5207853344595428	-0.0924870397328519
0.5206540132024264	-0.0924849149798894
0.5205227906601572	-0.0924827854628729
0.5203916666898073	-0.0924806511897492
0.5202606411649821	-0.0924785121817245
0.5201297128550832	-0.0924763697084234
0.5199988832215462	-0.0924742221378271
0.5198681471547407	-0.0924720737190673
0.5197375066697467	-0.0924699234334255
0.5196069582825392	-0.0924677732129444
0.5194765480961933	-0.0924655789576684
0.5193462080369791	-0.0924634069858647
0.5192159653852571	-0.0924612303487281
0.5190858200113594	-0.0924590490498792
0.5189557717723606	-0.0924568631029571
0.5188258195654822	-0.0924546732565064
0.5186959646550590	-0.0924524789952993
0.5185662034566791	-0.0924502841070449
0.5184365342320986	-0.0924480891422945
0.5183069601788720	-0.0924458897731098
0.5181774791055630	-0.0924436940562302
0.5180481433611218	-0.0924414319651837
0.5179188676646580	-0.0924392091315619
0.5177896879706134	-0.0924369817320558
0.5176606041077283	-0.0924347497539729
0.5175316153857552	-0.0924325145266992
0.5174027221885885	-0.0924302741468782
0.5172739194926912	-0.0924280322798345
0.5171452099838312	-0.0924257921646743
0.5170165931028435	-0.0924235523203934
0.5168880656322994	-0.0924213050370111
0.5167596266134383	-0.0924190653278233
0.5166313694465069	-0.0924167309567117
0.5165031427387814	-0.0924144583468853
0.5163750106513563	-0.0924121812727627
0.5162469730449729	-0.0924099005608806
0.5161190284504891	-0.0924076160497956
0.5159911733828474	-0.0924053300205596
0.5158634143983536	-0.0924030434164332
0.5157357390816273	-0.0924007594467256
0.5156081535173694	-0.0923984644085943
0.5154806653969686	-0.0923961827917055
0.5153532708884064	-0.0923938902125845
0.5152259591880437	-0.0923916015864269
0.5150987294291157	-0.0923892932199910
0.5149717657746749	-0.0923868410222596
0.5148447586249288	-0.0923845118968598
0.5147178407746728	-0.0923821824578645
0.5145910124698542	-0.0923798549403505
0.5144642737330083	-0.0923775211677724
0.5143376305367895	-0.0923751895919987
0.5142110659166286	-0.0923728585579859
0.5140845962185621	-0.0923705194784372
0.5139582074942912	-0.0923681808916291
0.5138319217080970	-0.0923658555787402
0.5137058743123256	-0.0923633455619330
0.5135797916098460	-0.0923609725327817
0.5134537966881613	-0.0923586017116887
0.5133278903194728	-0.0923562248198721
0.5132020747160904	-0.0923538537993950
0.5130763478233453	-0.0923514838535659
0.5129507092388335	-0.0923490965301811
0.5128251609969748	-0.0923467286199048
0.5126996790873976	-0.0923443395300823
0.5125743184845618	-0.0923419637287345
0.5124491756055347	-0.0923394216720593
0.5123240066844852	-0.0923370071169961
0.5121989251570411	-0.0923345913064102
0.5120739304045573	-0.0923321769956342
0.5119490215717237	-0.0923297666216476
0.5118242077137676	-0.0923273398621426
0.5116994576102836	-0.0923249252744205
0.5115748286906747	-0.0923225093666277
0.5114502658500563	-0.0923200959181702
0.5113257832396120	-0.0923176660914987
0.5112015540035248	-0.0923150791104939
0.5110772860697372	-0.0923126223352550
0.5109531050713650	-0.0923101687834980
0.5108290112015076	-0.0923077067713750
0.5107049972042954	-0.0923052493668085
0.5105810708399555	-0.0923027889619166
0.5104572323013321	-0.0923003403709315
0.5103334900076817	-0.0922978763289610
0.5102098104451533	-0.0922953968997900
0.5100862355560718	-0.0922929407487836
0.5099628926288602	-0.0922903222097090
0.5098395107815615	-0.0922878255109764
0.5097162189448473	-0.0922853279487720
0.5095930041671213	-0.0922828238178632
0.5094698923929849	-0.0922803252363056
0.5093468380588984	-0.0922778328170056
0.5092238874200008	-0.0922753350265543
0.5091010150398403	-0.0922728189086447
0.5089782293102564	-0.0922703356844286
0.5088555254495681	-0.0922678202942732
0.5087330785600023	-0.0922651633074411
0.5086105789950689	-0.0922626294331253
0.5084881627101444	-0.0922600917437851
0.5083658223878761	-0.0922575500361812
0.5082435829721829	-0.0922550153635988
0.5081214195380139	-0.0922524678145273
0.5079993537934149	-0.0922499271551127
0.5078773350287797	-0.0922473857857011
0.5077554159420975	-0.0922448861204294
0.5076335896302173	-0.0922423237141265
0.5075119991004523	-0.0922396075742913
0.5073903695163908	-0.0922370336536692
0.5072688137330523	-0.0922344570732722
0.5071473489604283	-0.0922318784302546
0.5070259572599958	-0.0922292988886608
0.5069046636459389	-0.0922267308710422
0.5067834583856480	-0.0922241366217751
0.5066623191383187	-0.0922215573145113
0.5065412422883652	-0.0922189854523799
0.5064203107289071	-0.0922164182706764
0.5062995432340902	-0.0922136640661848
0.5061787693842937	-0.0922110472588384
0.5060580801598880	-0.0922084386533898
0.5059374655443066	-0.0922058231869400
0.5058169365408308	-0.0922031974233992
0.5056965006717025	-0.0922005796460366
0.5055760961895598	-0.0921979695548732
0.5054557816190886	-0.0921953411318414
0.5053356020759716	-0.0921927253693477
0.5052154586907062	-0.0921901121402942
0.5050956102384124	-0.0921873416125987
0.5049756821574565	-0.0921846904813118
0.5048558268349164	-0.0921820362717410
0.5047360551110117	-0.0921793810307025
0.5046163558854496	-0.0921767325785159
0.5044967339766908	-0.0921740749099685
0.5043772029117732	-0.0921714235825140
0.5042578195625793	-0.0921687686638344
0.5041384320482368	-0.0921660981835279
0.5040191828506145	-0.0921634618399131
0.5038916772427346	-0.0921610191590126
0.5037809841945998	-0.0921579488390540
0.5036619740214169	-0.0921552487518756
0.5035430257937822	-0.0921525628805030
0.5034241644660313	-0.0921498814042093
0.5033054054982987	-0.0921472252909973
0.5031867059804341	-0.0921444841173648
0.5030680723033757	-0.0921418476482676
0.5029495325671876	-0.0921391712231250
0.5028310598629684	-0.0921364053375464
0.5027128679589987	-0.0921335726634276
0.5025818891496947	-0.0921305230528071
0.5024764191364803	-0.0921281157808512
0.5023582995549175	-0.0921253903439270
0.5022402577830062	-0.0921226815636954
0.5021223224208387	-0.0921199630031722
0.5020044805360605	-0.0921171738700516
0.5018866568165972	-0.0921144184896450
0.5017689107565932	-0.0921117485665292
0.5016512795120945	-0.0921090238760967
0.5015340586752628	-0.0921061261678427
0.5014030798659588	-0.0921030765572221
0.5012721010566548	-0.0921000269466016
0.5011411222473509	-0.0920969773359810
0.5010645086793276	-0.0920951176466201
0.5009473484235394	-0.0920923649751180
0.5008302723322524	-0.0920895871056638
0.5007133325033628	-0.0920868853575198
0.5005963619006821	-0.0920840870842769
0.5004795768279491	-0.0920812964511033
0.5003552493915269	-0.0920786796722577
0.5002242705822229	-0.0920756300616372
0.5000932917729189	-0.0920725804510166
0.4999623129636149	-0.0920695308403961
0.4998313341543109	-0.0920664812297755
0.4997003553450069	-0.0920634316191550
0.4996641954230170	-0.0920617173595928
0.4995478845128885	-0.0920589393772941
0.4994319936973033	-0.0920560407513403
0.4993157365026724	-0.0920532965422772
0.4991764401077909	-0.0920512331766728
0.4990454612984869	-0.0920481835660522
0.4989144824891830	-0.0920451339554317
0.4987835036798790	-0.0920420843448111
0.4986525248705750	-0.0920390347341905
0.4985215460612710	-0.0920359851235700
0.4983905672519670	-0.0920329355129494
0.4982595884426630	-0.0920298859023289
0.4981286096333590	-0.0920268362917083
0.4979976308240550	-0.0920237866810878
0.4979976308240550	-0.0920237866810878
0.4978666520147510	-0.0920207370704672
0.4977356732054470	-0.0920176874598467
0.4976046943961431	-0.0920146378492261
0.4974737155868391	-0.0920115882386056
0.4973427367775350	-0.0920085386279850
0.4972117579682310	-0.0920054890173645
0.4970807791589271	-0.0920024394067439
0.4969498003496230	-0.0919993897961234
0.4968188215403191	-0.0919963401855028
0.4968188215403191	-0.0919963401855028
0.4966878427310151	-0.0919932905748823
0.4965568639217111	-0.0919902409642617
0.4964258851124072	-0.0919871913536412
0.4962949063031031	-0.0919841417430206
0.4961639274937991	-0.0919810921324001
0.4960329486844951	-0.0919780425217795
0.4959019698751911	-0.0919749929111590
0.4957709910658872	-0.0919719433005384
0.4956400122565832	-0.0919688936899179
0.4956400122565832	-0.0919688936899179
0.4955090334472791	-0.0919658440792973
0.4953780546379752	-0.0919627944686768
0.4952470758286712	-0.0919597448580562
0.4951160970193672	-0.0919566952474357
0.4949851182100632	-0.0919536456368151
0.4948541394007592	-0.0919505960261946
0.4947231605914552	-0.0919475464155740
0.4945921817821513	-0.0919444968049535
0.4944612029728472	-0.0919414471943329
0.4944612029728472	-0.0919414471943329
0.4943302241635432	-0.0919383975837123
0.4941992453542393	-0.0919353479730918
0.4940682665449353	-0.0919322983624713
0.4939372877356313	-0.0919292487518507
0.4938063089263273	-0.0919261991412302
0.4936753301170232	-0.0919231495306096
0.4935443513077193	-0.0919200999199890
0.4934133724984153	-0.0919170503093685
0.4932823936891113	-0.0919140006987479
0.4932823936891113	-0.0919140006987479
0.4931514148798073	-0.0919109510881274
0.4930204360705033	-0.0919079014775068
0.4928894572611994	-0.0919048518668863
0.4927584784518954	-0.0919018022562657
0.4926274996425913	-0.0918987526456452
0.4924965208332873	-0.0918957030350246
0.4923655420239834	-0.0918926534244041
0.4922345632146794	-0.0918896038137835
0.4921035844053754	-0.0918865542031630
0.4921035844053754	-0.0918865542031630
0.4919726055960714	-0.0918835045925424
0.4918416267867673	-0.0918804549819219
0.4917106479774634	-0.0918774053713013
0.4915796691681594	-0.0918743557606808
0.4914486903588554	-0.0918713061500602
0.4913177115495515	-0.0918682565394397
0.4911867327402474	-0.0918652069288191
0.4910557539309434	-0.0918621573181986
0.4909247751216395	-0.0918591077075780
0.4909247751216395	-0.0918591077075780
0.4907937963123354	-0.0918560580969575
0.4906628175030314	-0.0918530084863369
0.4905318386937275	-0.0918499588757164
0.4904008598844235	-0.0918469092650958
0.4902698810751195	-0.0918438596544753
0.4901389022658155	-0.0918408100438547
0.4900079234565116	-0.0918377604332342
0.4898769446472075	-0.0918347108226136
0.4897459658379035	-0.0918316612119931
0.4897459658379035	-0.0918316612119931
0.4896149870285995	-0.0918286116013725
0.4894840082192956	-0.0918255619907520
0.4893530294099916	-0.0918225123801314
0.4892220506006876	-0.0918194627695108
0.4890910717913836	-0.0918164131588903
0.4889600929820795	-0.0918133635482697
0.4888291141727756	-0.0918103139376492
0.4886981353634716	-0.0918072643270287
0.4885671565541676	-0.0918042147164081
0.4885671565541676	-0.0918042147164081
0.4884361777448636	-0.0918011651057875
0.4883051989355596	-0.0917981154951670
0.4881742201262557	-0.0917950658845464
0.4880432413169516	-0.0917920162739259
0.4879122625076476	-0.0917889666633053
0.4877812836983437	-0.0917859170526848
0.4876503048890397	-0.0917828674420642
0.4875193260797357	-0.0917798178314437
0.4873883472704317	-0.0917767682208231
0.4873883472704317	-0.0917767682208231
0.4872573684611277	-0.0917737186102026
0.4871263896518237	-0.0917706689995820
0.4869954108425197	-0.0917676193889615
0.4868644320332157	-0.0917645697783409
0.4867334532239117	-0.0917615201677204
0.4866024744146077	-0.0917584705570998
0.4864714956053037	-0.0917554209464793
0.4863405167959997	-0.0917523713358587
0.4862095379866958	-0.0917493217252382
0.4862095379866958	-0.0917493217252382
0.4860785591773917	-0.0917462721146176
0.4859475803680878	-0.0917432225039971
0.4858166015587838	-0.0917401728933765
0.4856856227494798	-0.0917371232827560
0.4855546439401758	-0.0917340736721354
0.4854236651308718	-0.0917310240615149
0.4852926863215678	-0.0917279744508943
0.4851617075122638	-0.0917249248402738
0.4850307287029598	-0.0917218752296532
0.4850307287029598	-0.0917218752296532
0.4848997498936558	-0.0917188256190326
0.4847687710843518	-0.0917157760084121
0.4846377922750479	-0.0917127263977916
0.4845068134657439	-0.0917096767871710
0.4843758346564399	-0.0917066271765505
0.4842448558471359	-0.0917035775659299
0.4841138770378319	-0.0917005279553093
0.4839828982285279	-0.0916974783446888
0.4838519194192239	-0.0916944287340682
0.4838519194192239	-0.0916944287340682
0.4837209406099199	-0.0916913791234477
0.4835899618006159	-0.0916883295128271
0.4834589829913120	-0.0916852799022066
0.4833280041820079	-0.0916822302915860
0.4831970253727039	-0.0916791806809655
0.4830660465633999	-0.0916761310703449
0.4829350677540959	-0.0916730814597244
0.4828040889447919	-0.0916700318491038
0.4826731101354880	-0.0916669822384833
0.4826731101354880	-0.0916669822384833
0.4825421313261840	-0.0916639326278627
0.4824111525168800	-0.0916608830172422
0.4822801737075760	-0.0916578334066216
0.4821491948982720	-0.0916547837960011
0.4820182160889680	-0.0916517341853805
0.4818872372796640	-0.0916486845747600
0.4817562584703600	-0.0916456349641394
0.4816252796610561	-0.0916425853535189
0.4814943008517520	-0.0916395357428983
0.4814943008517520	-0.0916395357428983
0.4813633220424480	-0.0916364861322778
0.4812323432331440	-0.0916334365216572
0.4811013644238401	-0.0916303869110367
0.4809703856145361	-0.0916273373004161
0.4808394068052321	-0.0916242876897956
0.4807084279959281	-0.0916212380791750
0.4805774491866241	-0.0916181884685545
0.4804464703773201	-0.0916151388579339
0.4803154915680161	-0.0916120892473134
0.4803154915680161	-0.0916120892473134
0.4801845127587121	-0.0916090396366928
0.4800535339494081	-0.0916059900260723
0.4799225551401042	-0.0916029404154517
0.4797915763308002	-0.0915998908048312
0.4796605975214961	-0.0915968411942106
0.4795296187121921	-0.0915937915835900
0.4793986399028882	-0.0915907419729695
0.4792676610935842	-0.0915876923623490
0.4791366822842802	-0.0915846427517284
0.4791366822842802	-0.0915846427517284
0.4790057034749762	-0.0915815931411079
0.4788747246656722	-0.0915785435304873
0.4787437458563683	-0.0915754939198667
0.4786127670470642	-0.0915724443092462
0.4784817882377602	-0.0915693946986256
0.4783508094284562	-0.0915663450880051
0.4782198306191523	-0.0915632954773845
0.4780888518098482	-0.0915602458667640
0.4779578730005443	-0.0915571962561434
0.4779578730005443	-0.0915571962561434
0.4778268941912402	-0.0915541466455229
0.4776959153819363	-0.0915510970349023
0.4775649365726323	-0.0915480474242818
0.4774339577633283	-0.0915449978136612
0.4773029789540243	-0.0915419482030407
0.4771720001447203	-0.0915388985924201
0.4770410213354163	-0.0915358489817996
0.4769100425261124	-0.0915327993711790
0.4767790637168083	-0.0915297497605585
0.4767790637168083	-0.0915297497605585
0.4766480849075043	-0.0915267001499379
0.4765171060982004	-0.0915236505393174
0.4763861272888964	-0.0915206009286968
0.4762551484795924	-0.0915175513180763
0.4761241696702884	-0.0915145017074557
0.4759931908609843	-0.0915114520968352
0.4758622120516804	-0.0915084024862146
0.4757312332423764	-0.0915053528755941
0.4756002544330724	-0.0915023032649735
0.4756002544330724	-0.0915023032649735
0.4754692756237684	-0.0914992536543529
0.4753382968144644	-0.0914962040437324
0.4752073180051605	-0.0914931544331119
0.4750763391958565	-0.0914901048224913
0.4749453603865524	-0.0914870552118708
0.4748143815772484	-0.0914840056012502
0.4746834027679445	-0.0914809559906296
0.4745524239586405	-0.0914779063800091
0.4744214451493365	-0.0914748567693885
0.4744214451493365	-0.0914748567693885
0.4742904663400325	-0.0914718071587680
0.4741594875307285	-0.0914687575481474
0.4740285087214245	-0.0914657079375269
0.4738975299121205	-0.0914626583269063
0.4737665511028165	-0.0914596087162858
0.4736355722935126	-0.0914565591056652
0.4735045934842085	-0.0914535094950447
0.4733736146749046	-0.0914504598844241
0.4732426358656006	-0.0914474102738036
0.4732426358656006	-0.0914474102738036
0.4731116570562965	-0.0914443606631830
0.4729806782469926	-0.0914413110525625
0.4728496994376886	-0.0914382614419419
0.4727187206283846	-0.0914352118313214
0.4725877418190806	-0.0914321622207008
0.4724567630097766	-0.0914291126100803
0.4723257842004726	-0.0914260629994597
0.4721948053911686	-0.0914230133888392
0.4720638265818646	-0.0914199637782186
0.4720638265818646	-0.0914199637782186
0.4719328477725606	-0.0914169141675981
0.4718018689632567	-0.0914138645569775
0.4716708901539527	-0.0914108149463570
0.4715399113446487	-0.0914077653357364
0.4714089325353447	-0.0914047157251159
0.4712779537260406	-0.0914016661144953
0.4711469749167367	-0.0913986165038748
0.4710159961074327	-0.0913955668932542
0.4708850172981287	-0.0913925172826337
0.4708850172981287	-0.0913925172826337
0.4707540384888247	-0.0913894676720131
0.4706230596795207	-0.0913864180613926
0.4704920808702168	-0.0913833684507720
0.4703611020609128	-0.0913803188401515
0.4702301232516087	-0.0913772692295309
0.4700991444423048	-0.0913742196189103
0.4699681656330008	-0.0913711700082898
0.4698371868236967	-0.0913681203976692
0.4697062080143928	-0.0913650707870487
0.4697062080143928	-0.0913650707870487
0.4695752292050888	-0.0913620211764281
0.4694442503957847	-0.0913589715658076
0.4693132715864808	-0.0913559219551870
0.4691822927771768	-0.0913528723445665
0.4690513139678728	-0.0913498227339459
0.4689203351585688	-0.0913467731233254
0.4687893563492649	-0.0913437235127048
0.4686583775399609	-0.0913406739020843
0.4685273987306569	-0.0913376242914637
0.4685273987306569	-0.0913376242914637
0.4683964199213528	-0.0913345746808432
0.4682654411120489	-0.0913315250702226
0.4681344623027449	-0.0913284754596021
0.4680034834934409	-0.0913254258489815
0.4678725046841369	-0.0913223762383610
0.4677415258748329	-0.0913193266277404
0.4676105470655290	-0.0913162770171199
0.4674795682562249	-0.0913132274064993
0.4673485894469209	-0.0913101777958788
0.4673485894469209	-0.0913101777958788
0.4672176106376169	-0.0913071281852582
0.4670866318283129	-0.0913040785746377
0.4669556530190090	-0.0913010289640171
0.4668246742097050	-0.0912979793533966
0.4666936954004010	-0.0912949297427760
0.4665627165910970	-0.0912918801321555
0.4664317377817930	-0.0912888305215349
0.4663007589724890	-0.0912857809109144
0.4661697801631850	-0.0912827313002938
0.4661697801631850	-0.0912827313002938
0.4660388013538810	-0.0912796816896733
0.4659078225445770	-0.0912766320790527
0.4657768437352731	-0.0912735824684322
0.4656458649259690	-0.0912705328578116
0.4655148861166650	-0.0912674832471911
0.4653839073073610	-0.0912644336365705
0.4652529284980571	-0.0912613840259500
0.4651219496887530	-0.0912583344153294
0.4649909708794491	-0.0912552848047088
0.4649909708794491	-0.0912552848047088
0.4648599920701451	-0.0912522351940883
0.4647290132608411	-0.0912491855834678
0.4645980344515371	-0.0912461359728472
0.4644670556422331	-0.0912430863622266
0.4643360768329291	-0.0912400367516061
0.4642050980236251	-0.0912369871409855
0.4640741192143211	-0.0912339375303650
0.4639431404050172	-0.0912308879197444
0.4638121615957131	-0.0912278383091239
0.4638121615957131	-0.0912278383091239
0.4636811827864091	-0.0912247886985033
0.4635502039771052	-0.0912217390878828
0.4634192251678012	-0.0912186894772622
0.4632882463584972	-0.0912156398666417
0.4631572675491932	-0.0912125902560211
0.4630262887398892	-0.0912095406454006
0.4628953099305852	-0.0912064910347800
0.4627643311212812	-0.0912034414241595
0.4626333523119772	-0.0912003918135389
0.4626333523119772	-0.0912003918135389
0.4625023735026732	-0.0911973422029184
0.4623713946933692	-0.0911942925922978
0.4622404158840653	-0.0911912429816773
0.4621094370747613	-0.0911881933710567
0.4619784582654572	-0.0911851437604362
0.4618474794561532	-0.0911820941498156
0.4617165006468493	-0.0911790445391951
0.4615855218375453	-0.0911759949285745
0.4614545430282413	-0.0911729453179540
0.4614545430282413	-0.0911729453179540
0.4613235642189373	-0.0911698957073334
0.4611925854096333	-0.0911668460967129
0.4610616066003294	-0.0911637964860923
0.4609306277910253	-0.0911607468754718
0.4607996489817213	-0.0911576972648512
0.4606686701724173	-0.0911546476542306
0.4605376913631133	-0.0911515980436101
0.4604067125538094	-0.0911485484329896
0.4602757337445054	-0.0911454988223690
0.4602757337445054	-0.0911454988223690
0.4601447549352015	-0.0911424492117485
0.4600137761258974	-0.0911393996011279
0.4598827973165934	-0.0911363499905073
0.4597518185072894	-0.0911333003798868
0.4596208396979854	-0.0911302507692662
0.4594898608886814	-0.0911272011586457
0.4593588820793774	-0.0911241515480251
0.4592279032700734	-0.0911211019374046
0.4590969244607694	-0.0911180523267840
