0.5994432884374880	-0.0927030479449475
0.3466391117878785	-0.2739212390842760
0.3465673363655625	-0.2739275614355136
0.3464956704784112	-0.2739338423987028
0.3464241139931983	-0.2739400820271275
0.3463526667770170	-0.2739462803739345
0.3462813286973424	-0.2739524374917894
0.3462100996221805	-0.2739585534331174
0.3461389794197504	-0.2739646282500802
0.3460679679588241	-0.2739706619944237
0.5987751396961337	-0.0927089068278722
0.5987089162691123	-0.0927094202294311
0.5986427999116054	-0.0927099205097711
0.5985767905084008	-0.0927104076832382
0.5985108879442551	-0.0927108817637789
0.5984450921046569	-0.0927113427655152
0.5983794028753356	-0.0927117907024014
0.5983138201424388	-0.0927122255882667
0.5982483437923746	-0.0927126474368678
0.5981829737120457	-0.0927130562619254
0.5981177097885997	-0.0927134520768973
0.5980525519096735	-0.0927138348953361
0.5979874999631620	-0.0927142047305940
0.5979225538373631	-0.0927145615959487
0.5978577134209341	-0.0927149055045930
0.5977929786029039	-0.0927152364696174
0.5977283492726118	-0.0927155545040484
0.5976638253198185	-0.0927158596207474
0.5975994066345964	-0.0927161518325742
0.5975350931073877	-0.0927164311522067
0.5974708846289627	-0.0927166975923120
0.5974067810905226	-0.0927169511653984
0.5973427823835532	-0.0927171918839350
0.5972788883999137	-0.0927174197602619
0.5972150990318167	-0.0927176348066424
0.5971514141718056	-0.0927178370352454
0.5970878337127833	-0.0927180264581408
0.5970243575480227	-0.0927182030873353
0.5969609855711442	-0.0927183669346962
0.5968977176760482	-0.0927185180120734
0.5968345537570293	-0.0927186563311283
0.5967714937087950	-0.0927187819035013
0.5967085374262860	-0.0927188947407369
0.5966456848048329	-0.0927189948542708
0.5965829357401263	-0.0927190822554487
0.5965202901281437	-0.0927191569555492
0.5964577478652737	-0.0927192189657236
0.5963953088481930	-0.0927192682970928
0.5963329729739222	-0.0927193049606220
0.5962707401398514	-0.0927193289672229
0.5962086102436229	-0.0927193403277010
0.5961465831833598	-0.0927193390528021
0.5960846588574201	-0.0927193251531627
0.5960228371644942	-0.0927192986393332
0.5959611180036558	-0.0927192595217785
0.5958995012742666	-0.0927192078108515
0.5958379868760351	-0.0927191435168686
0.5957765747090132	-0.0927190666500216
0.5957152646735491	-0.0927189772204152
0.5956540566703823	-0.0927188752380749
0.5955929506005221	-0.0927187607129435
0.5955319463653259	-0.0927186336548613
0.5954710438664979	-0.0927184940735985
0.5954102430060342	-0.0927183419788354
0.5953495436862909	-0.0927181773801427
0.5952889458099332	-0.0927180002870360
0.5952284492799190	-0.0927178107089631
0.5951680539995824	-0.0927176086551899
0.5951077598725399	-0.0927173941350095
0.5950475668028034	-0.0927171671575729
0.5949874746945470	-0.0927169277319299
0.5949274834524614	-0.0927166758670913
0.5948675929814208	-0.0927164115719523
0.5948078031866610	-0.0927161348553293
0.5947481139737535	-0.0927158457259449
0.5946885252485388	-0.0927155441924608
0.5946290369172240	-0.0927152302634241
0.5945696488863287	-0.0927149039473334
0.5945103610626252	-0.0927145652525418
0.5944511733532712	-0.0927142141873981
0.5943920856656660	-0.0927138507601075
0.5943330979076394	-0.0927134749787983
0.5942742099872316	-0.0927130868515522
0.5942154218128046	-0.0927126863863035
0.5941567332930857	-0.0927122735909727
0.5940981443370388	-0.0927118484733380
0.5940396548540053	-0.0927114110411315
0.5939812647535710	-0.0927109613020030
0.5939229739456957	-0.0927104992634912
0.5938647823405868	-0.0927100249330294
0.5938066898487556	-0.0927095383180492
0.5937486963811102	-0.0927090394258500
0.5936908018487888	-0.0927085282636392
0.5936330061632047	-0.0927080048385551
0.5935753092361622	-0.0927074691576567
0.5935177109797016	-0.0927069212279188
0.5934602113061705	-0.0927063610562225
0.5934028101282398	-0.0927057886493878
0.5933455073588839	-0.0927052040141096
0.5932883029113788	-0.0927046071570539
0.5932311966992402	-0.0927039980848117
0.5931741886363842	-0.0927033768038075
0.5931172786369600	-0.0927027433204507
0.5930604666154040	-0.0927020976410751
0.5930037524864972	-0.0927014397719091
0.5929471361652783	-0.0927007697190798
0.5928906175670973	-0.0927000874886922
0.5928341966076086	-0.0926993930867111
0.5927778732027312	-0.0926986865190802
0.5927216472686855	-0.0926979677915431
0.5926655187220041	-0.0926972369099470
0.5926094874795209	-0.0926964938798905
0.5925535534583248	-0.0926957387069884
0.5924977165758205	-0.0926949713967159
0.5924419767496926	-0.0926941919545269
0.5923863338979261	-0.0926934003857383
0.5923307879387875	-0.0926925966956157
0.5922753387908313	-0.0926917808893664
0.5922199863729118	-0.0926909529720301
0.5921647306041015	-0.0926901129486908
0.5921095714038709	-0.0926892608242509
0.5920545086919508	-0.0926883966035672
0.5919995423882761	-0.0926875202914477
0.5919446724131642	-0.0926866318925612
0.5918898986871410	-0.0926857314115360
0.5918352211310710	-0.0926848188529355
0.5917806396660794	-0.0926838942211777
0.5917261542135634	-0.0926829575206717
0.5916717646952314	-0.0926820087557026
0.5916174710330132	-0.0926810479305126
0.5915632731492099	-0.0926800750492041
0.5915091709663520	-0.0926790901158572
0.5914551644072329	-0.0926780931344790
0.5914012533949455	-0.0926770841089276
0.5913474378528799	-0.0926760630430623
0.5912937177046684	-0.0926750299406203
0.5912400928742405	-0.0926739848052417
0.5911865632858069	-0.0926729276405543
0.5911331288638529	-0.0926718584500324
0.5910797895331323	-0.0926707772371095
0.5910265452186255	-0.0926696840051495
0.5909733958457229	-0.0926685787574022
0.5909203413399567	-0.0926674614970741
0.5908673816271807	-0.0926663322272628
0.5908145166335568	-0.0926651909510120
0.5907617462854357	-0.0926640376713092
0.5907090705095150	-0.0926628723909583
0.5906564892327513	-0.0926616951128057
0.5906040023823217	-0.0926605058395921
0.5905516098857408	-0.0926593045738824
0.5904993116707652	-0.0926580913183239
0.5904471076654008	-0.0926568660753391
0.5903949977979533	-0.0926556288473678
0.5903429819969762	-0.0926543796367330
0.5902910601913184	-0.0926531184456669
0.5902392323100524	-0.0926518452763643
0.5901874982825654	-0.0926505601308766
0.5901358580384648	-0.0926492630112630
0.5900843115076658	-0.0926479539194696
0.5900328586203362	-0.0926466328572967
0.5899814993068354	-0.0926452998265705
0.5899302334979416	-0.0926439548289816
0.5898790611245865	-0.0926425978661505
0.5898279821179653	-0.0926412289396274
0.5897769964095846	-0.0926398480508638
0.5897261039311712	-0.0926384552012806
0.5896753046147553	-0.0926370503921721
0.5896245983925670	-0.0926356336247749
0.5895739851971779	-0.0926342049002379
0.5895234649613353	-0.0926327642196533
0.5894730376181130	-0.0926313115840145
0.5894227031008125	-0.0926298469942542
0.5893724613430141	-0.0926283704512015
0.5893223122785411	-0.0926268819556382
0.5892722558414801	-0.0926253815082414
0.5892222919661524	-0.0926238691096432
0.5891724205872000	-0.0926223447603524
0.5891226416394609	-0.0926208084608581
0.5890729550580501	-0.0926192602115089
0.5890233607783016	-0.0926177000126053
0.5889738587359125	-0.0926161278643930
0.5889244488667121	-0.0926145437670130
0.5888751311068473	-0.0926129477205255
0.5888259053927273	-0.0926113397249127
0.5887767716609791	-0.0926097197801198
0.5887277298484997	-0.0926080878859408
0.5886787798924563	-0.0926064440421571
0.5886299217302213	-0.0926047882484709
0.5885811552994996	-0.0926031205044190
0.5885324805381622	-0.0926014408095818
0.5884838973843460	-0.0925997491633846
0.5884354057764989	-0.0925980455652197
0.5883870056532899	-0.0925963300143528
0.5883386969535870	-0.0925946025100001
0.5882904796166000	-0.0925928630512929
0.5882423535816953	-0.0925911116373171
0.5881943187885443	-0.0925893482670249
0.5881463751770932	-0.0925875729393376
0.5880985226874489	-0.0925857856530891
0.5880507612600024	-0.0925839864069908
0.5880030908354361	-0.0925821751997368
0.5879555113546459	-0.0925803520299043
0.5879080227587683	-0.0925785168960233
0.5878606249891867	-0.0925766697965244
0.5878133179875504	-0.0925748107297923
0.5877661016957267	-0.0925729396940529
0.5877189760558381	-0.0925710566875288
0.5876719410102665	-0.0925691617084009
0.5876249965016379	-0.0925672547546357
0.5875781424727707	-0.0925653358242186
0.5875313788667733	-0.0925634049150912
0.5874847056270428	-0.0925614620250191
0.5874381226971086	-0.0925595071517491
0.5873916300208388	-0.0925575402929387
0.5873452275422715	-0.0925555614461839
0.5872989152057647	-0.0925535706089502
0.5872526929558173	-0.0925515677786926
0.5872065607372692	-0.0925495529527356
0.5871605184951453	-0.0925475261283522
0.5871145661746928	-0.0925454873027370
0.5870687037214679	-0.0925434364729838
0.5870229310812062	-0.0925413736361226
0.5869772481999074	-0.0925392987891257
0.5869316550238189	-0.0925372119288541
0.5868861514993935	-0.0925351130521172
0.5868407375733478	-0.0925330021556166
0.5867954131926343	-0.0925308792359871
0.5867501783044334	-0.0925287442898077
0.5867050328561642	-0.0925265973135606
0.5866599767954918	-0.0925244383036047
0.5866150100703125	-0.0925222672563336
0.5865701326287601	-0.0925200841679557
0.5865253444192059	-0.0925178890346185
0.5864806453902559	-0.0925156818524239
0.5864360354907368	-0.0925134626174050
0.5863915146697183	-0.0925112313254654
0.5863470828765369	-0.0925089879724589
0.5863027400607045	-0.0925067325541822
0.5862584861720311	-0.0925044650662543
0.5862143211604971	-0.0925021855043927
0.5861702449763336	-0.0924998938640475
0.5861262575700498	-0.0924975901407164
0.5860823588923580	-0.0924952743297618
0.5860385488941907	-0.0924929464264735
0.5859948275267153	-0.0924906064260718
0.5859511947413305	-0.0924882543236854
0.5859076504897029	-0.0924858901143852
0.5858641947236509	-0.0924835137931460
0.5858208273953522	-0.0924811253548476
0.5857775484570594	-0.0924787247943123
0.5857343578613484	-0.0924763121063078
0.5856912555610653	-0.0924738872854441
0.5856482415091487	-0.0924714503263268
0.5856053156589136	-0.0924690012234525
0.5855624779638132	-0.0924665399712158
0.5855197283775562	-0.0924640665639772
0.5854770668540850	-0.0924615809959576
0.5854344933475452	-0.0924590832613921
0.5853920078123632	-0.0924565733543160
0.5853496102031507	-0.0924540512687594
0.5853073004746948	-0.0924515169986740
0.5852650785821526	-0.0924489705378775
0.5852229444808091	-0.0924464118801725
0.5851808981261870	-0.0924438410192448
0.5851389394740331	-0.0924412579486767
0.5850970684803193	-0.0924386626620481
0.5850552851013129	-0.0924360551527312
0.5850135892933583	-0.0924334354141421
0.5849719810131879	-0.0924308034395670
0.5849304602176824	-0.0924281592221738
0.5848890268639000	-0.0924255027550815
0.5848476809092084	-0.0924228340313773
0.5848064223111906	-0.0924201530439709
0.5847652510275935	-0.0924174597857520
0.5847241670164460	-0.0924147542495258
0.5846831702359837	-0.0924120364279660
0.5846422606446344	-0.0924093063137300
0.5846014382011131	-0.0924065638993512
0.5845607028642658	-0.0924038091773102
0.5845200545932753	-0.0924010421399611
0.5844794933474836	-0.0923982627795895
0.5844390190864115	-0.0923954710884352
0.5843986317699031	-0.0923926670586466
0.5843583313579455	-0.0923898506822443
0.5843181178107761	-0.0923870219511888
0.5842779910888497	-0.0923841808573695
0.5842379511528882	-0.0923813273925669
0.5841979979637314	-0.0923784615485583
0.5841581314825195	-0.0923755833168708
0.5841183516706251	-0.0923726926891364
0.5840786584895448	-0.0923697896568051
0.5840390519011144	-0.0923668742112123
0.5839995318673058	-0.0923639463437066
0.5839600983503617	-0.0923610060454351
0.5839207513127018	-0.0923580533075828
0.5838814907170423	-0.0923550881211703
0.5838423165261866	-0.0923521104771298
0.5838032287032757	-0.0923491203663847
0.5837642272116155	-0.0923461177796643
0.5837253120147379	-0.0923431027077118
0.5836864830764206	-0.0923400751411260
0.5836477403606090	-0.0923370350704359
0.5836090838315227	-0.0923339824860781
0.5835705134535433	-0.0923309173784315
0.5835320291913102	-0.0923278397377605
0.5834936310096630	-0.0923247495542599
0.5834553188736632	-0.0923216468180128
0.5834170927486152	-0.0923185315190458
0.5833789525999655	-0.0923154036472832
0.5833408983934628	-0.0923122631925643
0.5833029300950252	-0.0923091101446956
0.5832650476707822	-0.0923059444932682
0.5832272510871486	-0.0923027662278999
0.5831895403106455	-0.0922995753380926
0.5831519153080852	-0.0922963718132244
0.5831143760464546	-0.0922931556426676
0.5830769224930302	-0.0922899268155759
0.5830395546152167	-0.0922866853211743
0.5830022723806357	-0.0922834311484905
0.5829650757572660	-0.0922801642864464
0.5829279647130942	-0.0922768847239735
0.5828909392164550	-0.0922735924498403
0.5828539992358815	-0.0922702874527729
0.5828171447400394	-0.0922669697213667
0.5827803756979413	-0.0922636392441399
0.5827436920787301	-0.0922602960095252
0.5827070938517440	-0.0922569400059067
0.5826705809865977	-0.0922535712215118
0.5826341534530640	-0.0922501896445034
0.5825978112212244	-0.0922467952629827
0.5825615542612210	-0.0922433880649147
0.5825253825435746	-0.0922399680381722
0.5824892960388484	-0.0922365351706362
0.5824532947179868	-0.0922330894499494
0.5824173785520186	-0.0922296308637760
0.5823815475122344	-0.0922261593996488
0.5823458015702012	-0.0922226750449951
0.5823101406975626	-0.0922191777871580
0.5822745648663145	-0.0922156676134306
0.5822390740485434	-0.0922121445109780
0.5822036682166045	-0.0922086084668127
0.5821683473430949	-0.0922050594680039
0.5821331114007903	-0.0922014975014256
0.5820979603626782	-0.0921979225538341
0.5820628942019260	-0.0921943346119800
0.5820279128919885	-0.0921907336624404
0.5819930164064647	-0.0921871196917462
0.5819582047192009	-0.0921834926863574
0.5819234778042469	-0.0921798526325460
0.5818888356358309	-0.0921761995166400
0.5818542781884835	-0.0921725333247226
0.5818198054368342	-0.0921688540428681
0.5817854173557719	-0.0921651616569907
0.5817511139204149	-0.0921614561530200
0.5817168951060669	-0.0921577375166798
0.5816827608882897	-0.0921540057336573
0.5816487112427741	-0.0921502607895260
0.5816147461454360	-0.0921465026697492
0.5815808655724586	-0.0921427313597590
0.5815470695002372	-0.0921389468448088
0.5815133579053201	-0.0921351491101176
0.5814797307644712	-0.0921313381407684
0.5814461880546989	-0.0921275139217776
0.5814127297532237	-0.0921236764380232
0.5813793558374143	-0.0921198256743006
0.5813460662849376	-0.0921159616153851
0.5813128610736004	-0.0921120842458345
0.5812797401814609	-0.0921081935501533
0.5812467035867482	-0.0921042895128231
0.5812137512679186	-0.0921003721181437
0.5811808832036328	-0.0920964413502657
0.5811480993728126	-0.0920924971934043
0.5811153997545094	-0.0920885396315015
0.5810827843280332	-0.0920845686485186
0.5810502530729023	-0.0920805842282847
0.5810178059687888	-0.0920765863545173
0.5809854429956177	-0.0920725750108363
0.5809531641335748	-0.0920685501807463
0.5809209693629359	-0.0920645118477372
0.5808888586643088	-0.0920604599950542
0.5808568320183845	-0.0920563946059328
0.5808248894061757	-0.0920523156634963
0.5807930308088556	-0.0920482231507865
0.5807612562077318	-0.0920441170507262
0.5807295655845329	-0.0920399973460808
0.5806979589209450	-0.0920358640196114
0.5806664361989988	-0.0920317170538726
0.5806349974009174	-0.0920275564314354
0.5806036425091055	-0.0920233821346444
0.5805723715062243	-0.0920191941457831
0.5805411843751068	-0.0920149924471304
0.5805100810987697	-0.0920107770207164
0.5804790616605072	-0.0920065478485624
0.5804481260437461	-0.0920023049124853
0.5804172742321715	-0.0919980481943505
0.5803865062096994	-0.0919937776757773
0.5803558219603452	-0.0919894933383292
0.5803252214684480	-0.0919851951634672
0.5802947047184603	-0.0919808831325612
0.5802642716951446	-0.0919765572268957
0.5802339223834209	-0.0919722174274796
0.5802036567684030	-0.0919678637154760
0.5801734748353637	-0.0919634960717990
0.5801433765699140	-0.0919591144772204
0.5801133619577611	-0.0919547189124387
0.5800834309848806	-0.0919503093581190
0.5800535836374439	-0.0919458857947289
0.5800238199018126	-0.0919414482026525
0.5799941397645128	-0.0919369965621433
0.5799645432123710	-0.0919325308533822
0.5799350302323828	-0.0919280510564631
0.5799056008117365	-0.0919235571512757
0.5798762549378620	-0.0919190491176802
0.5798469925983561	-0.0919145269354214
0.5798178137810525	-0.0919099905840374
0.5797887184739298	-0.0919054400431095
0.5797597066652536	-0.0919008752920117
0.5797307783434922	-0.0918962963100288
0.5797019334972571	-0.0918917030763140
0.5796731721154548	-0.0918870955698823
0.5796444941871121	-0.0918824737697054
0.5796158997014687	-0.0918778376547067
0.5795873886481004	-0.0918731872033922
0.5795589610165910	-0.0918685223945736
0.5795306167969332	-0.0918638432065658
0.5795023559791738	-0.0918591496178196
0.5794741785536114	-0.0918544416065913
0.5794460845107864	-0.0918497191509865
0.5794180738414245	-0.0918449822290318
0.5793901465364674	-0.0918402308186754
0.5793623025870064	-0.0918354648976647
0.5793345419844164	-0.0918306844437082
0.5793068647202827	-0.0918258894343068
0.5792792707863527	-0.0918210798469322
0.5792517601745467	-0.0918162556588867
0.5792243328771123	-0.0918114168473761
0.5791969888863852	-0.0918065633894820
0.5791697281949821	-0.0918016952621585
0.5791425507956809	-0.0917968124422826
0.5791154566815175	-0.0917919149064851
0.5790884458456798	-0.0917870026314916
0.5790615182816103	-0.0917820755937125
0.5790346739829537	-0.0917771337694653
0.5790079129435063	-0.0917721771350866
0.5789812351573322	-0.0917672056665941
0.5789546406187079	-0.0917622193400862
0.5789281293221090	-0.0917572181313115
0.5789017012621032	-0.0917522020161151
0.5788753564336842	-0.0917471709700173
0.5788490948319335	-0.0917421249686479
0.5788229164520551	-0.0917370639872864
0.5787968212896304	-0.0917319880012138
0.5787708093403454	-0.0917268969855091
0.5787448806001056	-0.0917217909152422
0.5787190350650780	-0.0917166697652633
0.5786932727315213	-0.0917115335102483
0.5786675935960729	-0.0917063821249161
0.5786419976554754	-0.0917012155837203
0.5786164849065966	-0.0916960338609747
0.5785910553466961	-0.0916908369309348
0.5785657089731178	-0.0916856247677544
0.5785404457834540	-0.0916803973453792
0.5785152657755361	-0.0916751546376311
0.5784901689473172	-0.0916698966182396
0.5784651552970076	-0.0916646232608009
0.5784402248230495	-0.0916593345387926
0.5784153775240926	-0.0916540304254904
0.5783906133989731	-0.0916487108941590
0.5783659324467119	-0.0916433759177661
0.5783413346665967	-0.0916380254692082
0.5783168200580746	-0.0916326595213989
0.5782923886208133	-0.0916272780469283
0.5782680403547552	-0.0916218810183266
0.5782437752599506	-0.0916164684080334
0.5782195933366839	-0.0916110401882077
0.5781954945855696	-0.0916055963310445
0.5781714790072060	-0.0916001368084428
0.5781475466026199	-0.0915946615923721
0.5781236973729176	-0.0915891706544338
0.5780999313194757	-0.0915836639662237
0.5780762484438500	-0.0915781414991971
0.5780526487477557	-0.0915726032246233
0.5780291322333131	-0.0915670491137212
0.5780056989026063	-0.0915614791373996
0.5779823487581124	-0.0915558932665493
0.5779590818023663	-0.0915502914719624
0.5779358980382768	-0.0915446737242318
0.5779127974688378	-0.0915390399937778
0.5778897800973545	-0.0915333902508853
0.5778668459272288	-0.0915277244657496
0.5778439949621018	-0.0915220426083944
0.5778212272059421	-0.0915163446486650
0.5777985426627988	-0.0915106305563858
0.5777759413370062	-0.0915049003010536
0.5777534232330349	-0.0914991538520788
0.5777309883556325	-0.0914933911788519
0.5777086367098198	-0.0914876122504853
0.5776863683005820	-0.0914818170359824
0.5776641831333986	-0.0914760055042494
0.5776420812138520	-0.0914701776239063
0.5776200625476702	-0.0914643333635674
0.5775981271408543	-0.0914584726915377
0.5775762749997562	-0.0914525955762829
0.5775545061306226	-0.0914467019857304
0.5775328205401580	-0.0914407918879011
0.5775112182352291	-0.0914348652506212
0.5774896992228561	-0.0914289220415027
0.5774682635103574	-0.0914229622280398
0.5774469111052107	-0.0914169857776364
0.5774256420151487	-0.0914109926574486
0.5774044562480519	-0.0914049828345036
0.5773833538119741	-0.0913989562756860
0.5773623347153685	-0.0913929129478190
0.5773413989667708	-0.0913868528173202
0.5773205465749662	-0.0913807758507013
0.5772997775488814	-0.0913746820141735
0.5772790918978229	-0.0913685712738744
0.5772584896310600	-0.0913624435956825
0.5772379707583075	-0.0913562989454856
0.5772175352893404	-0.0913501372887631
0.5771971832343215	-0.0913439585911271
0.5771769146034149	-0.0913377628177363
0.5771567294071710	-0.0913315499337944
0.5771366276562583	-0.0913253199042947
0.5771166093616641	-0.0913190726939752
0.5770966745344316	-0.0913128082675199
0.5770768231859135	-0.0913065265894410
0.5770570553277514	-0.0913002276240036
0.5770373709716574	-0.0912939113354135
0.5770177701295934	-0.0912875776876465
0.5769982528138670	-0.0912812266443662
0.5769788190368179	-0.0912748581694750
0.5769594688112170	-0.0912684722262270
0.5769402021496765	-0.0912620687780856
0.5769210190655685	-0.0912556477881725
0.5769019195719964	-0.0912492092193013
0.5768829036825291	-0.0912427530344333
0.5768639714108310	-0.0912362791961861
0.5768451227709903	-0.0912297876669394
0.5768263577770755	-0.0912232784090060
0.5768076764434450	-0.0912167513845239
0.5767890787846959	-0.0912102065552625
0.5767705648157151	-0.0912036438832563
0.5767521345515227	-0.0911970633298946
0.5767337880072914	-0.0911904648565556
0.5767155251985929	-0.0911838484244655
0.5766973461409819	-0.0911772139948226
0.5766792508505273	-0.0911705615283585
0.5766612393432444	-0.0911638909857882
0.5766433116355785	-0.0911572023275947
0.5766254677440987	-0.0911504955141892
0.5766077076853277	-0.0911437705055185
0.5765900314765930	-0.0911370272618619
0.5765724391350133	-0.0911302657426161
0.5765549306779781	-0.0911234859076119
0.5765375061231847	-0.0911166877162160
0.5765201654885613	-0.0911098711275934
0.5765029087921860	-0.0911030361007983
0.5764857360522836	-0.0910961825947674
0.5764686472876288	-0.0910893105679356
0.5764516425168301	-0.0910824199789084
0.5764347217232048	-0.0910755107701801
0.5764178850329611	-0.0910685829471183
0.5764011323585937	-0.0910616364203925
0.5763844637554701	-0.0910546711633573
0.5763678792433155	-0.0910476871335587
0.5763513788423753	-0.0910406842883521
0.5763349625728941	-0.0910336625847617
0.5763186304554873	-0.0910266219797790
0.5763023825107527	-0.0910195624300301
0.5762862187598636	-0.0910124838921069
0.5762701391906946	-0.0910053863127350
0.5762541439244423	-0.0909982696770932
0.5762382328830978	-0.0909911339118149
0.5762224061217061	-0.0909839789824377
0.5762066636623503	-0.0909768048447692
0.5761910055274891	-0.0909696114535777
0.5761754317394686	-0.0909623987644803
0.5761599423212856	-0.0909551667320931
0.5761445372959444	-0.0909479153111993
0.5761292166865266	-0.0909406444564139
0.5761139804911628	-0.0909333540981961
0.5760988288097167	-0.0909260442615369
0.5760837615899208	-0.0909187148297912
0.5760687788812383	-0.0909113657797339
0.5760538807081458	-0.0909039970651082
0.5760390670951909	-0.0908966086390830
0.5760243380671231	-0.0908892004547678
0.5760096936490416	-0.0908817724648577
0.5759951338661768	-0.0908743246220466
0.5759806587440044	-0.0908668568786170
0.5759662682797135	-0.0908593691810850
0.5759519625849879	-0.0908518614986925
0.5759377416001911	-0.0908443337657482
0.5759236053805026	-0.0908367859396286
0.5759095539522278	-0.0908292179715519
0.5758955873424927	-0.0908216298127188
0.5758817055782951	-0.0908140214138756
0.5758679086869416	-0.0908063927255490
0.5758541966960956	-0.0907987436982695
0.5758405696333294	-0.0907910742820720
0.5758270275025567	-0.0907833844072385
0.5758135702973768	-0.0907756740360137
0.5758001982951412	-0.0907679431994488
0.5757869112273387	-0.0907601917253154
0.5757737092301172	-0.0907524196098806
0.5757605923325567	-0.0907446268017433
0.5757475605639797	-0.0907368132495430
0.5757346139540600	-0.0907289789015707
0.5757217525324728	-0.0907211237062124
0.5757089763296185	-0.0907132476110151
0.5756962853535199	-0.0907053505546249
0.5756836796288387	-0.0906974324568242
0.5756711593364137	-0.0906894934019068
0.5756587243132145	-0.0906815331814694
0.5756463746622988	-0.0906735517970426
0.5756341104152672	-0.0906655491949368
0.5756219316039646	-0.0906575253213200
0.5756098382601466	-0.0906494801221312
0.5755978304160115	-0.0906414135431438
0.5755859081037822	-0.0906333255297259
0.5755740713304304	-0.0906252160089333
0.5755623201217436	-0.0906170849150896
0.5755506546878381	-0.0906089323333969
0.5755390748328739	-0.0906007580314054
0.5755275806754181	-0.0905925620185157
0.5755161722496134	-0.0905843442384908
0.5755048495889653	-0.0905761046349990
0.5754936127281954	-0.0905678431514232
0.5754824617017414	-0.0905595597311407
0.5754713965442384	-0.0905512543166737
0.5754604172852945	-0.0905429268303953
0.5754495239337672	-0.0905345772454964
0.5754387164928989	-0.0905262053251940
0.5754279950876169	-0.0905178112903949
0.5754173600245640	-0.0905093953174703
0.5754068108241314	-0.0905009567250122
0.5753963477423061	-0.0904924957313575
0.5753859708162626	-0.0904840122775543
0.5753756800824400	-0.0904755063036975
0.5753654755781241	-0.0904669777504610
0.5753553573254476	-0.0904584265374701
0.5753453253942633	-0.0904498525905316
0.5753353797333063	-0.0904412558495055
0.5753255204472693	-0.0904326361826269
0.5753157478151294	-0.0904239941778407
0.5753060614805917	-0.0904153288759204
0.5752964616421886	-0.0904066405683346
0.5752869483387784	-0.0903979291928115
0.5752775216097663	-0.0903891946876870
0.5752681814944625	-0.0903804369896542
0.5752589280136394	-0.0903716560137828
0.5752497612526659	-0.0903628516673070
0.5752406811947079	-0.0903540239220126
0.5752316878017576	-0.0903451726458988
0.5752227814252608	-0.0903362979509628
0.5752139619357277	-0.0903274002166187
0.5752052292437630	-0.0903184783942320
0.5751965834903201	-0.0903095328682988
0.5751880247171278	-0.0903005635735410
0.5751795529659375	-0.0902915704446563
0.5751711682905277	-0.0902825533644390
0.5751628706887477	-0.0902735123656655
0.5751546602441636	-0.0902644472146248
0.5751465368901267	-0.0902553580335782
0.5751385009328820	-0.0902462442947936
0.5751305521664074	-0.0902371068865118
0.5751226909014434	-0.0902279456157822
0.5751149168661783	-0.0902187594182142
0.5751072302410051	-0.0902095487828841
0.5750996310710556	-0.0902003136416393
0.5750921194025947	-0.0901910538976384
0.5750846952546180	-0.0901817694994911
0.5750773587314914	-0.0901724602902495
0.5750701097551532	-0.0901631262765377
0.5750629486300067	-0.0901537674697599
0.5750558749195668	-0.0901443834508523
0.5750488892424502	-0.0901349748510618
0.5750419914850062	-0.0901255419570452
0.5750351814442343	-0.0901160831221151
0.5750284591293356	-0.0901066001897955
0.5750218251287391	-0.0900970897626566
0.5750152789889218	-0.0900875548884009
0.5750088209223154	-0.0900779947892263
0.5750024508493227	-0.0900684089960796
0.5749961690307526	-0.0900587977091700
0.5749899753959155	-0.0900491605162760
0.5749838699965022	-0.0900394979127396
0.5749778529121981	-0.0900298095003278
0.5749719237030297	-0.0900200945496789
0.5749660833483035	-0.0900103574315115
0.5749603317236226	-0.0900005898943411
0.5749546682931421	-0.0899907975090056
0.5749490933681016	-0.0899809789168113
0.5749436070992812	-0.0899711340396123
0.5749382096682009	-0.0899612628491556
0.5749329007598579	-0.0899513653376380
0.5749276803369405	-0.0899414409940284
0.5749225485356193	-0.0899314897608915
0.5749175061080330	-0.0899215124858026
0.5749125521578589	-0.0899115116473834
0.5749076878200854	-0.0899014799207151
0.5749029121104025	-0.0898914224268347
0.5748982253866349	-0.0898813379057962
0.5748936278755760	-0.0898712261339155
0.5748891196972890	-0.0898610876667180
0.5748847004223966	-0.0898509208906784
0.5748803705963178	-0.0898407279470088
0.5748761300450888	-0.0898305069648445
0.5748719784397976	-0.0898202587065657
0.5748679164951588	-0.0898099862265578
0.5748639445079553	-0.0897996820206835
0.5748600618074966	-0.0897893511917278
0.5748562685741661	-0.0897789924441184
0.5748525654890682	-0.0897686063085951
0.5748489517219898	-0.0897581917218427
0.5748454277874846	-0.0897477492651505
0.5748419934297198	-0.0897372785021079
0.5748386491098706	-0.0897267793140003
0.5748353941028493	-0.0897162518369198
0.5748322295774583	-0.0897056995115248
0.5748291555453585	-0.0896951144555768
0.5748261712889478	-0.0896845020365805
0.5748232771941276	-0.0896738608595181
0.5748204735638294	-0.0896631912587317
0.5748177596927846	-0.0896524924546441
0.5748151366828844	-0.0896417645836450
0.5748126039458392	-0.0896310084584456
0.5748101618720630	-0.0896202222552817
0.5748078092178592	-0.0896094071698739
0.5748055476019213	-0.0895985662199807
0.5748033770031400	-0.0895876918000917
0.5748012970118803	-0.0895767889808064
0.5747993078090144	-0.0895658567190503
0.5747974094089965	-0.0895548946722403
0.5747956019560521	-0.0895439027889201
0.5747938859838154	-0.0895328816436807
0.5747922598912186	-0.0895218295375121
0.5747907255996508	-0.0895107477525914
0.5747892823642321	-0.0894996360752341
0.5747879288293720	-0.0894884972360836
0.5747866676663591	-0.0894773241639163
0.5747854979317429	-0.0894661218456525
0.5747844195208937	-0.0894548891453782
0.5747834326521419	-0.0894436257928364
0.5747825374027723	-0.0894323315440053
0.5747817339301518	-0.0894210061781553
0.5747810216903878	-0.0894096508578914
0.5747804010100751	-0.0893982632928794
0.5747798726078669	-0.0893868451720020
0.5747794336709859	-0.0893753995554556
0.5747790887135670	-0.0893639177264010
0.5747788354092095	-0.0893524060983621
0.5747786744012976	-0.0893408631829148
0.5747786052524327	-0.0893292885363783
0.5747786281213710	-0.0893176817020478
0.5747787437419954	-0.0893060435632746
0.5747789514206518	-0.0892943736977866
0.5747792517177360	-0.0892826711637997
0.5747796436855824	-0.0892709368937731
0.5747801265307737	-0.0892591730603436
0.5747807039345783	-0.0892473737911304
0.5747813738353267	-0.0892355427294996
0.5747821363805907	-0.0892236792449637
0.5747829920678331	-0.0892117830952005
0.5747839400644695	-0.0891998541707864
0.5747849809158710	-0.0891878925303391
0.5747861147892174	-0.0891758985143708
0.5747873413245639	-0.0891638695095695
0.5747886632160361	-0.0891518091817198
0.5747900729798564	-0.0891397179137666
0.5747915796254438	-0.0891275887122424
0.5747931790083116	-0.0891154279105246
0.5747948722154541	-0.0891032333693828
0.5747966588941809	-0.0890910052175055
0.5747985386771730	-0.0890787428216461
0.5748005135843749	-0.0890664466287191
0.5748025811432438	-0.0890541168148345
0.5748047421646210	-0.0890417526144656
0.5748069955256150	-0.0890293535443574
0.5748093421925630	-0.0890169230771743
0.5748117846079261	-0.0890044540478619
0.5748143209235510	-0.0889919519756470
0.5748169512246382	-0.0889794150873589
0.5748196763497847	-0.0889668432404094
0.5748224957233870	-0.0889542370101652
0.5748254089882729	-0.0889415952706642
0.5748284165262516	-0.0889289181411604
0.5748315184541070	-0.0889162062201218
0.5748347178743232	-0.0889034582059100
0.5748380038493274	-0.0888906768162805
0.5748413898499037	-0.0888778556294862
0.5748448703701906	-0.0888650010072814
0.5748484462031824	-0.0888521108353456
0.5748521162844641	-0.0888391825292212
0.5748558817441610	-0.0888262202425721
0.5748597424442078	-0.0888132202879794
0.5748636976087060	-0.0888001841037526
0.5748677514728511	-0.0887871121123225
0.5748718943120094	-0.0887740012110414
0.5748761342315561	-0.0887608586184468
0.5748804698583041	-0.0887476743018023
0.5748849017384701	-0.0887344542154796
0.5748894297337410	-0.0887211974232442
0.5748940523607277	-0.0887079025916343
0.5748987744912077	-0.0886945700169200
0.5749035881829017	-0.0886812007280848
0.5749084992487521	-0.0886677929890146
0.5749135060560139	-0.0886543490937094
0.5749186108412780	-0.0886408691980378
0.5749238054524349	-0.0886273462440667
0.5749291003384724	-0.0886137839609239
0.5749344913123299	-0.0886001852697686
0.5749399798973194	-0.0885865491572183
0.5749455642015983	-0.0885728741564753
0.5749512441661433	-0.0885591624833647
0.5749570236032505	-0.0885454079429573
0.5749628940709025	-0.0885316145637262
0.5749688700084439	-0.0885177841559995
0.5749749404985008	-0.0885039123547563
0.5749810987760978	-0.0884900038757028
0.5749885422682738	-0.0884743031722821
0.5749937187976240	-0.0884620631774080
0.5750001735201404	-0.0884480323341137
0.5750067286339189	-0.0884339640339911
0.5750133807705480	-0.0884198557957563
0.5750201256994100	-0.0884057035869202
0.5750269690832326	-0.0883915112708915
0.5750339195913576	-0.0883772831971371
0.5750409618218840	-0.0883630102210276
0.5750480902056818	-0.0883486975449161
0.5750555336978578	-0.0883329968414954
0.5750629771900337	-0.0883172961380746
0.5750704206822098	-0.0883015954346539
0.5750778641743858	-0.0882858947312331
0.5750853076665619	-0.0882701940278124
0.5750929781049281	-0.0882619476795817
0.5751008069940690	-0.0882473451504951
0.5751087354303933	-0.0882326932311324
0.5751167443263037	-0.0882180078846518
0.5751150816352658	-0.0882073912141294
0.5751257964016104	-0.0881903039246731
0.5751365111679552	-0.0881732166352169
0.5751472259342998	-0.0881561293457606
0.5751579407006444	-0.0881390420563043
0.5751686554669890	-0.0881219547668480
0.5751793702333338	-0.0881048674773917
0.5751900849996785	-0.0880877801879354
0.5752007997660231	-0.0880706928984792
0.5752115145323677	-0.0880536056090229
0.5752115145323677	-0.0880536056090229
0.5752222292987124	-0.0880365183195666
0.5752329440650571	-0.0880194310301103
0.5752436588314017	-0.0880023437406540
0.5752543735977464	-0.0879852564511977
0.5752650883640911	-0.0879681691617414
0.5752758031304357	-0.0879510818722851
0.5752865178967803	-0.0879339945828289
0.5752972326631250	-0.0879169072933726
0.5753079474294697	-0.0878998200039163
0.5753079474294697	-0.0878998200039163
0.5753186621958144	-0.0878827327144600
0.5753293769621590	-0.0878656454250037
0.5753400917285036	-0.0878485581355475
0.5753508064948483	-0.0878314708460912
0.5753615212611930	-0.0878143835566349
0.5753722360275376	-0.0877972962671786
0.5753829507938824	-0.0877802089777223
0.5753936655602270	-0.0877631216882660
0.5754043803265716	-0.0877460343988097
0.5754043803265716	-0.0877460343988097
0.5754150950929162	-0.0877289471093534
0.5754258098592610	-0.0877118598198972
0.5754365246256056	-0.0876947725304409
0.5754472393919503	-0.0876776852409846
0.5754579541582949	-0.0876605979515283
0.5754686689246395	-0.0876435106620720
0.5754793836909842	-0.0876264233726157
0.5754900984573289	-0.0876093360831595
0.5755008132236735	-0.0875922487937032
0.5755008132236735	-0.0875922487937032
0.5755115279900181	-0.0875751615042469
0.5755222427563629	-0.0875580742147906
0.5755329575227075	-0.0875409869253343
0.5755436722890521	-0.0875238996358780
0.5755543870553967	-0.0875068123464217
0.5755651018217415	-0.0874897250569655
0.5755758165880861	-0.0874726377675092
0.5755865313544308	-0.0874555504780529
0.5755972461207755	-0.0874384631885966
0.5755972461207755	-0.0874384631885966
0.5756079608871201	-0.0874213758991403
0.5756186756534647	-0.0874042886096840
0.5756293904198094	-0.0873872013202278
0.5756401051861540	-0.0873701140307715
0.5756508199524988	-0.0873530267413152
0.5756615347188434	-0.0873359394518589
0.5756722494851880	-0.0873188521624026
0.5756829642515326	-0.0873017648729463
0.5756936790178774	-0.0872846775834900
0.5756936790178774	-0.0872846775834900
0.5757043937842220	-0.0872675902940337
0.5757151085505667	-0.0872505030045775
0.5757258233169114	-0.0872334157151212
0.5757365380832560	-0.0872163284256649
0.5757472528496006	-0.0871992411362086
0.5757579676159453	-0.0871821538467523
0.5757686823822901	-0.0871650665572960
0.5757793971486347	-0.0871479792678398
0.5757901119149793	-0.0871308919783835
0.5757901119149793	-0.0871308919783835
0.5758008266813239	-0.0871138046889272
0.5758115414476687	-0.0870967173994709
0.5758222562140133	-0.0870796301100146
0.5758329709803580	-0.0870625428205583
0.5758436857467026	-0.0870454555311020
0.5758544005130473	-0.0870283682416458
0.5758651152793919	-0.0870112809521895
0.5758758300457366	-0.0869941936627332
0.5758865448120812	-0.0869771063732769
0.5758865448120812	-0.0869771063732769
0.5758972595784260	-0.0869600190838206
0.5759079743447706	-0.0869429317943643
0.5759186891111152	-0.0869258445049081
0.5759294038774598	-0.0869087572154518
0.5759401186438046	-0.0868916699259955
0.5759508334101492	-0.0868745826365392
0.5759615481764939	-0.0868574953470829
0.5759722629428385	-0.0868404080576266
0.5759829777091832	-0.0868233207681703
0.5759829777091832	-0.0868233207681703
0.5759936924755278	-0.0868062334787141
0.5760044072418725	-0.0867891461892578
0.5760151220082171	-0.0867720588998015
0.5760258367745619	-0.0867549716103452
0.5760365515409065	-0.0867378843208889
0.5760472663072511	-0.0867207970314326
0.5760579810735957	-0.0867037097419764
0.5760686958399405	-0.0866866224525201
0.5760794106062851	-0.0866695351630638
0.5760794106062851	-0.0866695351630638
0.5760901253726297	-0.0866524478736075
0.5761008401389744	-0.0866353605841512
0.5761115549053191	-0.0866182732946949
0.5761222696716637	-0.0866011860052386
0.5761329844380083	-0.0865840987157823
0.5761436992043530	-0.0865670114263261
0.5761544139706977	-0.0865499241368698
0.5761651287370424	-0.0865328368474135
0.5761758435033870	-0.0865157495579572
0.5761758435033870	-0.0865157495579572
0.5761865582697316	-0.0864986622685009
0.5761972730360763	-0.0864815749790446
0.5762079878024210	-0.0864644876895884
0.5762187025687656	-0.0864474004001321
0.5762294173351103	-0.0864303131106758
0.5762401321014550	-0.0864132258212195
0.5762508468677996	-0.0863961385317632
0.5762615616341442	-0.0863790512423069
0.5762722764004889	-0.0863619639528506
0.5762722764004889	-0.0863619639528506
0.5762829911668336	-0.0863448766633944
0.5762937059331783	-0.0863277893739381
0.5763044206995229	-0.0863107020844818
0.5763151354658675	-0.0862936147950255
0.5763258502322122	-0.0862765275055692
0.5763365649985569	-0.0862594402161129
0.5763472797649016	-0.0862423529266566
0.5763579945312463	-0.0862252656372004
0.5763687092975909	-0.0862081783477441
0.5763687092975909	-0.0862081783477441
0.5763794240639355	-0.0861910910582878
0.5763901388302802	-0.0861740037688315
0.5764008535966249	-0.0861569164793752
0.5764115683629696	-0.0861398291899189
0.5764222831293142	-0.0861227419004627
0.5764329978956588	-0.0861056546110064
0.5764437126620034	-0.0860885673215501
0.5764544274283482	-0.0860714800320938
0.5764651421946928	-0.0860543927426375
0.5764651421946928	-0.0860543927426375
0.5764758569610375	-0.0860373054531812
0.5764865717273822	-0.0860202181637249
0.5764972864937268	-0.0860031308742687
0.5765080012600714	-0.0859860435848124
0.5765187160264161	-0.0859689562953561
0.5765294307927608	-0.0859518690058998
0.5765401455591055	-0.0859347817164435
0.5765508603254501	-0.0859176944269872
0.5765615750917947	-0.0859006071375309
0.5765615750917947	-0.0859006071375309
0.5765722898581395	-0.0858835198480747
0.5765830046244842	-0.0858664325586184
0.5765937193908286	-0.0858493452691621
0.5766044341571733	-0.0858322579797058
0.5766151489235181	-0.0858151706902495
0.5766258636898627	-0.0857980834007932
0.5766365784562073	-0.0857809961113370
0.5766472932225519	-0.0857639088218807
0.5766580079888967	-0.0857468215324244
