0.3736716844180411	-0.0889623156889350
0.3737975223654110	-0.0889603145979094
0.3739235040820081	-0.0889583030465635
0.3740496298572610	-0.0889562810082885
0.3741758999814550	-0.0889542484563841
0.3743023147457054	-0.0889522053640447
0.3744288744420045	-0.0889501517043667
0.3745555793632011	-0.0889480874503459
0.3746824298029984	-0.0889460125748749
0.3748094260559744	-0.0889439270507470
0.3749365684175719	-0.0889418308506541
0.3750638571841066	-0.0889397239471815
0.3751912926527756	-0.0889376063128153
0.3753188751216545	-0.0889354779199372
0.3754466048896963	-0.0889333387408239
0.3755744822567484	-0.0889311887476489
0.3757025075235448	-0.0889290279124789
0.3758306809917145	-0.0889268562072764
0.3759590029637843	-0.0889246736038995
0.3760874737431805	-0.0889224800740978
0.3762160936342365	-0.0889202755895127
0.3763448629421910	-0.0889180601216818
0.3764737819731954	-0.0889158336420343
0.3766028510343140	-0.0889135961218862
0.3767320704335358	-0.0889113475324490
0.3768614404797677	-0.0889090878448263
0.3769909614828474	-0.0889068170300063
0.3771206337535329	-0.0889045350588717
0.3772504576035299	-0.0889022419021900
0.3773804333454659	-0.0888999375306229
0.3775105612929231	-0.0888976219147141
0.3776408417604189	-0.0888952950248965
0.3777712750634247	-0.0888929568314947
0.3779018615183616	-0.0888906073047111
0.3780326014426089	-0.0888882464146419
0.3781634951545039	-0.0888858741312624
0.3782945429733489	-0.0888834904244380
0.3784257452194127	-0.0888810952639166
0.3785571022139371	-0.0888786886193274
0.3786886142791406	-0.0888762704601845
0.3788202817382146	-0.0888738407558860
0.3789521049153454	-0.0888713994757085
0.3790840841356911	-0.0888689465888141
0.3792162197254187	-0.0888664820642449
0.3793485120116755	-0.0888640058709197
0.3794809613226190	-0.0888615179776407
0.3796135679873988	-0.0888590183530901
0.3797463323361823	-0.0888565069658251
0.3798792547001450	-0.0888539837842843
0.3800123354114779	-0.0888514487767816
0.3801455748033913	-0.0888489019115101
0.3802789732101162	-0.0888463431565352
0.3804125309669163	-0.0888437724798016
0.3805462484100902	-0.0888411898491299
0.3806801258769628	-0.0888385952322104
0.3808141637059078	-0.0888359885966125
0.3809483622363450	-0.0888333699097768
0.3810827218087375	-0.0888307391390144
0.3812172427646043	-0.0888280962515133
0.3813519254465205	-0.0888254412143283
0.3814867701981296	-0.0888227739943887
0.3816217773641372	-0.0888200945584909
0.3817569472903154	-0.0888174028733025
0.3818922803235219	-0.0888146989053620
0.3820277768116833	-0.0888119826210722
0.3821634371038179	-0.0888092539867059
0.3822992615500322	-0.0888065129684043
0.3824352505015182	-0.0888037595321718
0.3825714043105772	-0.0888009936438829
0.3827077233306024	-0.0887982152692708
0.3828442079161021	-0.0887954243739385
0.3829808584226898	-0.0887926209233516
0.3831176752070955	-0.0887898048828391
0.3832546586271748	-0.0887869762175904
0.3833918090419043	-0.0887841348926602
0.3835291268113865	-0.0887812808729610
0.3836666122968742	-0.0887784141232661
0.3838042658607404	-0.0887755346082117
0.3839420878665133	-0.0887726422922901
0.3840800786788685	-0.0887697371398514
0.3842182386636352	-0.0887668191151066
0.3843565681877978	-0.0887638881821214
0.3844950676195065	-0.0887609443048184
0.3846337373280843	-0.0887579874469761
0.3847725776840208	-0.0887550175722265
0.3849115890589869	-0.0887520346440576
0.3850507718258364	-0.0887490386258092
0.3851901263586082	-0.0887460294806744
0.3853296530325409	-0.0887430071717007
0.3854693522240656	-0.0887399716617818
0.3856092243108165	-0.0887369229136649
0.3857492696716430	-0.0887338608899501
0.3858894886865988	-0.0887307855530789
0.3860298817369614	-0.0887276968653487
0.3861704492052327	-0.0887245947889004
0.3863111914751403	-0.0887214792857202
0.3864521089316494	-0.0887183503176459
0.3865932019609603	-0.0887152078463530
0.3867344709505239	-0.0887120518333708
0.3868759162890364	-0.0887088822400628
0.3870175383664511	-0.0887056990276416
0.3871593375739806	-0.0887025021571589
0.3873013143041064	-0.0886992915895091
0.3874434689505811	-0.0886960672854277
0.3875858019084324	-0.0886928292054889
0.3877283135739708	-0.0886895773101038
0.3878710043447978	-0.0886863115595259
0.3880138746198032	-0.0886830319138441
0.3881569247991806	-0.0886797383329817
0.3883001552844281	-0.0886764307767009
0.3884435664783516	-0.0886731092045970
0.3885871587850743	-0.0886697735760978
0.3887309326100396	-0.0886664238504679
0.3888748883600222	-0.0886630599868017
0.3890190264431274	-0.0886596819440258
0.3891633472687991	-0.0886562896808959
0.3893078512478275	-0.0886528831560003
0.3894525387923518	-0.0886494623277536
0.3895974103158669	-0.0886460271543995
0.3897424662332364	-0.0886425775940077
0.3898877069606848	-0.0886391136044765
0.3900331329158164	-0.0886356351435273
0.3901787445176101	-0.0886321421687065
0.3903245421864360	-0.0886286346373842
0.3904705263440559	-0.0886251125067532
0.3906166974136300	-0.0886215757338281
0.3907630558197214	-0.0886180242754444
0.3909096019883060	-0.0886144580882568
0.3910563363467763	-0.0886108771287389
0.3912032593239497	-0.0886072813531848
0.3913503713500705	-0.0886036707177015
0.3914976728568211	-0.0886000451782146
0.3916451642773229	-0.0885964046904661
0.3917928460461507	-0.0885927492100100
0.3919407185993318	-0.0885890786922138
0.3920887823743564	-0.0885853930922586
0.3922370378101821	-0.0885816923651363
0.3923854853472361	-0.0885779764656478
0.3925341254274373	-0.0885742453484059
0.3926829584941812	-0.0885704989678300
0.3928319849923658	-0.0885667372781471
0.3929812053683859	-0.0885629602333900
0.3931306200701459	-0.0885591677873993
0.3932802295470650	-0.0885553598938169
0.3934300342500785	-0.0885515365060896
0.3935800346316580	-0.0885476975774669
0.3937302311458026	-0.0885438430609983
0.3938806242480593	-0.0885399729095350
0.3940312143955197	-0.0885360870757256
0.3941820020468313	-0.0885321855120183
0.3943329876622054	-0.0885282681706579
0.3944841717034258	-0.0885243350036843
0.3946355546338469	-0.0885203859629339
0.3947871369184131	-0.0885164210000365
0.3949389190236550	-0.0885124400664112
0.3950909014177058	-0.0885084431132759
0.3952430845703011	-0.0885044300916327
0.3953954689527921	-0.0885004009522750
0.3955480550381471	-0.0884963556457857
0.3957008433009655	-0.0884922941225334
0.3958538342174807	-0.0884882163326739
0.3960070282655638	-0.0884841222261461
0.3961604259247453	-0.0884800117526763
0.3963140276762037	-0.0884758848617679
0.3964678340027888	-0.0884717415027113
0.3966218453890202	-0.0884675816245730
0.3967760623210995	-0.0884634051762019
0.3969304852869150	-0.0884592121062232
0.3970851147760515	-0.0884550023630365
0.3972399512798004	-0.0884507758948209
0.3973949952911586	-0.0884465326495289
0.3975502473048481	-0.0884422725748850
0.3977057078173123	-0.0884379956183854
0.3978613773267383	-0.0884337017272979
0.3980172563330486	-0.0884293908486595
0.3981733453379204	-0.0884250629292745
0.3983296448447930	-0.0884207179157168
0.3984861553588687	-0.0884163557543222
0.3986428773871293	-0.0884119763911936
0.3987998114383383	-0.0884075797721952
0.3989569580230557	-0.0884031658429556
0.3991143176536372	-0.0883987345488606
0.3992718908442519	-0.0883942858350581
0.3994296781108846	-0.0883898196464523
0.3995876799713488	-0.0883853359277048
0.3997458969452884	-0.0883808346232313
0.3999043295541966	-0.0883763156772022
0.4000629783214141	-0.0883717790335419
0.4002218437721444	-0.0883672246359233
0.4003809264334604	-0.0883626524277712
0.4005402268343133	-0.0883580623522576
0.4006997455055422	-0.0883534543523027
0.4008594829798811	-0.0883488283705718
0.4010194397919712	-0.0883441843494742
0.4011796164783655	-0.0883395222311632
0.4013400135775425	-0.0883348419575328
0.4015006316299112	-0.0883301434702168
0.4016614711778235	-0.0883254267105882
0.4018225327655812	-0.0883206916197566
0.4019838169394480	-0.0883159381385683
0.4021453242476558	-0.0883111662076025
0.4023070552404143	-0.0883063757671733
0.4024690104699234	-0.0883015667573230
0.4026311904903803	-0.0882967391178264
0.4027935958579901	-0.0882918927881854
0.4029562271309725	-0.0882870277076289
0.4031190848695769	-0.0882821438151108
0.4032821696360897	-0.0882772410493091
0.4034454819948399	-0.0882723193486232
0.4036090225122147	-0.0882673786511745
0.4037727917566688	-0.0882624188948028
0.4039367902987310	-0.0882574400170635
0.4041010187110171	-0.0882524419552314
0.4042654775682382	-0.0882474246462925
0.4044301674472135	-0.0882423880269473
0.4045950889268769	-0.0882373320336065
0.4047602425882906	-0.0882322566023904
0.4049256290146530	-0.0882271616691274
0.4050912487913115	-0.0882220471693511
0.4052571025057691	-0.0882169130383005
0.4054231907477009	-0.0882117592109169
0.4055895141089585	-0.0882065856218428
0.4057560731835854	-0.0882013922054207
0.4059228685678238	-0.0881961788956891
0.4060899008601289	-0.0881909456263843
0.4062571706611781	-0.0881856923309356
0.4064246785738804	-0.0881804189424648
0.4065924252033917	-0.0881751253937861
0.4067604111571217	-0.0881698116174006
0.4069286370447464	-0.0881644775454965
0.4070971034782198	-0.0881591231099492
0.4072658110717857	-0.0881537482423170
0.4074347604419863	-0.0881483528738379
0.4076039522076778	-0.0881429369354337
0.4077733869900368	-0.0881375003576995
0.4079430654125776	-0.0881320430709108
0.4081129881011593	-0.0881265650050160
0.4082831556839987	-0.0881210660896347
0.4084535687916829	-0.0881155462540582
0.4086242280571819	-0.0881100054272473
0.4087951341158563	-0.0881044435378271
0.4089662876054759	-0.0880988605140901
0.4091376891662242	-0.0880932562839900
0.4093093394407186	-0.0880876307751422
0.4094812390740170	-0.0880819839148203
0.4096533887136293	-0.0880763156299547
0.4098257890095341	-0.0880706258471320
0.4099984406141907	-0.0880649144925908
0.4101713441825469	-0.0880591814922207
0.4103445003720563	-0.0880534267715595
0.4105179098426896	-0.0880476502557920
0.4106915732569476	-0.0880418518697493
0.4108654912798722	-0.0880360315379020
0.4110396645790618	-0.0880301891843647
0.4112140938246843	-0.0880243247328873
0.4113887796894860	-0.0880184381068578
0.4115637228488116	-0.0880125292292970
0.4117389239806117	-0.0880065980228592
0.4119143837654595	-0.0880006444098272
0.4120901028865619	-0.0879946683121113
0.4122660820297749	-0.0879886696512475
0.4124423218836161	-0.0879826483483955
0.4126188231392793	-0.0879766043243346
0.4127955864906471	-0.0879705374994637
0.4129726126343053	-0.0879644477937976
0.4131499022695573	-0.0879583351269642
0.4133274560984382	-0.0879521994182058
0.4135052748257281	-0.0879460405863715
0.4136833591589660	-0.0879398585499186
0.4138617098084670	-0.0879336532269081
0.4140403274873323	-0.0879274245350053
0.4142192129114660	-0.0879211723914729
0.4143983667995922	-0.0879148967131737
0.4145777898732665	-0.0879085974165632
0.4147574828568882	-0.0879022744176917
0.4149374464777225	-0.0878959276321979
0.4151176814659100	-0.0878895569753097
0.4152981885544826	-0.0878831623618389
0.4154789684793808	-0.0878767437061812
0.4156600219794663	-0.0878703009223118
0.4158413497965390	-0.0878638339237830
0.4160229526753519	-0.0878573426237233
0.4162048313636282	-0.0878508269348332
0.4163869866120735	-0.0878442867693828
0.4165694191743953	-0.0878377220392095
0.4167521298073176	-0.0878311326557156
0.4169351192705953	-0.0878245185298650
0.4171183883270326	-0.0878178795721810
0.4173019377424984	-0.0878112156927430
0.4174857682859417	-0.0878045268011854
0.4176698807294104	-0.0877978128066914
0.4178542758480646	-0.0877910736179949
0.4180389544201952	-0.0877843091433741
0.4182239172272424	-0.0877775192906505
0.4184091650538088	-0.0877707039671843
0.4185946986876768	-0.0877638630798734
0.4187805189198301	-0.0877569965351506
0.4189666265444673	-0.0877501042389789
0.4191530223590177	-0.0877431860968501
0.4193397071641627	-0.0877362420137811
0.4195266817638512	-0.0877292718943118
0.4197139469653176	-0.0877222756425013
0.4199015035791003	-0.0877152531619253
0.4200893524190571	-0.0877082043556724
0.4202774943023874	-0.0877011291263422
0.4204659300496463	-0.0876940273760415
0.4206546604847653	-0.0876868990063819
0.4208436864350712	-0.0876797439184752
0.4210330087313015	-0.0876725620129311
0.4212226282076266	-0.0876653531898555
0.4214125457016667	-0.0876581173488449
0.4216027620545116	-0.0876508543889845
0.4217932781107382	-0.0876435642088447
0.4219840947184318	-0.0876362467064773
0.4221752127292042	-0.0876289017794145
0.4223666329982134	-0.0876215293246618
0.4225583563841826	-0.0876141292386985
0.4227503837494212	-0.0876067014174713
0.4229427159598433	-0.0875992457563921
0.4231353538849894	-0.0875917621503363
0.4233282983980442	-0.0875842504936366
0.4235215503758593	-0.0875767106800808
0.4237151106989712	-0.0875691426029076
0.4239089802516243	-0.0875615461548050
0.4241031599217897	-0.0875539212279044
0.4242976506011872	-0.0875462677137792
0.4244924531853061	-0.0875385855034389
0.4246875685734248	-0.0875308744873268
0.4248829976686354	-0.0875231345553172
0.4250787413778612	-0.0875153655967100
0.4252748006118810	-0.0875075675002274
0.4254711762853511	-0.0874997401540119
0.4256678693168245	-0.0874918834456192
0.4258648806287754	-0.0874839972620175
0.4260622111476207	-0.0874760814895830
0.4262598618037423	-0.0874681360140940
0.4264578335315086	-0.0874601607207292
0.4266561272692990	-0.0874521554940646
0.4268547439595273	-0.0874441202180658
0.4270536845486603	-0.0874360547760882
0.4272529499872466	-0.0874279590508695
0.4274525412299353	-0.0874198329245285
0.4276524592355034	-0.0874116762785594
0.4278527049668763	-0.0874034889938285
0.4280532793911537	-0.0873952709505683
0.4282541834796317	-0.0873870220283765
0.4284554182078298	-0.0873787421062091
0.4286569845555123	-0.0873704310623769
0.4288588835067145	-0.0873620887745420
0.4290611160497672	-0.0873537151197126
0.4292636831773217	-0.0873453099742387
0.4294665858863729	-0.0873368732138080
0.4296698251782885	-0.0873284047134422
0.4298734020588311	-0.0873199043474915
0.4300773175381847	-0.0873113719896298
0.4302815726309811	-0.0873028075128515
0.4304861683563251	-0.0872942107894667
0.4306911057378222	-0.0872855816910954
0.4308963858036025	-0.0872769200886639
0.4311020095863488	-0.0872682258524006
0.4313079781233244	-0.0872594988518302
0.4315142924563976	-0.0872507389557688
0.4317209536320713	-0.0872419460323210
0.4319279627015075	-0.0872331199488731
0.4321353207205587	-0.0872242605720887
0.4323430287497919	-0.0872153677679051
0.4325510878545185	-0.0872064414015263
0.4327594991048229	-0.0871974813374201
0.4329682635755897	-0.0871884874393115
0.4331773823465337	-0.0871794595701781
0.4333868565022251	-0.0871703975922458
0.4335966871321252	-0.0871613013669822
0.4338068753306086	-0.0871521707550931
0.4340174221969976	-0.0871430056165164
0.4342283288355883	-0.0871338058104161
0.4344395963556841	-0.0871245711951786
0.4346512258716230	-0.0871153016284057
0.4348632185028092	-0.0871059969669113
0.4350755753737439	-0.0870966570667134
0.4352882976140551	-0.0870872817830304
0.4355013863585298	-0.0870778709702761
0.4357148427471443	-0.0870684244820512
0.4359286679250965	-0.0870589421711410
0.4361428630428370	-0.0870494238895086
0.4363574292561024	-0.0870398694882880
0.4365723677259464	-0.0870302788177797
0.4367876796187719	-0.0870206517274447
0.4370033661063646	-0.0870109880658980
0.4372194283659264	-0.0870012876809033
0.4374358675801082	-0.0869915504193675
0.4376526849370424	-0.0869817761273329
0.4378698816303784	-0.0869719646499734
0.4380874588593157	-0.0869621158315866
0.4383054178286382	-0.0869522295155889
0.4385237597487492	-0.0869423055445084
0.4387424858357056	-0.0869323437599792
0.4389615973112531	-0.0869223440027344
0.4391810954028631	-0.0869123061126014
0.4394009813437653	-0.0869022299284928
0.4396212563729872	-0.0868921152884029
0.4398419217353872	-0.0868819620293984
0.4400629786816931	-0.0868717699876137
0.4402844284685378	-0.0868615389982443
0.4405062723584975	-0.0868512688955378
0.4407285116201278	-0.0868409595127910
0.4409511475280014	-0.0868306106823390
0.4411741813627477	-0.0868202222355511
0.4413976144110894	-0.0868097940028230
0.4416214479658818	-0.0867993258135702
0.4418456833261507	-0.0867888174962198
0.4420703217971327	-0.0867782688782039
0.4422953646903152	-0.0867676797859541
0.4425208133234743	-0.0867570500448912
0.4427466690207158	-0.0867463794794212
0.4429729331125168	-0.0867356679129249
0.4431996069357643	-0.0867249151677523
0.4434266918337983	-0.0867141210652153
0.4436541891564514	-0.0867032854255784
0.4438821002600927	-0.0866924080680532
0.4441104265076672	-0.0866814888107890
0.4443391692687411	-0.0866705274708664
0.4445683299195425	-0.0866595238642881
0.4447979098430050	-0.0866484778059722
0.4450279104288123	-0.0866373891097441
0.4452583330734398	-0.0866262575883271
0.4454891791802014	-0.0866150830533369
0.4457204501592912	-0.0866038653152703
0.4459521474278314	-0.0865926041834992
0.4461842724099154	-0.0865812994662621
0.4464168265366540	-0.0865699509706545
0.4466498112462223	-0.0865585585026213
0.4468832279839040	-0.0865471218669482
0.4471170782021409	-0.0865356408672529
0.4473513633605780	-0.0865241153059769
0.4475860849261122	-0.0865125449843761
0.4478212443729386	-0.0865009297025113
0.4480568431826019	-0.0864892692592417
0.4482928828440419	-0.0864775634522129
0.4485293648536445	-0.0864658120778504
0.4487662907152908	-0.0864540149313483
0.4490036619404073	-0.0864421718066613
0.4492414800480154	-0.0864302824964954
0.4494797465647837	-0.0864183467922979
0.4497184630250783	-0.0864063644842478
0.4499576309710141	-0.0863943353612469
0.4501972519525080	-0.0863822592109098
0.4504373275273310	-0.0863701358195536
0.4506778592611601	-0.0863579649721891
0.4509188487276342	-0.0863457464525094
0.4511602975084052	-0.0863334800428817
0.4514022071931946	-0.0863211655243353
0.4516445793798470	-0.0863088026765532
0.4518874156743861	-0.0862963912778596
0.4521307176910699	-0.0862839311052114
0.4523744870524469	-0.0862714219341869
0.4526187253894138	-0.0862588635389753
0.4528634343412720	-0.0862462556923658
0.4531086155557846	-0.0862335981657372
0.4533542706892359	-0.0862208907290462
0.4536004014064893	-0.0862081331508176
0.4538470093810474	-0.0861953251981324
0.4540940962951098	-0.0861824666366156
0.4543416638396352	-0.0861695572304276
0.4545897137144022	-0.0861565967422501
0.4548382476280693	-0.0861435849332760
0.4550872672982372	-0.0861305215631971
0.4553367744515117	-0.0861174063901929
0.4555867708235662	-0.0861042391709180
0.4558372581592050	-0.0860910196604912
0.4560882382124283	-0.0860777476124821
0.4563397127464946	-0.0860644227789001
0.4565916835339887	-0.0860510449101813
0.4568441523568855	-0.0860376137551766
0.4570971210066167	-0.0860241290611381
0.4573505912841379	-0.0860105905737081
0.4576045649999966	-0.0859969980369051
0.4578590439743987	-0.0859833511931108
0.4581140300372796	-0.0859696497830578
0.4583695250283708	-0.0859558935458159
0.4586255307972725	-0.0859420822187796
0.4588820492035219	-0.0859282155376531
0.4591390821166660	-0.0859142932364380
0.4593966314163328	-0.0859003150474196
0.4596546989923035	-0.0858862807011528
0.4599132867445867	-0.0858721899264478
0.4601723965834909	-0.0858580424503567
0.4604320304296996	-0.0858438379981588
0.4606921902143466	-0.0858295762933464
0.4609528778790923	-0.0858152570576108
0.4612140953761990	-0.0858008800108261
0.4614758446686086	-0.0857864448710365
0.4617381277300212	-0.0857719513544398
0.4620009465449734	-0.0857573991753730
0.4622643031089171	-0.0857427880462973
0.4625281994283004	-0.0857281176777817
0.4627926375206480	-0.0857133877784889
0.4630576194146434	-0.0856985980551581
0.4633231471502101	-0.0856837482125909
0.4635892227785958	-0.0856688379536333
0.4638558483624563	-0.0856538669791615
0.4641230259759385	-0.0856388349880640
0.4643907577047688	-0.0856237416772264
0.4646590456463369	-0.0856085867415141
0.4649278919097837	-0.0855933698737549
0.4651972986160893	-0.0855780907647235
0.4654672678981618	-0.0855627491031234
0.4657378019009267	-0.0855473445755698
0.4660089027814167	-0.0855318768665713
0.4662805727088645	-0.0855163456585142
0.4665528138647931	-0.0855007506316425
0.4668256284431101	-0.0854850914640416
0.4670990186502014	-0.0854693678316183
0.4673729867050254	-0.0854535794080844
0.4676475348392090	-0.0854377258649368
0.4679226652971445	-0.0854218068714388
0.4681983803360864	-0.0854058220946015
0.4684746822262510	-0.0853897711991650
0.4687515732509145	-0.0853736538475781
0.4690290557065148	-0.0853574696999792
0.4693071319027515	-0.0853412184141772
0.4695858041626889	-0.0853248996456302
0.4698650748228594	-0.0853085130474265
0.4701449462333679	-0.0852920582702635
0.4704254207579962	-0.0852755349624276
0.4707065007743107	-0.0852589427697731
0.4709881886737694	-0.0852422813357015
0.4712704868618298	-0.0852255503011397
0.4715533977580588	-0.0852087493045193
0.4718369237962440	-0.0851918779817541
0.4721210674245036	-0.0851749359662188
0.4724058311054020	-0.0851579228887269
0.4726912173160611	-0.0851408383775076
0.4729772285482764	-0.0851236820581842
0.4732638673086340	-0.0851064535537505
0.4735511361186260	-0.0850891524845478
0.4738390375147716	-0.0850717784682420
0.4741275740487347	-0.0850543311197994
0.4744167482874457	-0.0850368100514638
0.4747065628132241	-0.0850192148727311
0.4749970202239008	-0.0850015451903263
0.4752881231329437	-0.0849838006081777
0.4755798741695828	-0.0849659807273931
0.4758722759789383	-0.0849480851462339
0.4761653312221483	-0.0849301134600901
0.4764590425764990	-0.0849120652614542
0.4767534127355555	-0.0848939401398958
0.4770484444092944	-0.0848757376820350
0.4773441403242374	-0.0848574574715160
0.4776405032235872	-0.0848390990889801
0.4779375358673630	-0.0848206621120388
0.4782352410325394	-0.0848021461152464
0.4785336215131850	-0.0847835506700721
0.4788326801206040	-0.0847648753448723
0.4791324196834782	-0.0847461197048620
0.4794328430480106	-0.0847272833120864
0.4797339530780710	-0.0847083657253916
0.4800357526553424	-0.0846893665003958
0.4803382446794701	-0.0846702851894595
0.4806414320682109	-0.0846511213416557
0.4809453177575849	-0.0846318745027393
0.4812499047020286	-0.0846125442151168
0.4815551958745492	-0.0845931300178157
0.4818611942668818	-0.0845736314464524
0.4821679028896466	-0.0845540480332016
0.4824753247725092	-0.0845343793067635
0.4827834629643410	-0.0845146247923315
0.4830923205333839	-0.0844947840115605
0.4834019005674133	-0.0844748564825324
0.4837122061739068	-0.0844548417197236
0.4840232404802103	-0.0844347392339712
0.4843350066337108	-0.0844145485324381
0.4846475078020059	-0.0843942691185793
0.4849607471730802	-0.0843739004921062
0.4852747279554788	-0.0843534421489515
0.4855894533784876	-0.0843328935812335
0.4859049266923099	-0.0843122542772197
0.4862211511682514	-0.0842915237212902
0.4865381300989014	-0.0842707013939008
0.4868558667983195	-0.0842497867715456
0.4871743646022231	-0.0842287793267188
0.4874936268681771	-0.0842076785278763
0.4878136569757862	-0.0841864838393976
0.4881344583268883	-0.0841651947215454
0.4884560343457511	-0.0841438106304273
0.4887783884792710	-0.0841223310179544
0.4891015241971716	-0.0841007553318016
0.4894254449922094	-0.0840790830153655
0.4897501543803766	-0.0840573135077239
0.4900756559011095	-0.0840354462435928
0.4904019531174984	-0.0840134806532844
0.4907290496164990	-0.0839914161626638
0.4910569490091477	-0.0839692521931052
0.4913856549307777	-0.0839469881614483
0.4917151710412393	-0.0839246234799530
0.4920455010251212	-0.0839021575562548
0.4923766485919754	-0.0838795897933185
0.4927086174765435	-0.0838569195893928
0.4930414114389877	-0.0838341463379625
0.4933750342651211	-0.0838112694277014
0.4937094897666447	-0.0837882882424249
0.4940447817813842	-0.0837652021610408
0.4943809141735299	-0.0837420105575005
0.4947178908338808	-0.0837187128007487
0.4950557156800905	-0.0836953082546741
0.4953943926569158	-0.0836717962780575
0.4957339257364689	-0.0836481762245206
0.4960743189184723	-0.0836244474424737
0.4964155762305164	-0.0836006092750629
0.4967577017283205	-0.0835766610601169
0.4971006994959968	-0.0835526021300921
0.4974445736463176	-0.0835284318120183
0.4977893283209851	-0.0835041494274430
0.4981349676909053	-0.0834797542923751
0.4984814959564652	-0.0834552457172284
0.4988289173478121	-0.0834306230067635
0.4991772361251373	-0.0834058854600295
0.4995264565789631	-0.0833810323703053
0.4998765830304333	-0.0833560630250392
0.5002276198316069	-0.0833309767057888
0.5005795713657551	-0.0833057726881595
0.5009324420476633	-0.0832804502417422
0.5012862363239344	-0.0832550086300505
0.5016409586732992	-0.0832294471104572
0.5019966136069265	-0.0832037649341291
0.5023532056687410	-0.0831779613459626
0.5027107394357418	-0.0831520355845168
0.5030692195183278	-0.0831259868819464
0.5034286505606238	-0.0830998144639342
0.5037890372408144	-0.0830735175496222
0.5041503842714787	-0.0830470953515416
0.5045126963999318	-0.0830205470755426
0.5048759784085686	-0.0829938719207227
0.5052402351152125	-0.0829670690793539
0.5056054713734703	-0.0829401377368103
0.5059716920730881	-0.0829130770714925
0.5063389021403146	-0.0828858862547532
0.5067071065382682	-0.0828585644508203
0.5070763102673084	-0.0828311108167200
0.5074465183654110	-0.0828035245021981
0.5078177359085515	-0.0827758046496407
0.5081899680110895	-0.0827479503939936
0.5085632198261605	-0.0827199608626813
0.5089374965460707	-0.0826918351755237
0.5093128034027001	-0.0826635724446522
0.5096891456679077	-0.0826351717744262
0.5100665286539432	-0.0826066322613453
0.5104449577138642	-0.0825779529939634
0.5108244382419592	-0.0825491330527996
0.5112049756741748	-0.0825201715102494
0.5115865754885500	-0.0824910674304929
0.5119692432056554	-0.0824618198694037
0.5123529843890388	-0.0824324278744551
0.5127378046456751	-0.0824028904846257
0.5131237096264252	-0.0823732067303035
0.5135107050264979	-0.0823433756331889
0.5138987965859196	-0.0823133962061957
0.5142879900900107	-0.0822832674533517
0.5146782913698669	-0.0822529883696972
0.5150697063028480	-0.0822225579411820
0.5154622408130736	-0.0821919751445618
0.5158559008719247	-0.0821612389472920
0.5162506924985525	-0.0821303483074215
0.5166466217603940	-0.0820993021734829
0.5170436947736956	-0.0820680994843832
0.5174419177040419	-0.0820367391692920
0.5178412967668944	-0.0820052201475278
0.5182418382281345	-0.0819735413284436
0.5186435484046176	-0.0819417016113100
0.5190464336647311	-0.0819096998851969
0.5194505004289642	-0.0818775350288542
0.5198557551704819	-0.0818452059105892
0.5202622044157095	-0.0818127113881439
0.5206698547449246	-0.0817800503085697
0.5210787127928570	-0.0817472215081000
0.5214887852492975	-0.0817142238120217
0.5219000788597162	-0.0816810560345442
0.5223126004258875	-0.0816477169786669
0.5227263568065259	-0.0816142054360446
0.5231413549179303	-0.0815805201868504
0.5235576017346373	-0.0815466599996379
0.5239751042900839	-0.0815126236311995
0.5243938696772806	-0.0814784098264247
0.5248139050494932	-0.0814440173181541
0.5252352176209351	-0.0814094448270330
0.5256578146674690	-0.0813746910613619
0.5260817035273209	-0.0813397547169451
0.5265068916018012	-0.0813046344769365
0.5269333863560401	-0.0812693290116838
0.5273611953197307	-0.0812338369785697
0.5277903260878851	-0.0811981570218512
0.5282207863216013	-0.0811622877724960
0.5286525837488408	-0.0811262278480166
0.5290857261652191	-0.0810899758523017
0.5295202214348069	-0.0810535303754458
0.5299560774909435	-0.0810168899935744
0.5303933023370639	-0.0809800532686685
0.5308319040475361	-0.0809430187483852
0.5312718907685132	-0.0809057849658753
0.5317132707187971	-0.0808683504395994
0.5321560521907168	-0.0808307136731393
0.5326002435510181	-0.0807928731550076
0.5330458532417691	-0.0807548273584548
0.5334928897812792	-0.0807165747412713
0.5339413617650312	-0.0806781137455885
0.5343912778666284	-0.0806394427976752
0.5348426468387586	-0.0806005603077317
0.5352954775141688	-0.0805614646696797
0.5357497788066603	-0.0805221542609499
0.5362055597120947	-0.0804826274422651
0.5366628293094200	-0.0804428825574205
0.5371215967617097	-0.0804029179330599
0.5375818713172207	-0.0803627318784491
0.5380436623104663	-0.0803223226852442
0.5385069791633087	-0.0802816886272577
0.5389718313860661	-0.0802408279602197
0.5394382285786404	-0.0801997389215350
0.5399061804316617	-0.0801584197300376
0.5403756967276516	-0.0801168685857388
0.5408467873422060	-0.0800750836695731
0.5413194622451963	-0.0800330631431399
0.5417937315019918	-0.0799908051484384
0.5422696052747003	-0.0799483078076011
0.5427470938234309	-0.0799055692226211
0.5432262075075778	-0.0798625874750747
0.5437069567871234	-0.0798193606258401
0.5441893522239660	-0.0797758867148106
0.5446734044832677	-0.0797321637606036
0.5451591243348261	-0.0796881897602633
0.5456465226544681	-0.0796439626889601
0.5461356104254693	-0.0795994804996829
0.5466263987399957	-0.0795547411229276
0.5471188988005699	-0.0795097424663791
0.5476131219215652	-0.0794644824145883
0.5481090795307211	-0.0794189588286433
0.5486067831706892	-0.0793731695458346
0.5491062445006034	-0.0793271123793147
0.5496074752976776	-0.0792807851177512
0.5501104874588326	-0.0792341855249745
0.5506152930023506	-0.0791873113396183
0.5511219040695584	-0.0791401602747536
0.5516303329265414	-0.0790927300175180
0.5521405919658877	-0.0790450182287352
0.5526526937084626	-0.0789970225425301
0.5531666508052158	-0.0789487405659359
0.5536824760390198	-0.0789001698784940
0.5542001823265432	-0.0788513080318465
0.5547197827201559	-0.0788021525493221
0.5552412904098702	-0.0787527009255125
0.5557647187253174	-0.0787029506258429
0.5562900811377587	-0.0786528990861334
0.5568173912621358	-0.0786025437121522
0.5573466628591575	-0.0785518818791610
0.5578779098374245	-0.0785009109314509
0.5584111462555960	-0.0784496281818709
0.5589463863245941	-0.0783980309113458
0.5594836444098515	-0.0783461163683863
0.5600229350336000	-0.0782938817685886
0.5605642728772032	-0.0782413242941254
0.5611076727835334	-0.0781884410932264
0.5616531497593931	-0.0781352292796489
0.5622007189779833	-0.0780816859321381
0.5627503957814196	-0.0780278080938770
0.5633021956832960	-0.0779735927719251
0.5638561343712979	-0.0779190369366468
0.5644122277098683	-0.0778641375211275
0.5649704917429232	-0.0778088914205793
0.5655309426966215	-0.0777532954917333
0.5660935969821903	-0.0776973465522213
0.5666584711988043	-0.0776410413799445
0.5672255821365233	-0.0775843767124288
0.5677949467792889	-0.0775273492461677
0.5683665823079800	-0.0774699556359524
0.5689405061035301	-0.0774121924941864
0.5695167357501082	-0.0773540563901881
0.5700952890383639	-0.0772955438494775
0.5706761839687382	-0.0772366513530493
0.5712594387548423	-0.0771773753366293
0.5718450718269065	-0.0771177121899175
0.5724331018352993	-0.0770576582558130
0.5730235476541202	-0.0769972098296245
0.5736164283848673	-0.0769363631582625
0.5742117633601810	-0.0768751144394157
0.5748095721476674	-0.0768134598207089
0.5754098745538018	-0.0767513953988433
0.5760126906279149	-0.0766889172187183
0.5766180406662645	-0.0766260212725334
0.5772259452161942	-0.0765627034988724
0.5778364250803809	-0.0764989597817656
0.5784495013211750	-0.0764347859497331
0.5790651952650346	-0.0763701777748056
0.5796835285070561	-0.0763051309715251
0.5803045229156036	-0.0762396411959215
0.5809282006370425	-0.0761737040444682
0.5815545841005745	-0.0761073150530127
0.5821836960231824	-0.0760404696956843
0.5828155594146849	-0.0759731633837767
0.5834501975829053	-0.0759053914646040
0.5840876341389541	-0.0758371492203329
0.5847278930026361	-0.0757684318667856
0.5853709984079750	-0.0756992345522168
0.5860169749088704	-0.0756295523560614
0.5866658473848787	-0.0755593802876533
0.5873176410471337	-0.0754887132849141
0.5879723814443990	-0.0754175462130114
0.5886300944692672	-0.0753458738629841
0.5892908063644995	-0.0752736909503366
0.5899545437295186	-0.0752009921135981
0.5906213335270536	-0.0751277719128482
0.5912912030899433	-0.0750540248282061
0.5919641801281035	-0.0749797452582836
0.5926402927356604	-0.0749049275186008
0.5933195693982583	-0.0748295658399615
0.5940020390005440	-0.0747536543667905
0.5946877308338342	-0.0746771871554279
0.5953766746039715	-0.0746001581723819
0.5960689004393752	-0.0745225612925382
0.5967644388992913	-0.0744443902973231
0.5974633209822487	-0.0743656388728211
0.5981655781347279	-0.0742863006078441
0.5988712422600490	-0.0742063689919521
0.5995803457274841	-0.0741258374134213
0.6002929213816039	-0.0740446991571615
0.6010090025518634	-0.0739629474025781
0.6017286230624339	-0.0738805752213788
0.6024518172422932	-0.0737975755753223
0.6031786199355759	-0.0737139413139079
0.6039090665121969	-0.0736296651720032
0.6046431928787561	-0.0735447397674087
0.6053810354897310	-0.0734591575983566
0.6061226313589687	-0.0733729110409427
0.6068680180714877	-0.0732859923464871
0.6076172337955966	-0.0731983936388244
0.6083703172953437	-0.0731101069115179
0.6091273079433055	-0.0730211240249971
0.6098882457337277	-0.0729314367036166
0.6106531712960304	-0.0728410365326301
0.6114221259086859	-0.0727499149550826
0.6121951515134897	-0.0726580632686111
0.6129722907302286	-0.0725654726221564
0.6137535868717678	-0.0724721340125798
0.6145390839595671	-0.0723780382811815
0.6153288267396407	-0.0722831761101193
0.6161228606989797	-0.0721875380187215
0.6169212320824510	-0.0720911143596914
0.6177239879101890	-0.0719938953152005
0.6185311759955000	-0.0718958708928644
0.6193428449632968	-0.0717970309215978
0.6201590442690803	-0.0716973650473461
0.6209798242184934	-0.0715968627286857
0.6218052359874621	-0.0714955132322906
0.6226353316429499	-0.0713933056282601
0.6234701641643472	-0.0712902287853007
0.6243097874655169	-0.0711862713657587
0.6251542564175260	-0.0710814218204970
0.6260036268720836	-0.0709756683836097
0.6268579556857165	-0.0708689990669686
0.6277173007447091	-0.0707614016545958
0.6285817209908364	-0.0706528636968542
0.6294512764479229	-0.0705433725044498
0.6303260282492589	-0.0704329151422381
0.6312060386659059	-0.0703214784228260
0.6320913711359324	-0.0702090488999626
0.6329820902946099	-0.0700956128617093
0.6338782620056141	-0.0699811563233789
0.6347799533932680	-0.0698656650202373
0.6356872328758725	-0.0697491243999560
0.6366001702001671	-0.0696315196148041
0.6375188364769702	-0.0695128355135713
0.6384433042180444	-0.0693930566332090
0.6393736473742443	-0.0692721671901774
0.6403099413749951	-0.0691501510714863
0.6412522631691633	-0.0690269918254168
0.6422006912673789	-0.0689026726519096
0.6431553057858703	-0.0687771763926043
0.6441161884918802	-0.0686504855205162
0.6450834228507319	-0.0685225821293326
0.6460570940746189	-0.0683934479223128
0.6470372891731959	-0.0682630642007728
0.6480240970060527	-0.0681314118521363
0.6490176083371558	-0.0679984713375318
0.6500179158913509	-0.0678642226789150
0.6510251144130172	-0.0677286454456938
0.6520393007269804	-0.0675917187408327
0.6530605738017853	-0.0674534211864115
0.6540890348154432	-0.0673137309086128
0.6551247872237728	-0.0671726255221095
0.6561679368314582	-0.0670300821138240
0.6572185918659594	-0.0668860772260273
0.6582768630544130	-0.0667405868387462
0.6593428637036737	-0.0665935863514425
0.6604167097836527	-0.0664450505639286
0.6614985200141212	-0.0662949536564795
0.6625884159551539	-0.0661432691691009
0.6636865221014009	-0.0659899699799081
0.6647929659803888	-0.0658350282825705
0.6659078782550586	-0.0656784155627703
0.6670313928307686	-0.0655201025736255
0.6681636469669985	-0.0653600593100177
0.6693047813940096	-0.0651982549817681
0.6704549404347316	-0.0650346579855964
0.6716142721321627	-0.0648692358757959
0.6727829283825905	-0.0647019553335521
0.6739610650749597	-0.0645327821348281
0.6751488422367369	-0.0643616811167348
0.6763464241866420	-0.0641886161422986
0.6775539796946475	-0.0640135500635313
0.6787716821496677	-0.0638364446827041
0.6799997097353941	-0.0636572607117169
0.6812382456147636	-0.0634759577294489
0.6824874781235816	-0.0632924941369661
0.6837476009738568	-0.0631068271104554
0.6850188134674511	-0.0629189125517423
0.6863013207206841	-0.0627287050362395
0.6875953339005887	-0.0625361577581650
0.6889010704735572	-0.0623412224728503
0.6902187544671821	-0.0621438494359520
0.6915486167461524	-0.0619439873393607
0.6928908953031340	-0.0617415832435875
0.6942458355656388	-0.0615365825063899
0.6956136907199657	-0.0613289287073801
0.6969947220533810	-0.0611185635683387
0.6983891993158100	-0.0609054268689306
0.6997974011024058	-0.0606894563574989
0.7012196152584854	-0.0604705876565844
0.7026561393084454	-0.0602487541627823
0.7041072809104092	-0.0600238869405249
0.7055733583385106	-0.0597959146093313
0.7070547009948891	-0.0595647632240335
0.7085516499536536	-0.0593303561474378
0.7100645585392856	-0.0590926139148344
0.7115937929421655	-0.0588514540897125
0.7131397328741798	-0.0586067911099767
0.7147027722676196	-0.0583585361238958
0.7162833200209172	-0.0581065968149369
0.7178818007950916	-0.0578508772145595
0.7194986558651781	-0.0575912775019453
0.7211343440313270	-0.0573276937895433
0.7227893425947579	-0.0570600178931875
0.7244641484042724	-0.0567881370854189
0.7261592789796559	-0.0565119338304976
0.7278752737189501	-0.0562312854994254
0.7296126951973689	-0.0559460640631176
0.7313721305664712	-0.0556561357616525
0.7331541930631856	-0.0553613607472957
0.7349595236393902	-0.0550615926987252
0.7367887927239896	-0.0547566784035860
0.7386427021308657	-0.0544464573061558
0.7405219871276946	-0.0541307610165138
0.7424274186824777	-0.0538094127771543
0.7443598059067584	-0.0534822268824754
0.7463199987169306	-0.0531490080459825
0.7483088907378526	-0.0528095507093692
0.7503274224762202	-0.0524636382868510
0.7523765847948940	-0.0521110423372235
0.7544574227237322	-0.0517515216550633
0.7565710396475460	-0.0513848212712571
0.7587186019177039	-0.0510106713516198
0.7609013439408542	-0.0506287859806743
0.7631205738063758	-0.0502388618156935
0.7653776795237953	-0.0498405765937718
0.7676741359527982	-0.0494335874719285
0.7700115125220068	-0.0490175291769596
0.7723914818488848	-0.0485920119378294
0.7748158293925107	-0.0481566191686836
0.7772864642943396	-0.0477109048648951
0.7798054315903435	-0.0472543906676883
0.7823749260123181	-0.0467865625445320
0.7849973076381964	-0.0463068670222814
0.7876751197029204	-0.0458147068974847
0.7904111089453716	-0.0453094363327368
0.7932082489464523	-0.0447903552286236
0.7960697670130993	-0.0442567027365766
0.7989991752887985	-0.0437076497473926
0.8020003069310018	-0.0431422901513313
0.8050773584006499	-0.0425596306159303
0.8082349391735796	-0.0419585785633819
0.8114781305286001	-0.0413379279454661
0.8148125555212555	-0.0406963423036492
0.8182444628567546	-0.0400323344550627
0.8217808281890639	-0.0393442419473912
0.8254294774817202	-0.0386301971563368
0.8291992385968786	-0.0378880905273590
0.8331001294247484	-0.0371155249421270
0.8371435939213835	-0.0363097584478299
0.8413428018526995	-0.0354676315115426
0.8457130345917372	-0.0345854733713971
0.8502721892122305	-0.0336589796534015
0.8550414484455376	-0.0326830497024035
0.8600461884622955	-0.0316515661541061
0.8653172365148522	-0.0305570895484405
0.8708926587357831	-0.0293904242192319
0.8768203796471491	-0.0281399822702134
0.8831621612898612	-0.0267908175229250
0.8899999182595936	-0.0253230925237175
0.8974462999689428	-0.0237095099393698
0.9056636997243566	-0.0219106988312341
0.9149017035649815	-0.0198661250886062
0.9255810790286786	-0.0174737012052633
0.9385235713100610	-0.0145339662458621
0.9558544196291537	-0.0105305890355686
