0.5826438030332974	-0.2812981134351027
0.5826438569591353	-0.2812980923175063
0.5826440187378354	-0.2812980289649170
0.5826442883685542	-0.2812979233764606
0.5826446658529159	-0.2812977755516246
0.5826451511916968	-0.2812975854894517
0.5826457443861545	-0.2812973531884704
0.5826464454378668	-0.2812970786470285
0.5826472543489241	-0.2812967618631859
0.5826481711210290	-0.2812964028347462
0.5826491957567471	-0.2812960015594254
0.5826503282594077	-0.2812955580338025
0.5826515686316830	-0.2812950722551446
0.5826529168766665	-0.2812945442196602
0.5826543729980292	-0.2812939739239077
0.5826559369995843	-0.2812933613638351
0.5826576088860475	-0.2812927065351477
0.5826593886615203	-0.2812920094331572
0.5826612763305389	-0.2812912700527690
0.5826632718984087	-0.2812904883887423
0.5826653753705813	-0.2812896644359464
0.5826675867528328	-0.2812887981882167
0.5826699060505627	-0.2812878896393795
0.5826723332702592	-0.2812869387830633
0.5826748684183582	-0.2812859456125543
0.5826775115016117	-0.2812849101208582
0.5826802625272796	-0.2812838323004845
0.5826831215023135	-0.2812827121439381
0.5826860884350816	-0.2812815496433181
0.5826891633326893	-0.2812803447900622
0.5826923462041703	-0.2812790975760878
0.5826956370572465	-0.2812778079923072
0.5826990359015939	-0.2812764760294568
0.5827025427456196	-0.2812751016781961
0.5827061575988917	-0.2812736849291209
0.5827098804711397	-0.2812722257716005
0.5827137113726440	-0.2812707241954294
0.5827176503129272	-0.2812691801905077
0.5827216973030657	-0.2812675937453433
0.5827258523539469	-0.2812659648488083
0.5827301154765305	-0.2812642934890748
0.5827344866823541	-0.2812625796546203
0.5827389659828290	-0.2812608233329625
0.5827435533903365	-0.2812590245122223
0.5827482489167980	-0.2812571831790372
0.5827530525753321	-0.2812552993209496
0.5827579643780060	-0.2812533729235424
0.5827629843386022	-0.2812514039739905
0.5827681124706762	-0.2812493924581557
0.5827733487874383	-0.2812473383619002
0.5827786933032348	-0.2812452416700648
0.5827841460326803	-0.2812431023682987
0.5827897069898295	-0.2812409204413075
0.5827953761899253	-0.2812386958731370
0.5828011536480918	-0.2812364286485124
0.5828070393796769	-0.2812341187511200
0.5828130334007925	-0.2812317661640037
0.5828191357272280	-0.2812293708713163
0.5828253463758388	-0.2812269328553086
0.5828316653625298	-0.2812244520990238
0.5828380927048962	-0.2812219285848754
0.5828446284198643	-0.2812193622944714
0.5828512725250361	-0.2812167532099303
0.5828580250383295	-0.2812141013122073
0.5828648859776261	-0.2812114065831057
0.5828718553616503	-0.2812086690028591
0.5828789332088389	-0.2812058885522907
0.5828861195386393	-0.2812030652110745
0.5828934143698989	-0.2812001989596604
0.5829008177223663	-0.2811972897773369
0.5829083296161024	-0.2811943376432465
0.5829159500710290	-0.2811913425364835
0.5829236791079326	-0.2811883044357267
0.5829315167470331	-0.2811852233193368
0.5829394630097704	-0.2811820991653487
0.5829475179178668	-0.2811789319507638
0.5829556814924176	-0.2811757216537150
0.5829639537554833	-0.2811724682510715
0.5829723347294776	-0.2811691717195156
0.5829808244368386	-0.2811658320356228
0.5829894229004253	-0.2811624491752950
0.5829981301435591	-0.2811590231143049
0.5830069461890092	-0.2811555538286624
0.5830158710613045	-0.2811520412929751
0.5830249047840622	-0.2811484854823923
0.5830340473815799	-0.2811448863712827
0.5830432988787995	-0.2811412439339664
0.5830526593005562	-0.2811375581442931
0.5830621286714113	-0.2811338289761567
0.5830717070176346	-0.2811300564022110
0.5830813943645623	-0.2811262403960026
0.5830911907389144	-0.2811223809299623
0.5831010961667554	-0.2811184779762233
0.5831111106745516	-0.2811145315072199
0.5831212342892491	-0.2811105414939368
0.5831314670384932	-0.2811065079084199
0.5831418089499203	-0.2811024307214320
0.5831522600511535	-0.2810983099036254
0.5831628203705446	-0.2810941454253674
0.5831734899365596	-0.2810899372569317
0.5831842687780134	-0.2810856853679888
0.5831951569237239	-0.2810813897276331
0.5832061544037754	-0.2810770503053395
0.5832172612473823	-0.2810726670696582
0.5832284774844885	-0.2810682399892467
0.5832398031455411	-0.2810637690322315
0.5832512382610149	-0.2810592541659364
0.5832627828621376	-0.2810546953585872
0.5832744369795133	-0.2810500925765001
0.5832862006451353	-0.2810454457868816
0.5832980738907799	-0.2810407549566135
0.5833100567484910	-0.2810360200512305
0.5833221492505427	-0.2810312410365538
0.5833343514300263	-0.2810264178785306
0.5833466633196233	-0.2810215505417537
0.5833590849527099	-0.2810166389915563
0.5833716163630566	-0.2810116831922206
0.5833842575845203	-0.2810066831078568
0.5833970086511873	-0.2810016387023184
0.5834098695977137	-0.2809965499391389
0.5834228404590164	-0.2809914167817299
0.5834359212702304	-0.2809862391924206
0.5834491120668651	-0.2809810171339411
0.5834624128845519	-0.2809757505683802
0.5834758237596360	-0.2809704394576256
0.5834893447278299	-0.2809650837631837
0.5835029758265868	-0.2809596834460152
0.5835167170925970	-0.2809542384670490
0.5835305685631368	-0.2809487487867134
0.5835445302758431	-0.2809432143651222
0.5835586022685635	-0.2809376351619916
0.5835727845797386	-0.2809320111368594
0.5835870772474994	-0.2809263422486710
0.5836014803113263	-0.2809206284563375
0.5836159938098834	-0.2809148697182690
0.5836306177825484	-0.2809090659922774
0.5836453522695061	-0.2809032172360644
0.5836601973105709	-0.2808973234073452
0.5836751529460311	-0.2808913844626614
0.5836902192169588	-0.2808854003591936
0.5837053961641191	-0.2808793710532103
0.5837206838289536	-0.2808732965001547
0.5837360822529571	-0.2808671766562921
0.5837515914781704	-0.2808610114762131
0.5837672115467974	-0.2808548009153228
0.5837829425015114	-0.2808485449282425
0.5837987843853139	-0.2808422434686679
0.5838147372412531	-0.2808358964907991
0.5838308011127508	-0.2808295039483601
0.5838469760439017	-0.2808230657941039
0.5838632620784662	-0.2808165819808015
0.5838796592615697	-0.2808100524615945
0.5838961676375338	-0.2808034771873555
0.5839127872510957	-0.2807968561108073
0.5839295181482997	-0.2807901891827135
0.5839463603744609	-0.2807834763548129
0.5839633139762948	-0.2807767175764507
0.5839803789993591	-0.2807699127993185
0.5839975554909976	-0.2807630619721330
0.5840148434977032	-0.2807561650451326
0.5840322430670875	-0.2807492219673350
0.5840497542465838	-0.2807422326874933
0.5840673770843064	-0.2807351971544166
0.5840851116286968	-0.2807281153153404
0.5841029579277910	-0.2807209871186477
0.5841209160309944	-0.2807138125115413
0.5841389859874752	-0.2807065914409275
0.5841571678467461	-0.2806993238536298
0.5841754616586510	-0.2806920096951507
0.5841938674735472	-0.2806846489120987
0.5842123853418179	-0.2806772414496476
0.5842310153143755	-0.2806697872529534
0.5842497574425705	-0.2806622862668178
0.5842686117773718	-0.2806547384352308
0.5842875783711371	-0.2806471437024013
0.5843066572756656	-0.2806395020118027
0.5843258485436960	-0.2806318133068827
0.5843451522279731	-0.2806240775305655
0.5843645683821249	-0.2806162946250155
0.5843840970585273	-0.2806084645315205
0.5844037383114384	-0.2806005871933565
0.5844234921954190	-0.2805926625509972
0.5844433587642732	-0.2805846905447206
0.5844633380729245	-0.2805766711162479
0.5844834301764439	-0.2805686042048965
0.5845036351307250	-0.2805604897502766
0.5845239529912951	-0.2805523276922071
0.5845443838138674	-0.2805441179697346
0.5845649276551979	-0.2805358605208761
0.5845855845719250	-0.2805275552841882
0.5846063546211885	-0.2805192021972011
0.5846272378601387	-0.2805108011972305
0.5846482343471253	-0.2805023522218530
0.5846693441398469	-0.2804938552070451
0.5846905672965907	-0.2804853100891245
0.5847119038759285	-0.2804767168036296
0.5847333539377174	-0.2804680752864347
0.5847549175406801	-0.2804593854720277
0.5847765947447765	-0.2804506472953658
0.5847983856101669	-0.2804418606903533
0.5848202901971686	-0.2804330255906203
0.5848423085665858	-0.2804241419300500
0.5848644407795301	-0.2804152096406775
0.5848866868972582	-0.2804062286556240
0.5849090469818197	-0.2803971989070720
0.5849315210952948	-0.2803881203267681
0.5849541092997050	-0.2803789928454252
0.5849768116587385	-0.2803698163940009
0.5849996282347215	-0.2803605909034074
0.5850225590914064	-0.2803513163034713
0.5850456042925205	-0.2803419925236790
0.5850687639023979	-0.2803326194934772
0.5850920379854796	-0.2803231971410652
0.5851154266065693	-0.2803137253955638
0.5851389298307610	-0.2803042041841061
0.5851625477238813	-0.2802946334344487
0.5851862803513621	-0.2802850130741798
0.5852101277797314	-0.2802753430295944
0.5852340900756464	-0.2802656232263386
0.5852581673058952	-0.2802558535905836
0.5852823595378642	-0.2802460340480215
0.5853066668388237	-0.2802361645231392
0.5853310892767839	-0.2802262449404597
0.5853556269206939	-0.2802162752241746
0.5853802798383091	-0.2802062552976962
0.5854050480993861	-0.2801961850837133
0.5854299317729454	-0.2801860645059120
0.5854549309286553	-0.2801758934859048
0.5854800456365887	-0.2801656719457219
0.5855052759674118	-0.2801553998066238
0.5855306219913701	-0.2801450769897011
0.5855560837801765	-0.2801347034152070
0.5855816614055697	-0.2801242790029080
0.5856073549379881	-0.2801138036733091
0.5856331644509051	-0.2801032773449418
0.5856590900163636	-0.2800926999360583
0.5856851317070579	-0.2800820713655203
0.5857112895970272	-0.2800713915509334
0.5857375637593276	-0.2800606604090604
0.5857639542680074	-0.2800498778573820
0.5857904611972221	-0.2800390438119039
0.5858170846220939	-0.2800281581888978
0.5858438246169231	-0.2800172209031390
0.5858706812580108	-0.2800062318700494
0.5858976546203457	-0.2799951910041062
0.5859247447812976	-0.2799840982192127
0.5859519518156519	-0.2799729534290860
0.5859792758015984	-0.2799617565464239
0.5860067168157712	-0.2799505074843577
0.5860342749361351	-0.2799392061547799
0.5860619502400268	-0.2799278524688276
0.5860897428063423	-0.2799164463382388
0.5861176527134712	-0.2799049876736682
0.5861456800406341	-0.2798934763850396
0.5861738248671883	-0.2798819123823151
0.5862020872729903	-0.2798702955744178
0.5862304673382193	-0.2798586258700879
0.5862589651428968	-0.2798469031779917
0.5862875807691418	-0.2798351274054005
0.5863163142966629	-0.2798232984600668
0.5863451658080503	-0.2798114162480385
0.5863741353857408	-0.2797994806759899
0.5864032231108357	-0.2797874916498950
0.5864324290675214	-0.2797754490741149
0.5864617533379076	-0.2797633528541326
0.5864911960058367	-0.2797512028940817
0.5865207571550723	-0.2797389990978618
0.5865504368703387	-0.2797267413677397
0.5865802352358239	-0.2797144296074257
0.5866101523366304	-0.2797020637187955
0.5866401882582911	-0.2796896436035215
0.5866703430864992	-0.2796771691624920
0.5867006169076410	-0.2796646402967342
0.5867310098076273	-0.2796520569056767
0.5867615218739795	-0.2796394188897644
0.5867921531940252	-0.2796267261478870
0.5868229038552574	-0.2796139785780695
0.5868537739458181	-0.2796011760789870
0.5868847635537829	-0.2795883185466997
0.5869158727688111	-0.2795754058797858
0.5869471016799037	-0.2795624379738075
0.5869784503756906	-0.2795494147252787
0.5870099189473077	-0.2795363360286528
0.5870415074849092	-0.2795232017793531
0.5870732160789228	-0.2795100118707601
0.5871050448209305	-0.2794967661973752
0.5871369938023204	-0.2794834646519489
0.5871690631147055	-0.2794701071272250
0.5872012528513861	-0.2794566935152152
0.5872335631042395	-0.2794432237074399
0.5872659939667710	-0.2794296975941865
0.5872985455326163	-0.2794161150670190
0.5873312178949914	-0.2794024760143097
0.5873640111493191	-0.2793887803259150
0.5873969253890428	-0.2793750278911610
0.5874299607103901	-0.2793612185972048
0.5874631172084769	-0.2793473523318160
0.5874963949791355	-0.2793334289820117
0.5875297941183231	-0.2793194484341449
0.5875633147240907	-0.2793054105738103
0.5875969568921782	-0.2792913152863756
0.5876307207205482	-0.2792771624564400
0.5876646063072598	-0.2792629519680586
0.5876986137503846	-0.2792486837048541
0.5877327431492372	-0.2792343575490533
0.5877669946023104	-0.2792199733835431
0.5878013682091722	-0.2792055310892001
0.5878358640698106	-0.2791910305483438
0.5878704822846151	-0.2791764716401749
0.5879052229553101	-0.2791618542454427
0.5879400861817942	-0.2791471782429560
0.5879750720661664	-0.2791324435114784
0.5880101807102848	-0.2791176499286054
0.5880454122168628	-0.2791027973727570
0.5880807666884715	-0.2790878857197532
0.5881162442284352	-0.2790729148467684
0.5881518449401231	-0.2790578846277030
0.5881875689280783	-0.2790427949390414
0.5882234162965703	-0.2790276456545666
0.5882593871504757	-0.2790124366480005
0.5882954815952615	-0.2789971677925118
0.5883316997364119	-0.2789818389600478
0.5883680416802595	-0.2789664500224679
0.5884045075338971	-0.2789510008517313
0.5884410974029729	-0.2789354913175227
0.5884778113962369	-0.2789199212900528
0.5885146496208905	-0.2789042906379458
0.5885516121854197	-0.2788885992302594
0.5885886991981448	-0.2788728469343876
0.5886259107692433	-0.2788570336191721
0.5886632470073992	-0.2788411591487626
0.5887007080226424	-0.2788252233906232
0.5887382939251270	-0.2788092262100745
0.5887760048268594	-0.2787931674704023
0.5888138408379777	-0.2787770470366633
0.5888518020704646	-0.2787608647723085
0.5888898886366468	-0.2787446205383571
0.5889281006488114	-0.2787283141983074
0.5889664382203460	-0.2787119456122297
0.5890049014639835	-0.2786955146415321
0.5890434904949078	-0.2786790211450846
0.5890822054259872	-0.2786624649830142
0.5891210463732595	-0.2786458460125056
0.5891600134509604	-0.2786291640920812
0.5891991067745511	-0.2786124190792473
0.5892383264608874	-0.2785956108291094
0.5892776726266072	-0.2785787391973290
0.5893171453882531	-0.2785618040398014
0.5893567448629741	-0.2785448052104437
0.5893964711686597	-0.2785277425619165
0.5894363244242312	-0.2785106159478337
0.5894763047477325	-0.2784934252194692
0.5895164122586071	-0.2784761702285770
0.5895566470765642	-0.2784588508254984
0.5895970093215948	-0.2784414668599364
0.5896374991144839	-0.2784240181815253
0.5896781165755082	-0.2784065046375412
0.5897188618263611	-0.2783889260760907
0.5897597349904817	-0.2783712823449244
0.5898007361880749	-0.2783535732881262
0.5898418655425545	-0.2783357987524347
0.5898831231775608	-0.2783179585821646
0.5899245092165832	-0.2783000526210072
0.5899660237837988	-0.2782820807121848
0.5900076670041390	-0.2782640426970962
0.5900494390019223	-0.2782459384177601
0.5900913399043742	-0.2782277677157491
0.5901333698352578	-0.2782095304297552
0.5901755289223948	-0.2781912263994096
0.5902178172923440	-0.2781728554625283
0.5902602350730677	-0.2781544174575967
0.5903027823917707	-0.2781359122207017
0.5903454593770237	-0.2781173395876392
0.5903882661575731	-0.2780986993945060
0.5904312028631339	-0.2780799914739214
0.5904742696227397	-0.2780612156608961
0.5905174665671968	-0.2780423717876194
0.5905607938267277	-0.2780234596860012
0.5906042515328499	-0.2780044791871138
0.5906478398172779	-0.2779854301209912
0.5906915588121063	-0.2779663123170618
0.5907354086488550	-0.2779471256044082
0.5907793894624733	-0.2779278698101746
0.5908235013845328	-0.2779085447612489
0.5908677445513607	-0.2778891502842915
0.5909121190946961	-0.2778696862029829
0.5909566251515437	-0.2778501523431263
0.5910012628570747	-0.2778305485275897
0.5910460323465515	-0.2778108745789034
0.5910909337572695	-0.2777911303196400
0.5911359672257520	-0.2777713155679545
0.5911811328897628	-0.2777514301478122
0.5912264308860108	-0.2777314738749295
0.5912718613536742	-0.2777114465686712
0.5913174244325703	-0.2776913480475263
0.5913631202605002	-0.2776711781256299
0.5914089489781177	-0.2776509366199694
0.5914549107256297	-0.2776306233446901
0.5915010056439444	-0.2776102381133376
0.5915472338745695	-0.2775897807395967
0.5915935955584726	-0.2775692510332455
0.5916400908393668	-0.2775486488074086
0.5916867198587298	-0.2775279738710563
0.5917334827609215	-0.2775072260333656
0.5917803796895323	-0.2774864051023598
0.5918274107883228	-0.2774655108851811
0.5918745762022256	-0.2774445431881781
0.5919218760787497	-0.2774235018169142
0.5919693105601677	-0.2774023865750629
0.5920168797951281	-0.2773811972668535
0.5920645839296109	-0.2773599336933980
0.5921124231123283	-0.2773385956567358
0.5921603974888754	-0.2773171829575476
0.5922085072102149	-0.2772956953951779
0.5922567524238178	-0.2772741327683935
0.5923051332786620	-0.2772524948736031
0.5923536499254900	-0.2772307815075583
0.5924023025141810	-0.2772089924671771
0.5924510911965779	-0.2771871275451044
0.5925000161222650	-0.2771651865363437
0.5925490774463080	-0.2771431692313957
0.5925982753193458	-0.2771210754231822
0.5926476098940718	-0.2770989049022874
0.5926970813241709	-0.2770766574552563
0.5927466897633871	-0.2770543328741664
0.5927964353681734	-0.2770319309437994
0.5928463182921331	-0.2770094514526119
0.5928963386917433	-0.2769868941828733
0.5929464967215845	-0.2769642589205465
0.5929967925408163	-0.2769415454475322
0.5930472263047771	-0.2769187535468393
0.5930977981712040	-0.2768958829990016
0.5931485082997936	-0.2768729335822651
0.5931993568473277	-0.2768499050774088
0.5932503439759113	-0.2768267972610909
0.5933014698432233	-0.2768036099106568
0.5933527346101656	-0.2767803427990532
0.5934041384379639	-0.2767569957029418
0.5934556814880337	-0.2767335683944715
0.5935073639223641	-0.2767100606457799
0.5935591859042411	-0.2766864722271443
0.5936111475954632	-0.2766628029102672
0.5936632491599726	-0.2766390524609143
0.5937154907624551	-0.2766152206473264
0.5937678725682580	-0.2765913072386705
0.5938203947421186	-0.2765673119957286
0.5938730574490892	-0.2765432346844248
0.5939258608565232	-0.2765190750676519
0.5939788051311009	-0.2764948329075026
0.5940318904407711	-0.2764705079628011
0.5940851169521771	-0.2764460999923730
0.5941384848343285	-0.2764216087553103
0.5941919942578074	-0.2763970340099935
0.5942456453918186	-0.2763723755099424
0.5942994384045652	-0.2763476330084009
0.5943533734683986	-0.2763228062597007
0.5944074507563437	-0.2762978950181120
0.5944616704382394	-0.2762728990293842
0.5945160326865584	-0.2762478180458561
0.5945705376736481	-0.2762226518158826
0.5946251855757050	-0.2761974000856159
0.5946799765650050	-0.2761720626003030
0.5947349108171501	-0.2761466391028937
0.5947899885070519	-0.2761211293393014
0.5948452098094854	-0.2760955330487203
0.5949005749025992	-0.2760698499721532
0.5949560839618119	-0.2760440798513067
0.5950117371666884	-0.2760182224185874
0.5950675346935800	-0.2759922774155238
0.5951234767219706	-0.2759662445744661
0.5951795634307607	-0.2759401236297259
0.5952357949993297	-0.2759139143131559
0.5952921716101481	-0.2758876163575445
0.5953486934421856	-0.2758612294919595
0.5954053606780103	-0.2758347534423960
0.5954621734992206	-0.2758081879372046
0.5955191320887515	-0.2757815327042020
0.5955762366297629	-0.2757547874647698
0.5956334873059014	-0.2757279519420887
0.5956908843024871	-0.2757010258581929
0.5957484278033398	-0.2756740089324339
0.5958061179961730	-0.2756469008857140
0.5958639550653075	-0.2756197014301512
0.5959219391974815	-0.2755924102848219
0.5959800705809751	-0.2755650271633778
0.5960383494040087	-0.2755375517791941
0.5960967758544726	-0.2755099838419721
0.5961553501197434	-0.2754823230599398
0.5962140723929187	-0.2754545691462031
0.5962729428626901	-0.2754267218039596
0.5963319617210219	-0.2753987807390206
0.5963911291572366	-0.2753707456561474
0.5964504453643230	-0.2753426162563527
0.5965099105362845	-0.2753143922403103
0.5965695248634221	-0.2752860733088024
0.5966292885458925	-0.2752576591580452
0.5966892017702558	-0.2752291494835006
0.5967492647371520	-0.2752005439802229
0.5968094776399997	-0.2751718423439166
0.5968698406739174	-0.2751430442599253
0.5969303540395726	-0.2751141494239162
0.5969910179310725	-0.2750851575207189
0.5970518325473786	-0.2750560682359415
0.5971127980874557	-0.2750268812580555
0.5971739147501527	-0.2749975962672911
0.5972351827361920	-0.2749682129465770
0.5972966022473603	-0.2749387309742608
0.5973581734804436	-0.2749091500305559
0.5974198966409131	-0.2748794697918561
0.5974817719291633	-0.2748496899316091
0.5975437995497673	-0.2748198101238021
0.5976059797046785	-0.2747898300397239
0.5976683125984124	-0.2747597493507821
0.5977307984385840	-0.2747295677238948
0.5977934374246803	-0.2746992848238877
0.5978562297669082	-0.2746689003180021
0.5979191756690704	-0.2746384138668399
0.5979822753433933	-0.2746078251321270
0.5980455289928509	-0.2745771337748220
0.5981089368287364	-0.2745463394496099
0.5981724990570628	-0.2745154418131052
0.5982362158896330	-0.2744844405188706
0.5983000875356440	-0.2744533352211767
0.5983641142085989	-0.2744221255684685
0.5984282961165579	-0.2743908112069129
0.5984926334729852	-0.2743593917881413
0.5985571264922876	-0.2743278669515596
0.5986217753852798	-0.2742962363435412
0.5986865803666682	-0.2742644996033982
0.5987515416528655	-0.2742326563707990
0.5988166594557431	-0.2742007062820311
0.5988819339928946	-0.2741686489726701
0.5989473654803739	-0.2741364840748096
0.5990129541378711	-0.2741042112196003
0.5990787001781849	-0.2740718300373264
0.5991446038244347	-0.2740393401545162
0.5992106652942024	-0.2740067411996728
0.5992768848037401	-0.2739740327910986
0.5993432625749401	-0.2739412145516574
0.5994097988319744	-0.2739082861031417
0.5994764937940849	-0.2738752470599123
0.5995433476806002	-0.2738420970363621
0.5996103607190671	-0.2738088356468535
0.5996775331288275	-0.2737754625039293
0.5997448651351320	-0.2737419772147134
0.5998123569633632	-0.2737083793841283
0.5998800088369463	-0.2736746686194985
0.5999478209838101	-0.2736408445229741
0.6000157936282281	-0.2736069066948091
0.6000839270003434	-0.2735728547327959
0.6001522213236196	-0.2735386882324983
0.6002206768296589	-0.2735044067893447
0.6002892937466739	-0.2734700099911486
0.6003580723021189	-0.2734354974320553
0.6004270127281287	-0.2734008686938023
0.6004961152555474	-0.2733661233689307
0.6005653801153591	-0.2733312610333709
0.6006348075395452	-0.2732962812703150
0.6007043977618156	-0.2732611836526829
0.6007741510112817	-0.2732259677661356
0.6008440675293044	-0.2731906331775996
0.6009141475439748	-0.2731551794589422
0.6009843912918600	-0.2731196061766311
0.6010547990086444	-0.2730839129026283
0.6011253709369329	-0.2730480991960257
0.6011961073021226	-0.2730121646195626
0.6012670083521641	-0.2729761087333182
0.6013380743188571	-0.2729399310923346
0.6014093054442320	-0.2729036312507812
0.6014807019668684	-0.2728672087654140
0.6015522641283287	-0.2728306631798276
0.6016239921654832	-0.2727939940445515
0.6016958863231699	-0.2727572008966939
0.6017679468418780	-0.2727202832882164
0.6018401739680236	-0.2726832407491039
0.6019125679380546	-0.2726460728255737
0.6019851290013905	-0.2726087790414221
0.6020578573947201	-0.2725713589354882
0.6021307533737298	-0.2725338120327050
0.6022038171764035	-0.2724961378610226
0.6022770490540099	-0.2724583359437898
0.6023504492506563	-0.2724204058015746
0.6024240180121788	-0.2723823469523349
0.6024977555878900	-0.2723441589104822
0.6025716622290317	-0.2723058411912673
0.6026457381787438	-0.2722673933000324
0.6027199836943282	-0.2722288147481813
0.6027943990245985	-0.2721901050425681
0.6028689844190062	-0.2721512636789479
0.6029437401212112	-0.2721122901575991
0.6030186663995274	-0.2720731839755205
0.6030937634963107	-0.2720339446266837
0.6031690316679572	-0.2719945715997942
0.6032444711653931	-0.2719550643827877
0.6033200822464743	-0.2719154224542880
0.6033958651681908	-0.2718756453067813
0.6034718201819309	-0.2718357324127832
0.6035479475466226	-0.2717956832448604
0.6036242475182954	-0.2717554972791825
0.6037007203538998	-0.2717151739842229
0.6037773663107365	-0.2716747128277113
0.6038541856541769	-0.2716341132722817
0.6039311786380589	-0.2715933747777566
0.6040083455190847	-0.2715524968000414
0.6040856865631199	-0.2715114787923594
0.6041632020248187	-0.2714703202067857
0.6042408921769444	-0.2714290204937060
0.6043187572715446	-0.2713875790951232
0.6043967975715042	-0.2713459954533001
0.6044750133487314	-0.2713042690074439
0.6045534048545718	-0.2712623991846353
0.6046319723646312	-0.2712203854230488
0.6047107161394796	-0.2711782271528181
0.6047896364416518	-0.2711359237940041
0.6048687335367035	-0.2710934747657666
0.6049480076975831	-0.2710508794946028
0.6050274591850574	-0.2710081373835246
0.6051070882727253	-0.2709652478533368
0.6051868952215137	-0.2709222103100735
0.6052668803030503	-0.2708790241567540
0.6053470437874933	-0.2708356887926319
0.6054273859416969	-0.2707922036115494
0.6055079070403415	-0.2707485680188582
0.6055886073544202	-0.2707047813912672
0.6056694871442255	-0.2706608431254153
0.6057505466921346	-0.2706167525918680
0.6058317862709773	-0.2705725091855080
0.6059132061428575	-0.2705281122721445
0.6059948065887409	-0.2704835612215296
0.6060765878800070	-0.2704388554071560
0.6061585502905451	-0.2703939941884366
0.6062406940987360	-0.2703489769297523
0.6063230195742174	-0.2703038029855744
0.6064055269975220	-0.2702584717066505
0.6064882166363518	-0.2702129824479440
0.6065710887714627	-0.2701673345465231
0.6066541436889835	-0.2701215273497340
0.6067373816454416	-0.2700755601853294
0.6068208029346490	-0.2700294323984171
0.6069044078338294	-0.2699831433128613
0.6069881966100679	-0.2699366922481388
0.6070721695535620	-0.2698900785291684
0.6071563269333335	-0.2698433014769888
0.6072406690423713	-0.2697963604022416
0.6073251961526178	-0.2697492546025705
0.6074099085386568	-0.2697019833984445
0.6074948064915877	-0.2696545460722242
0.6075798902850228	-0.2696069419293851
0.6076651602170398	-0.2695591702629745
0.6077506165474730	-0.2695112303637983
0.6078362595655302	-0.2694631214952759
0.6079220895552784	-0.2694148429467738
0.6080081067942976	-0.2693663940031093
0.6080943115845060	-0.2693177739231865
0.6081807041913831	-0.2692689819625108
0.6082672849014383	-0.2692200173883840
0.6083540540027633	-0.2691708794595122
0.6084410117695849	-0.2691215674345179
0.6085281585035982	-0.2690720805440649
0.6086154944735807	-0.2690224180353090
0.6087030199818180	-0.2689725791468895
0.6087907352964781	-0.2689225631019582
0.6088786407080126	-0.2688723691439093
0.6089667365064492	-0.2688219964832866
0.6090550229750906	-0.2687714443389372
0.6091435004002808	-0.2687207119300199
0.6092321690833644	-0.2686697984537217
0.6093210292815899	-0.2686187031243027
0.6094100812978968	-0.2685674251301001
0.6094993254174534	-0.2685159636673735
0.6095887619354625	-0.2684643179179441
0.6096783911300299	-0.2684124870762963
0.6097682132804136	-0.2683604703144808
0.6098582286998725	-0.2683082667997459
0.6099484376569712	-0.2682558757018879
0.6100388404416694	-0.2682032961782894
0.6101294373339353	-0.2681505273960580
0.6102202286274825	-0.2680975684927016
0.6103112146434089	-0.2680444186218573
0.6104023956151017	-0.2679910769227860
0.6104937718572809	-0.2679375425304474
0.6105853436603820	-0.2678838145688589
0.6106771113051772	-0.2678298921591337
0.6107690750862819	-0.2677757744294620
0.6108612352855529	-0.2677214604824114
0.6109535921905012	-0.2676669494270697
0.6110461460878204	-0.2676122403624068
0.6111388972760049	-0.2675573323836997
0.6112318460370748	-0.2675022245785920
0.6113249926383046	-0.2674469160324214
0.6114183374075414	-0.2673914058194500
0.6115118805968849	-0.2673356930189335
0.6116056225055253	-0.2672797766687220
0.6116995634307039	-0.2672236558622179
0.6117937036407964	-0.2671673296251970
0.6118880434265660	-0.2671107970330278
0.6119825830817749	-0.2670540570822762
0.6120773228952318	-0.2669971088542461
0.6121722631397517	-0.2669399513438686
0.6122674040960288	-0.2668825835611678
0.6123627460714406	-0.2668250045726508
0.6124582893384841	-0.2667672133324042
0.6125540341807092	-0.2667092088718739
0.6126499808721848	-0.2666509901765606
0.6127461297204686	-0.2665925562302315
0.6128424809754722	-0.2665339060124824
0.6129390349519090	-0.2664750385206290
0.6130357919068025	-0.2664159527032516
0.6131327521416048	-0.2663566475115537
0.6132299159395413	-0.2662971219032304
0.6133272835411789	-0.2662373748443799
0.6134248552709237	-0.2661774052824298
0.6135226313814713	-0.2661172121009300
0.6136206121771589	-0.2660567942716511
0.6137187979127524	-0.2659961506859485
0.6138171888659928	-0.2659352802623582
0.6139157853400616	-0.2658741819249353
0.6140145875609515	-0.2658128545323794
0.6141135958370737	-0.2657512970076688
0.6142128104519420	-0.2656895082062585
0.6143122316518382	-0.2656274870236647
0.6144118597223598	-0.2655652323017456
0.6145116949402860	-0.2655027429157990
0.6146117375673248	-0.2654400177068340
0.6147119878659775	-0.2653770555262447
0.6148124461236069	-0.2653138551911993
0.6149131125902714	-0.2652504155620793
0.6150139875306325	-0.2651867354059260
0.6151150712281024	-0.2651228135960982
0.6152163639400138	-0.2650586488739254
0.6153178659078485	-0.2649942400909375
0.6154195774182607	-0.2649295859622067
0.6155214987305482	-0.2648646853186969
0.6156236300857157	-0.2647995369450376
0.6157259717625622	-0.2647341395334081
0.6158285239918925	-0.2646684918965873
0.6159312870541861	-0.2646025927578810
0.6160342612113864	-0.2645364408190133
0.6161374466533918	-0.2644700348599957
0.6162408436868665	-0.2644033735534024
0.6163444525179221	-0.2643364556424035
0.6164482734718589	-0.2642692797720472
0.6165523067221400	-0.2642018446990744
0.6166565525107783	-0.2641341490566442
0.6167610111293956	-0.2640661915456949
0.6168656827663366	-0.2639979707876316
0.6169705677073740	-0.2639294854813429
0.6170756661441397	-0.2638607342278281
0.6171809783195942	-0.2637917156871389
0.6172865044824173	-0.2637224284719574
0.6173922448552105	-0.2636528711880881
0.6174981996899008	-0.2635830424497892
0.6176043691348319	-0.2635129408536441
0.6177107534846875	-0.2634425650016630
0.6178173529439733	-0.2633719133803727
0.6179241677315986	-0.2633009846472114
0.6180311980355966	-0.2632297773282115
0.6181384441236684	-0.2631582899457774
0.6182459061524876	-0.2630865210578266
0.6183535843741834	-0.2630144691678422
0.6184614789146129	-0.2629421328044771
0.6185695900994208	-0.2628695104519535
0.6186779180339718	-0.2627966005735112
0.6187864629200185	-0.2627234017302366
0.6188952249894712	-0.2626499123335796
0.6190042044017453	-0.2625761308018271
0.6191134013627820	-0.2625020556719918
0.6192228160546018	-0.2624276852881943
0.6193324486660815	-0.2623530180969639
0.6194422993932814	-0.2622780525676515
0.6195523683177914	-0.2622027870442983
0.6196626557020863	-0.2621272199394469
0.6197731616764168	-0.2620513496148230
0.6198838864125145	-0.2619751744090283
0.6199948300805773	-0.2618986927372415
0.6201059928005133	-0.2618219028975102
0.6202173747264073	-0.2617448031677669
0.6203289761312150	-0.2616673919792137
0.6204407969029485	-0.2615896675704891
0.6205528374017947	-0.2615116282207254
0.6206650977074663	-0.2614332722635901
0.6207775778725171	-0.2613545978899015
0.6208902781735477	-0.2612756034028731
0.6210031985714479	-0.2611962870312152
0.6211163392521581	-0.2611166469599505
0.6212297003526523	-0.2610366814285232
0.6213432819523318	-0.2609563886839000
0.6214570841595831	-0.2608757669088004
0.6215711069928682	-0.2607948142069184
0.6216853506869978	-0.2607135287636524
0.6217998151789946	-0.2606319087998038
0.6219145007517052	-0.2605499523648444
0.6220294072975571	-0.2604676575963030
0.6221445349150693	-0.2603850225678352
0.6222598836496812	-0.2603020454314611
0.6223754536578793	-0.2602187241753273
0.6224912448502818	-0.2601350569769628
0.6226072574454626	-0.2600510418228634
0.6227234913076801	-0.2599666767022809
0.6228399465772847	-0.2598819597413679
0.6229566232930374	-0.2597968888605076
0.6230735213152309	-0.2597114619993578
0.6231906408481183	-0.2596256772910703
0.6233079817918064	-0.2595395325651806
0.6234255441607556	-0.2594530257133729
0.6235433279076280	-0.2593661548799048
0.6236613331656362	-0.2592789178010634
0.6237795595982758	-0.2591913123704457
0.6238980075103336	-0.2591033365135010
0.6240166766523294	-0.2590149880754354
0.6241355670423679	-0.2589262649691927
0.6242546785443354	-0.2588371648601963
0.6243740112998805	-0.2587476856837339
0.6244935649607049	-0.2586578253335243
0.6246133396221697	-0.2585675813549183
0.6247333350528637	-0.2584769517600354
0.6248535513885533	-0.2583859341126906
0.6249739882134550	-0.2582945261331516
0.6250946455190007	-0.2582027256066738
0.6252155233317988	-0.2581105303192428
0.6253366212430883	-0.2580179377706274
0.6254579393622123	-0.2579249457918155
0.6255794772075334	-0.2578315517463106
0.6257012348747251	-0.2577377535688384
0.6258232120327454	-0.2576435488028040
0.6259454086305334	-0.2575489348589018
0.6260678242633250	-0.2574539095224954
0.6261904589052377	-0.2573584702721586
0.6263133122212703	-0.2572626142420600
0.6264363837798366	-0.2571663396103409
0.6265596737739021	-0.2570696435883617
0.6266831814411631	-0.2569725236335546
0.6268069067222313	-0.2568749771848362
0.6269308494227530	-0.2567770016217974
0.6270550090771022	-0.2566785945147839
0.6271793853264651	-0.2565797530930430
0.6273039781708588	-0.2564804749214946
0.6274287868110850	-0.2563807571072860
0.6275538108679791	-0.2562805972780254
0.6276790506162596	-0.2561799924306568
0.6278045049606241	-0.2560789401749775
0.6279301736060684	-0.2559774377122794
0.6280560563561366	-0.2558754822708299
0.6281821525151013	-0.2557730710792781
0.6283084621003944	-0.2556702012759470
0.6284349838856187	-0.2555668699189390
0.6285617181430811	-0.2554630746929163
0.6286886635056352	-0.2553588121706639
0.6288158201741774	-0.2552540796887887
0.6289431876482271	-0.2551488740576704
0.6290707647245565	-0.2550431933310919
0.6291985509764508	-0.2549370337318672
0.6293265461403380	-0.2548303929041745
0.6294547495401788	-0.2547232668286820
0.6295831603613160	-0.2546156534982959
0.6297117779218339	-0.2545075493319158
0.6298406019428369	-0.2543989516516098
0.6299696307976783	-0.2542898573828801
0.6300988641945241	-0.2541802630847407
0.6302283017251571	-0.2540701658925713
0.6303579428780247	-0.2539595626383634
0.6304877858061716	-0.2538484497292632
0.6306178300898776	-0.2537368249588771
0.6307480756021849	-0.2536246841681923
0.6308785202190982	-0.2535120247719190
0.6310091639782880	-0.2533988431792341
0.6311400058904031	-0.2532851359217661
0.6312710447532524	-0.2531709001021871
0.6314022795183735	-0.2530561322765202
0.6315337090420918	-0.2529408289639185
0.6316653324973919	-0.2528249872630675
0.6317971502036432	-0.2527086030719171
0.6319291586508565	-0.2525916731914821
0.6320613577827945	-0.2524741936960652
0.6321937470356527	-0.2523561632727299
0.6323263241638665	-0.2522375756533251
0.6324590884399327	-0.2521184288601397
0.6325920383328524	-0.2519987191020789
0.6327251736301606	-0.2518784424974289
0.6328584925512272	-0.2517575948628187
0.6329919931518715	-0.2516361743718707
0.6331256736708962	-0.2515141765293133
0.6332595347820167	-0.2513915978714391
0.6333935725557336	-0.2512684335517745
0.6335277872777287	-0.2511446807545858
0.6336621765642758	-0.2510203355681970
0.6337967380181716	-0.2508953938250894
0.6339314730821062	-0.2507698531289357
0.6340663782470001	-0.2506437085728447
0.6342014515828938	-0.2505169567123451
0.6343366899393955	-0.2503895944121395
0.6344720936805789	-0.2502616143741197
0.6346076606120361	-0.2501330149490174
0.6347433892859812	-0.2500037964157759
0.6348792788950716	-0.2498739463322151
0.6350153236562661	-0.2497434670750657
0.6351515251276943	-0.2496123524450952
0.6352878803959117	-0.2494806000791125
0.6354243866069939	-0.2493482022182071
0.6355610401491543	-0.2492151618246292
0.6356978426984122	-0.2490814641135720
0.6358347895989920	-0.2489471153653600
0.6359718803807560	-0.2488121041016829
0.6361091154827753	-0.2486764277849765
0.6362464789216096	-0.2485400869243301
0.6363839827930379	-0.2484030736325207
0.6365214866644662	-0.2482660603407113
0.6366593893692162	-0.2481270131179674
0.6367972920739662	-0.2479879658952235
0.6369351947787162	-0.2478489186724796
0.6370734519534836	-0.2477077618490562
0.6372117091282511	-0.2475666050256329
0.6373499663030185	-0.2474254482022096
0.6374886056759776	-0.2472822418186667
0.6376272450489368	-0.2471390354351238
0.6377658844218959	-0.2469958290515810
0.6379045237948550	-0.2468526226680381
0.6380436975031764	-0.2467049439206384
0.6381828712114977	-0.2465572651732387
0.6383220449198191	-0.2464095864258390
0.6384612186281405	-0.2462619076784394
0.6386003923364619	-0.2461142289310397
0.6387395660447833	-0.2459665501836400
0.6388787397531047	-0.2458188714362403
0.6390179134614261	-0.2456711926888406
0.6391570871697475	-0.2455235139414410
0.6392962608780689	-0.2453758351940413
0.6394379150782732	-0.2452097949336886
0.6395795692784775	-0.2450437546733358
0.6397212234786818	-0.2448777144129831
0.6398575301803681	-0.2447466212094286
0.6399938368820544	-0.2446155280058742
0.6401359882138109	-0.2444334586766318
0.6402781395455674	-0.2442513893473894
0.6404202908773240	-0.2440693200181471
0.6405624422090805	-0.2438872506889047
0.6407045935408371	-0.2437051813596623
0.6408467448725936	-0.2435231120304200
0.6409888962043502	-0.2433410427011776
0.6411310475361067	-0.2431589733719353
0.6412731988678633	-0.2429769040426929
0.6414153501996198	-0.2427948347134505
0.6415575015313764	-0.2426127653842082
0.6416996528631329	-0.2424306960549658
0.6418418041948895	-0.2422486267257234
0.6419839555266460	-0.2420665573964811
0.6421261068584025	-0.2418844880672387
0.6422682581901591	-0.2417024187379964
0.6424104095219156	-0.2415203494087540
0.6425525608536722	-0.2413382800795116
0.6426947121854287	-0.2411562107502693
0.6428368635171853	-0.2409741414210269
0.6429790148489418	-0.2407920720917845
0.6431211661806984	-0.2406100027625422
0.6432633175124549	-0.2404279334332998
0.6434054688442115	-0.2402458641040575
0.6435476201759680	-0.2400637947748151
0.6436897715077246	-0.2398817254455727
0.6438319228394811	-0.2396996561163304
0.6439740741712376	-0.2395175867870880
0.6441162255029942	-0.2393355174578456
0.6442583768347507	-0.2391534481286033
0.6444005281665073	-0.2389713787993609
0.6445426794982638	-0.2387893094701186
0.6446848308300204	-0.2386072401408762
0.6448269821617769	-0.2384251708116338
0.6449691334935335	-0.2382431014823915
0.6451112848252900	-0.2380610321531491
0.6452534361570466	-0.2378789628239067
0.6453955874888031	-0.2376968934946644
0.6455377388205596	-0.2375148241654220
0.6456798901523162	-0.2373327548361797
0.6458220414840727	-0.2371506855069373
0.6459641928158293	-0.2369686161776949
0.6461063441475858	-0.2367865468484526
0.6462484954793424	-0.2366044775192102
0.6463906468110989	-0.2364224081899678
0.6465327981428555	-0.2362403388607255
0.6466749494746120	-0.2360582695314831
0.6468171008063686	-0.2358762002022408
0.6469592521381251	-0.2356941308729984
0.6471014034698817	-0.2355120615437560
0.6472435548016382	-0.2353299922145137
0.6473857061333947	-0.2351479228852713
0.6475278574651513	-0.2349658535560289
0.6476700087969078	-0.2347837842267866
0.6478121601286644	-0.2346017148975442
0.6479543114604209	-0.2344196455683019
0.6480964627921775	-0.2342375762390595
0.6482386141239340	-0.2340555069098171
0.6483807654556906	-0.2338734375805748
0.6485229167874471	-0.2336913682513324
0.6486650681192037	-0.2335092989220900
0.6488072194509602	-0.2333272295928477
0.6489493707827168	-0.2331451602636053
0.6490915221144733	-0.2329630909343630
0.6492336734462298	-0.2327810216051206
0.6493758247779864	-0.2325989522758782
0.6495179761097429	-0.2324168829466359
0.6496601274414995	-0.2322348136173935
