0.5516849007788717	-0.4790927509665821
0.5518425582730416	-0.4790765974277020
0.5520003929676708	-0.4790603662650841
0.5521584051349618	-0.4790440573348753
0.5523165950464320	-0.4790276704901710
0.5524749629756510	-0.4790112055845476
0.5526335091960236	-0.4789946624707201
0.5527922339827558	-0.4789780410010844
0.5529511376112148	-0.4789613410269156
0.5531102203568538	-0.4789445623986921
0.5532694824973468	-0.4789277049680655
0.5534289243094530	-0.4789107685834025
0.5535885460717550	-0.4788937530945451
0.5537483480637830	-0.4788766583498898
0.5539083305646204	-0.4788594841975304
0.5540684938554874	-0.4788422304845502
0.5542288382174897	-0.4788248970576576
0.5543893639326916	-0.4788074837629442
0.5545500712835293	-0.4787899904457758
0.5547109605542589	-0.4787724169515849
0.5548720320290632	-0.4787547631237570
0.5550332859930044	-0.4787370288064366
0.5551947227322660	-0.4787192138423144
0.5553563425331919	-0.4787013180737921
0.5555181456834503	-0.4786833413424078
0.5556801324709520	-0.4786652834898107
0.5558423031853255	-0.4786471443555789
0.5560046581157631	-0.4786289237798617
0.5561671975536400	-0.4786106216018554
0.5563299217901084	-0.4785922376603166
0.5564928311170414	-0.4785737717922607
0.5566559258278563	-0.4785552238357439
0.5568192062159489	-0.4785365936269851
0.5569826725762097	-0.4785178810015435
0.5571463252041432	-0.4784990857950797
0.5573101643957634	-0.4784802078418092
0.5574741904483951	-0.4784612469759523
0.5576384036598567	-0.4784422030303392
0.5578028043284450	-0.4784230758378059
0.5579673927541576	-0.4784038652301167
0.5581321692370116	-0.4783845710384329
0.5582971340783628	-0.4783651930935702
0.5584622875802452	-0.4783457312253994
0.5586276300452351	-0.4783261852621133
0.5587931617775366	-0.4783065550338713
0.5589588830812523	-0.4782868403669333
0.5591247942617205	-0.4782670410892125
0.5592908956249817	-0.4782471570267527
0.5594571874787287	-0.4782271880051187
0.5596236701305013	-0.4782071338501563
0.5597903438891719	-0.4781869943856294
0.5599572090642432	-0.4781667694348036
0.5601242659659211	-0.4781464588209807
0.5602915149059535	-0.4781260623661162
0.5604589561968542	-0.4781055798921986
0.5606265901516724	-0.4780850112194518
0.5607944170836637	-0.4780643561680962
0.5609624373082848	-0.4780436145572571
0.5611306511413108	-0.4780227862058776
0.5612990588992706	-0.4780018709314537
0.5614676608996335	-0.4779808685514232
0.5616364574610864	-0.4779597788817732
0.5618054489024616	-0.4779386017385269
0.5619746355444304	-0.4779173369363530
0.5621440177076836	-0.4778959842897661
0.5623135957150537	-0.4778745436118979
0.5624833698887208	-0.4778530147153601
0.5626533405524830	-0.4778313974121687
0.5628235080318061	-0.4778096915138126
0.5629938726519903	-0.4777878968300635
0.5631644347394692	-0.4777660131711118
0.5633351946222122	-0.4777440403455113
0.5635061526283546	-0.4777219781614946
0.5636773090876690	-0.4776998264262728
0.5638486643300712	-0.4776775849468236
0.5640202186873151	-0.4776552535282717
0.5641919724911432	-0.4776328319762045
0.5643639260754726	-0.4776103200945336
0.5645360797737711	-0.4775877176870050
0.5647084339214721	-0.4775650245557503
0.5648809888545693	-0.4775422405030708
0.5650537449102473	-0.4775193653299002
0.5652267024262065	-0.4774963988361006
0.5653998617415181	-0.4774733408215880
0.5655732231965291	-0.4774501910848524
0.5657467871316909	-0.4774269494235116
0.5659205538890423	-0.4774036156350246
0.5660945238117855	-0.4773801895152487
0.5662686972431363	-0.4773566708594447
0.5664430745288963	-0.4773330594625828
0.5666176560141202	-0.4773093551178347
0.5667924420461891	-0.4772855576185792
0.5669674329726461	-0.4772616667565037
0.5671426291428822	-0.4772376823230003
0.5673180309063423	-0.4772136041083674
0.5674936386142724	-0.4771894319019913
0.5676694526185152	-0.4771651654927798
0.5678454732722045	-0.4771408046683727
0.5680217009290184	-0.4771163492158571
0.5681981359442867	-0.4770917989211052
0.5683747786742135	-0.4770671535696253
0.5685516294755484	-0.4770424129454944
0.5687286887067634	-0.4770175768323611
0.5689059567268469	-0.4769926450126836
0.5690834338964627	-0.4769676172682924
0.5692611205768524	-0.4769424933800728
0.5694390171298526	-0.4769172731279126
0.5696171239198380	-0.4768919562908782
0.5697954413107288	-0.4768665426471835
0.5699739696684356	-0.4768410319739598
0.5701527093595468	-0.4768154240477631
0.5703316607518308	-0.4767897186437507
0.5705108242141820	-0.4767639155365097
0.5706902001165455	-0.4767380145001073
0.5708697888301164	-0.4767120153066211
0.5710495907269741	-0.4766859177283236
0.5712296061803436	-0.4766597215359486
0.5714098355646203	-0.4766334264990654
0.5715902792554987	-0.4766070323870267
0.5717709376293415	-0.4765805389678235
0.5719518110641121	-0.4765539460084596
0.5721328999383414	-0.4765272532751974
0.5723142046323898	-0.4765004605330387
0.5724957255270965	-0.4764735675463393
0.5726774630051228	-0.4764465740782682
0.5728594174496118	-0.4764194798913216
0.5730415892450852	-0.4763922847469244
0.5732239787773772	-0.4763649884050876
0.5734065864335074	-0.4763375906252955
0.5735894126013332	-0.4763100911661007
0.5737724576703265	-0.4762824897848176
0.5739557220306855	-0.4762547862377938
0.5741392060740875	-0.4762269802804744
0.5743229101932228	-0.4761990716675972
0.5745068347821030	-0.4761710601521099
0.5746909802357769	-0.4761429454865514
0.5748753469506676	-0.4761147274224944
0.5750599353243082	-0.4760864057101379
0.5752447457556159	-0.4760579800988846
0.5754297786442849	-0.4760294503369273
0.5756150343917968	-0.4760008161719295
0.5758005134003049	-0.4759720773495172
0.5759862160735261	-0.4759432336152216
0.5761721428163115	-0.4759142847131841
0.5763582940349311	-0.4758852303867107
0.5765446701365764	-0.4758560703773210
0.5767312715298626	-0.4758268044266292
0.5769180986245064	-0.4757974322739530
0.5771051518320659	-0.4757679536582866
0.5772924315645356	-0.4757383683174943
0.5774799382356156	-0.4757086759884767
0.5776676722602191	-0.4756788764064205
0.5778556340544752	-0.4756489693056940
0.5780438240361295	-0.4756189544202228
0.5782322426238325	-0.4755888314818589
0.5784208902375133	-0.4755586002218542
0.5786097672987560	-0.4755282603704936
0.5787988742299566	-0.4754978116564627
0.5789882114553008	-0.4754672538077704
0.5791777794000063	-0.4754365865510549
0.5793675784908452	-0.4754058096117084
0.5795576091555785	-0.4753749227144925
0.5797478718234741	-0.4753439255822574
0.5799383669252882	-0.4753128179374281
0.5801290948929102	-0.4752815995008490
0.5803200561596414	-0.4752502699923877
0.5805112511601509	-0.4752188291305784
0.5807026803305398	-0.4751872766329342
0.5808943441080501	-0.4751556122157613
0.5810862429317564	-0.4751238355942595
0.5812783772414383	-0.4750919464820215
0.5814707474789012	-0.4750599445921014
0.5816633540870080	-0.4750278296357602
0.5818561975098518	-0.4749956013235917
0.5820492781934634	-0.4749632593642526
0.5822425965846677	-0.4749308034659545
0.5824361531322952	-0.4748982333352745
0.5826299482862071	-0.4748655486776504
0.5828239824977330	-0.4748327491971779
0.5830182562196445	-0.4747998345967537
0.5832127699063873	-0.4747668045782543
0.5834075240133496	-0.4747336588421497
0.5836025189981193	-0.4747003970871795
0.5837977553188213	-0.4746670190116316
0.5839932334358597	-0.4746335243121768
0.5841889538106991	-0.4745999126838999
0.5843849169063505	-0.4745661838209734
0.5845811231870373	-0.4745323374162169
0.5847775731191196	-0.4744983731612032
0.5849742671697969	-0.4744642907460334
0.5851712058083040	-0.4744300898596254
0.5853683895049029	-0.4743957701891974
0.5855658187315319	-0.4743613314213362
0.5857634939619940	-0.4743267732409002
0.5859614156710369	-0.4742920953312147
0.5861595843353422	-0.4742572973748505
0.5863580004330043	-0.4742223790521219
0.5865566644437391	-0.4741873400431711
0.5867555768487108	-0.4741521800257436
0.5869547381306754	-0.4741168986766201
0.5871541487740335	-0.4740814956714237
0.5873538092645406	-0.4740459706838651
0.5875537200898606	-0.4740103233867649
0.5877538817388435	-0.4739745534513805
0.5879542947022908	-0.4739386605472929
0.5881549594726104	-0.4739026443430902
0.5883558765434462	-0.4738665045058094
0.5885570464104017	-0.4738302407008438
0.5887584695705033	-0.4737938525923738
0.5889601465225760	-0.4737573398431140
0.5891620777669776	-0.4737207021142499
0.5893642638057095	-0.4736839390656779
0.5895667051424263	-0.4736470503554501
0.5897694022824835	-0.4736100356407318
0.5899723557328911	-0.4735728945766232
0.5901755660022417	-0.4735356268173356
0.5903790336009461	-0.4734982320148782
0.5905827590409933	-0.4734607098203849
0.5907867428361607	-0.4734230598831760
0.5909909855018135	-0.4733852818510984
0.5911954875550816	-0.4733473753704902
0.5914002495148339	-0.4733093400862480
0.5916052719018097	-0.4732711756416577
0.5918105552380987	-0.4732328816781968
0.5920161000478654	-0.4731944578363049
0.5922219068568193	-0.4731559037545446
0.5924279761925993	-0.4731172190699044
0.5926343085844276	-0.4730784034176378
0.5928409045635001	-0.4730394564320723
0.5930477646626721	-0.4730003777451983
0.5932548894166256	-0.4729611669876369
0.5934622793617848	-0.4729218237886557
0.5936699350362424	-0.4728823477754351
0.5938778569803548	-0.4728427385739453
0.5940860457357906	-0.4728029958083035
0.5942945018464263	-0.4727631191011180
0.5945032258576536	-0.4727231080732115
0.5947122183169827	-0.4726829623438675
0.5949214797737006	-0.4726426815304288
0.5951310107788170	-0.4726022652488241
0.5953408118853311	-0.4725617131134594
0.5955508836481310	-0.4725210247363640
0.5957612266240692	-0.4724801997286894
0.5959718413715435	-0.4724392376992356
0.5961827284514022	-0.4723981382554330
0.5963938884258588	-0.4723569010029112
0.5966053218594085	-0.4723155255452996
0.5968170293183535	-0.4722740114848048
0.5970290113710265	-0.4722323584218494
0.5972412685873689	-0.4721905659546785
0.5974538015398826	-0.4721486336804814
0.5976666108025412	-0.4721065611939609
0.5978796969513370	-0.4720643480883812
0.5980930605644487	-0.4720219939549672
0.5983067022221765	-0.4719794983833754
0.5985206225061048	-0.4719368609612454
0.5987348220008097	-0.4718940812746250
0.5989493012922386	-0.4718511589074163
0.5991640609683885	-0.4718080934418046
0.5993791016197773	-0.4717648844580559
0.5995944238383289	-0.4717215315347195
0.5998100282184922	-0.4716780342479668
0.6000259153565504	-0.4716343921728638
0.6002420858511310	-0.4715906048818070
0.6004585403026024	-0.4715466719457340
0.6006752793136760	-0.4715025929336412
0.6008923034888987	-0.4714583674120912
0.6011096134355000	-0.4714139949463078
0.6013272097622072	-0.4713694750992631
0.6015450930801430	-0.4713248074319732
0.6017632640027644	-0.4712799915034043
0.6019817231452795	-0.4712350268706854
0.6022004711254394	-0.4711899130890027
0.6024195085629727	-0.4711446497111085
0.6026388360798608	-0.4710992362881297
0.6028584543003369	-0.4710536723689858
0.6030783638507089	-0.4710079575007216
0.6032985653596020	-0.4709620912280230
0.6035190594577611	-0.4709160730935366
0.6037398467783447	-0.4708699026381629
0.6039609279566470	-0.4708235794005990
0.6041823036303343	-0.4707771029169652
0.6044039744392106	-0.4707304727219124
0.6046259410254736	-0.4706836883475218
0.6048482040334549	-0.4706367493238057
0.6050707641099610	-0.4705896551788920
0.6052936219041277	-0.4705424054382973
0.6055167780672724	-0.4704949996258332
0.6057402332532362	-0.4704474372626908
0.6059639881179169	-0.4703997178680320
0.6061880433199462	-0.4703518409589642
0.6064123995201640	-0.4703038060500054
0.6066370573816527	-0.4702556126539476
0.6068620175701139	-0.4702072602805813
0.6070872807535820	-0.4701587484382841
0.6073128476024190	-0.4701100766323252
0.6075387187895204	-0.4700612443663703
0.6077648949902532	-0.4700122511414381
0.6079913768824735	-0.4699630964563384
0.6082181651462772	-0.4699137798072234
0.6084452604644135	-0.4698643006883513
0.6086726635222481	-0.4698146585914156
0.6089003750074364	-0.4697648530056940
0.6091283956100898	-0.4697148834182951
0.6093567260231992	-0.4696647493135082
0.6095853669419119	-0.4696144501736436
0.6098143190641782	-0.4695639854782359
0.6100435830904541	-0.4695133547046739
0.6102731597237568	-0.4694625573276659
0.6105030496696277	-0.4694115928195789
0.6107332536364078	-0.4693604606500920
0.6109637723348542	-0.4693091602869068
0.6111946064784612	-0.4692576911944353
0.6114257567833559	-0.4692060528352251
0.6116572239683494	-0.4691542446689091
0.6118890087548198	-0.4691022661526038
0.6121211118669280	-0.4690501167409765
0.6123535340315751	-0.4689977958860164
0.6125862759782432	-0.4689453030371450
0.6128193384391958	-0.4688926376411791
0.6130527221494948	-0.4688397991422641
0.6132864278468765	-0.4687867869818723
0.6135204562719373	-0.4687336005988180
0.6137548081678563	-0.4686802394293560
0.6139894842808380	-0.4686267029067256
0.6142244853598186	-0.4685729904617713
0.6144598121565296	-0.4685191015225666
0.6146954654255372	-0.4684650355142216
0.6149314459243019	-0.4684107918593670
0.6151677544131200	-0.4683563699776069
0.6154043916551484	-0.4683017692858644
0.6156413584165363	-0.4682469891982778
0.6158786554662433	-0.4681920291260291
0.6161162835761689	-0.4681368884776532
0.6163542435211722	-0.4680815666586386
0.6165925360791434	-0.4680260630716476
0.6168311620307891	-0.4679703771164898
0.6170701221599199	-0.4679145081898931
0.6173094172534268	-0.4678584556858788
0.6175490481009078	-0.4678022189954493
0.6177890154953565	-0.4677457975065314
0.6180293202325883	-0.4676891906039907
0.6182699631116580	-0.4676323976701362
0.6185109449344105	-0.4675754180836678
0.6187522665061314	-0.4675182512206619
0.6189939286349952	-0.4674608964539299
0.6192359321324256	-0.4674033531533013
0.6194782778128933	-0.4673456206853061
0.6197209664941253	-0.4672876984137077
0.6199639989968769	-0.4672295856988433
0.6202073761453446	-0.4671712818979371
0.6204510987666585	-0.4671127863651383
0.6206951676914928	-0.4670540984512762
0.6209395837535114	-0.4669952175041366
0.6211843477896405	-0.4669361428680724
0.6214294606402893	-0.4668768738843912
0.6216749231490217	-0.4668174098906715
0.6219207361627497	-0.4667577502219556
0.6221669005316379	-0.4666978942091188
0.6224134171093970	-0.4666378411805072
0.6226602867528753	-0.4665775904603972
0.6229075103225161	-0.4665171413701242
0.6231550886820700	-0.4664564932275257
0.6234030226986608	-0.4663956453469875
0.6236513132429676	-0.4663345970392753
0.6238999611889509	-0.4662733476121510
0.6241489674143476	-0.4662118963693911
0.6243983328000727	-0.4661502426115518
0.6246480582308337	-0.4660883856354265
0.6248981445946253	-0.4660263247346752
0.6251485927831452	-0.4659640591988793
0.6253994036916822	-0.4659015883143376
0.6256505782189923	-0.4658389113635547
0.6259021172676311	-0.4657760276256012
0.6261540217435527	-0.4657129363755723
0.6264062925565872	-0.4656496368852482
0.6266589306200758	-0.4655861284222713
0.6269119368512137	-0.4655224102508911
0.6271653121706539	-0.4654584816313661
0.6274190575030785	-0.4653943418203899
0.6276731737767299	-0.4653299900705354
0.6279276619236653	-0.4652654256308053
0.6281825228797854	-0.4652006477462838
0.6284377575847029	-0.4651356556579979
0.6286933669820491	-0.4650704486032636
0.6289493520191626	-0.4650050258153592
0.6292057136472451	-0.4649393865236907
0.6294624528214916	-0.4648735299534944
0.6297195705009561	-0.4648074553261630
0.6299770676487184	-0.4647411618590182
0.6302349452317439	-0.4646746487651035
0.6304932042210032	-0.4646079152537184
0.6307518455915034	-0.4645409605297732
0.6310108703222032	-0.4644737837940793
0.6312702793962703	-0.4644063842433403
0.6315300738008440	-0.4643387610700227
0.6317902545272255	-0.4642709134623969
0.6320508225706851	-0.4642028406043246
0.6323117789308654	-0.4641345416754891
0.6325731246113803	-0.4640660158513510
0.6328348606202306	-0.4639972623028019
0.6330969879694830	-0.4639282801964498
0.6333595076754831	-0.4638590686947047
0.6336224207589087	-0.4637896269551511
0.6338857282447045	-0.4637199541311806
0.6341494311619921	-0.4636500493716390
0.6344135305444722	-0.4635799118209003
0.6346780274300270	-0.4635095406185903
0.6349429228610057	-0.4634389348998633
0.6352082178841767	-0.4633680937953899
0.6354739135506537	-0.4632970164309906
0.6357400109162046	-0.4632257019278618
0.6360065110409177	-0.4631541494024703
0.6362734149894804	-0.4630823579667440
0.6365407238310833	-0.4630103267274333
0.6368084386394990	-0.4629380547868557
0.6370765604931773	-0.4628655412423981
0.6373450904750582	-0.4627927851863363
0.6376140296727782	-0.4627197857063514
0.6378833791787775	-0.4626465418849809
0.6381531400899798	-0.4625730527999299
0.6384233135082159	-0.4624993175237704
0.6386939005400074	-0.4624253351240451
0.6389649022966757	-0.4623511046631983
0.6392363198943902	-0.4622766251988182
0.6395081544540104	-0.4622018957828878
0.6397804071015309	-0.4621269154625743
0.6400530789676810	-0.4620516832796625
0.6403261711880927	-0.4619761982706337
0.6405996849035204	-0.4619004594669371
0.6408736212594887	-0.4618244658943031
0.6411479814066837	-0.4617482165734097
0.6414227665008607	-0.4616717105192723
0.6416979777028173	-0.4615949467417089
0.6419736161784154	-0.4615179242448639
0.6422496830987263	-0.4614406420275307
0.6425261796399179	-0.4613630990826884
0.6428031069834131	-0.4612852943979918
0.6430804663159088	-0.4612072269552593
0.6433582588292822	-0.4611288957306752
0.6436364857207677	-0.4610502996947634
0.6439151481928514	-0.4609714378122421
0.6441942474534803	-0.4608923090419433
0.6444737847160231	-0.4608129123370143
0.6447537611990686	-0.4607332466445966
0.6450341781268780	-0.4606533109059663
0.6453150367291047	-0.4605731040562911
0.6455963382409442	-0.4604926250249714
0.6458780839031818	-0.4604118727350931
0.6461602749621472	-0.4603308461038605
0.6464429126698622	-0.4602495440420865
0.6467259982839462	-0.4601679654545620
0.6470095330677569	-0.4600861092398597
0.6472935182903988	-0.4600039742901917
0.6475779552267221	-0.4599215594914004
0.6478628451573392	-0.4598388637231445
0.6481481893688000	-0.4597558858583786
0.6484339891534039	-0.4596726247638172
0.6487202458095215	-0.4595890792995803
0.6490069606413311	-0.4595052483192382
0.6492941349591074	-0.4594211306697372
0.6495817700790427	-0.4593367251912560
0.6498698673234929	-0.4592520307175202
0.6501584280208555	-0.4591670460752520
0.6504474535056528	-0.4590817700844836
0.6507369451186658	-0.4589962015583165
0.6510269042068123	-0.4589103393030092
0.6513173321233148	-0.4588241821178248
0.6516082302276202	-0.4587377287950079
0.6518995998856154	-0.4586509781197463
0.6521914424694961	-0.4585639288700948
0.6524837593578569	-0.4584765798168539
0.6527765519358428	-0.4583889297237593
0.6530698215949320	-0.4583009773471931
0.6533635697333343	-0.4582127214360630
0.6536577977557383	-0.4581241607321432
0.6539525070734220	-0.4580352939695432
0.6542476991044143	-0.4579461198749283
0.6545433752734227	-0.4578566371673860
0.6548395370118856	-0.4577668445584865
0.6551361857580681	-0.4576767407519405
0.6554333229570514	-0.4575863244438715
0.6557309500608302	-0.4574955943225076
0.6560290685282781	-0.4574045490682429
0.6563276798253259	-0.4573131873535898
0.6566267854248345	-0.4572215078431104
0.6569263868067988	-0.4571295091931530
0.6572264854582848	-0.4570371900521084
0.6575270828735444	-0.4569445490601677
0.6578281805539887	-0.4568515848493391
0.6581297800083536	-0.4567582960432369
0.6584318827526435	-0.4566646812571399
0.6587344903102373	-0.4565707390979923
0.6590376042118234	-0.4564764681640919
0.6593412259956243	-0.4563818670453589
0.6596453572073719	-0.4562869343229560
0.6599499994002486	-0.4561916685693188
0.6602551541351479	-0.4560960683482880
0.6605608229804493	-0.4560001322147339
0.6608670075124855	-0.4559038587146842
0.6611737093151154	-0.4558072463851799
0.6614809299801203	-0.4557102937541927
0.6617886711070363	-0.4556129993405962
0.6620969343033805	-0.4555153616541472
0.6624057211846648	-0.4554173791952407
0.6627150333743282	-0.4553190504549182
0.6630248725039553	-0.4552203739149351
0.6633352402131799	-0.4551213480474881
0.6636461381499169	-0.4550219713151973
0.6639575679701787	-0.4549222421709938
0.6642695313384250	-0.4548221590582208
0.6645820299273196	-0.4547217204104100
0.6648950654180807	-0.4546209246510065
0.6652086395002450	-0.4545197701938113
0.6655227538719742	-0.4544182554423146
0.6658374102399622	-0.4543163787900900
0.6661526103195551	-0.4542141386203684
0.6664683558348314	-0.4541115333061354
0.6667846485185311	-0.4540085612100515
0.6671014901123558	-0.4539052206842448
0.6674188823667542	-0.4538015100703896
0.6677368270412454	-0.4536974276994470
0.6680553259042609	-0.4535929718916530
0.6683743807333475	-0.4534881409565517
0.6686939933151331	-0.4533829331926745
0.6690141654455189	-0.4532773468875583
0.6693348989296677	-0.4531713803177675
0.6696561955819765	-0.4530650317486028
0.6699780572263564	-0.4529582994341555
0.6703004856960609	-0.4528511816170216
0.6706234828340086	-0.4527436765285450
0.6709470504925616	-0.4526357823883976
0.6712711905338929	-0.4525274974045932
0.6715959048297697	-0.4524188197734056
0.6719211952618763	-0.4523097476793738
0.6722470637217611	-0.4522002792948588
0.6725735121107904	-0.4520904127803089
0.6729005423405314	-0.4519801462840458
0.6732281563325135	-0.4518694779420841
0.6735563560184221	-0.4517584058780720
0.6738851433402830	-0.4516469282031789
0.6742145202503506	-0.4515350430160346
0.6745444887112346	-0.4514227484025529
0.6748750506960833	-0.4513100424358186
0.6752062081885601	-0.4511969231760658
0.6755379631828710	-0.4510833886705127
0.6758703176840565	-0.4509694369532398
0.6762032737077742	-0.4508550660449377
0.6765368332806555	-0.4507402739531690
0.6768709984401299	-0.4506250586719036
0.6772057712347758	-0.4505094181814583
0.6775411537241718	-0.4503933504485289
0.6778771479790910	-0.4502768534259094
0.6782137560815901	-0.4501599250524678
0.6785509801250414	-0.4500425632529029
0.6788888222142324	-0.4499247659378935
0.6792272844654900	-0.4498065310036007
0.6795663690067401	-0.4496878563317280
0.6799060779775499	-0.4495687397895011
0.6802464135293059	-0.4494491792293288
0.6805873778252124	-0.4493291724888909
0.6809289730405186	-0.4492087173906186
0.6812712013623931	-0.4490878117420959
0.6816140649902217	-0.4489664533354870
0.6819575661355538	-0.4488446399476463
0.6823017070223342	-0.4487223693398318
0.6826464898868743	-0.4485996392576391
0.6829919169779972	-0.4484764474308218
0.6833379905571270	-0.4483527915731705
0.6836847128983921	-0.4482286693824278
0.6840320862887243	-0.4481040785399569
0.6843801130279497	-0.4479790167108519
0.6847287954289210	-0.4478534815435531
0.6850781358175595	-0.4477274706697766
0.6854281365329683	-0.4476009817044564
0.6857787999276270	-0.4474740122453382
0.6861301283673245	-0.4473465598732516
0.6864821242314474	-0.4472186221513998
0.6868347899129690	-0.4470901966256925
0.6871881278185632	-0.4469612808242297
0.6875421403687880	-0.4468318722573221
0.6878968299981255	-0.4467019684173716
0.6882521991550817	-0.4465715667784890
0.6886082503023608	-0.4464406647964618
0.6889649859169653	-0.4463092599085963
0.6893224084902301	-0.4461773495334928
0.6896805205280163	-0.4460449310709636
0.6900393245508700	-0.4459120019015699
0.6903988230939540	-0.4457785593868607
0.6907590187074142	-0.4456446008688144
0.6911199139563533	-0.4455101236698953
0.6914815114208692	-0.4453751250927623
0.6918438136964163	-0.4452396024200815
0.6922068233936782	-0.4451035529143735
0.6925705431389038	-0.4449669738177464
0.6929349755738939	-0.4448298623517614
0.6933001233561943	-0.4446922157172114
0.6936659891591462	-0.4445540310939582
0.6940325756721414	-0.4444153056406345
0.6943998856006377	-0.4442760364945528
0.6947679216663571	-0.4441362207713718
0.6951366866074548	-0.4439958555649895
0.6955061831784642	-0.4438549379472771
0.6958764141507279	-0.4437134649678776
0.6962473823122914	-0.4435714336539418
0.6966190904681437	-0.4434288410100162
0.6969915414403794	-0.4432856840176237
0.6973647380682521	-0.4431419596352687
0.6977386832084732	-0.4429976647979837
0.6981133797351425	-0.4428527964173682
0.6984888305401178	-0.4427073513810134
0.6988650385329530	-0.4425613265525105
0.6992420066413080	-0.4424147187711236
0.6996197378108054	-0.4422675248515239
0.6999982350054240	-0.4421197415836203
0.7003775012074961	-0.4419713657321506
0.7007575394180157	-0.4418223940366748
0.7011383526565758	-0.4416728232110663
0.7015199439618280	-0.4415226499433557
0.7019023163913578	-0.4413718708954771
0.7022854730220526	-0.4412204827029835
0.7026694169501398	-0.4410684819747953
0.7030541512914307	-0.4409158652928488
0.7034396791814824	-0.4407626292119458
0.7038260037757196	-0.4406087702592632
0.7042131282496806	-0.4404542849343656
0.7046010557990832	-0.4402991697086402
0.7049897896401662	-0.4401434210251335
0.7053793330097289	-0.4399870352981881
0.7057696891653911	-0.4398300089132040
0.7061608613857229	-0.4396723382263730
0.7065528529704426	-0.4395140195642256
0.7069456672406865	-0.4393550492233948
0.7073393075390401	-0.4391954234703580
0.7077337772299054	-0.4390351385409597
0.7081290796995943	-0.4388741906402518
0.7085252183565166	-0.4387125759420190
0.7089221966314186	-0.4385502905886198
0.7093200179775927	-0.4383873306904175
0.7097186858710626	-0.4382236923256463
0.7101182038107495	-0.4380593715399317
0.7105185753188117	-0.4378943643459240
0.7109198039406684	-0.4377286667230676
0.7113218932453673	-0.4375622746171565
0.7117248468257222	-0.4373951839399137
0.7121286682985654	-0.4372273905686689
0.7125333613049962	-0.4370588903460672
0.7129389295104800	-0.4368896790794748
0.7133453766052572	-0.4367197525407822
0.7137527063043927	-0.4365491064659943
0.7141609223481683	-0.4363777365546587
0.7145700285021976	-0.4362056384696008
0.7149800285577447	-0.4360328078365730
0.7153909263318841	-0.4358592402436754
0.7158027256678287	-0.4356849312409576
0.7162154304351400	-0.4355098763401576
0.7166290445299180	-0.4353340710140986
0.7170435718751895	-0.4351575106961860
0.7174590164210303	-0.4349801907802513
0.7178753821449236	-0.4348021066198243
0.7182926730519504	-0.4346232535276974
0.7187108931750579	-0.4344436267756944
0.7191300465753946	-0.4342632215938008
0.7195501373425340	-0.4340820331701202
0.7199711695947085	-0.4339000566500546
0.7203931474792290	-0.4337172871358868
0.7208160751725756	-0.4335337196864626
0.7212399568808230	-0.4333493493164086
0.7216647968398934	-0.4331641709957961
0.7220905993158516	-0.4329781796495710
0.7225173686051510	-0.4327913701569851
0.7229451090349985	-0.4326037373511117
0.7233738249636537	-0.4324152760182473
0.7238035207807021	-0.4322259808973890
0.7242342009074120	-0.4320358466796703
0.7246658697969576	-0.4318448680077541
0.7250985319348686	-0.4316530394753171
0.7255321918392540	-0.4314603556263656
0.7259668540611716	-0.4312668109547290
0.7264025231849970	-0.4310723999033233
0.7268392038286231	-0.4308771168637802
0.7272769006439983	-0.4306809561755204
0.7277156183173196	-0.4304839121253211
0.7281553615694506	-0.4302859789465655
0.7285961351562468	-0.4300871508186923
0.7290379438688847	-0.4298874218664160
0.7294807925343741	-0.4296867861590942
0.7299246860157429	-0.4294852377100826
0.7303696292125160	-0.4292827704759655
0.7308156270610620	-0.4290793783559091
0.7312626845349797	-0.4288750551909332
0.7317108066454895	-0.4286697947630776
0.7321599984418367	-0.4284635907948615
0.7326102650116959	-0.4282564369483612
0.7330616114815396	-0.4280483268244477
0.7335140430171011	-0.4278392539621981
0.7339675648237173	-0.4276292118378229
0.7344221821468452	-0.4274181938640998
0.7348779002724091	-0.4272061933894106
0.7353347245272914	-0.4269932036970002
0.7357926602797058	-0.4267792180040889
0.7362517129397417	-0.4265642294610288
0.7367118879597022	-0.4263482311504703
0.7371731908346340	-0.4261312160864039
0.7376356271028479	-0.4259131772132664
0.7380992023461626	-0.4256941074051757
0.7385639221906760	-0.4254739994648107
0.7390297923070480	-0.4252528461225760
0.7394968184110670	-0.4250306400355789
0.7399650062641525	-0.4248073737867463
0.7404343616737910	-0.4245830398837476
0.7409048904941554	-0.4243576307580553
0.7413765986265610	-0.4241311387638412
0.7418494920199645	-0.4239035561769737
0.7423235766715802	-0.4236748751940341
0.7427988586273393	-0.4234450879311090
0.7432753439825129	-0.4232141864227595
0.7437530388822194	-0.4229821626209606
0.7442319495220212	-0.4227490083938255
0.7447120821484456	-0.4225147155246371
0.7451934430596761	-0.4222792757104945
0.7456760386060195	-0.4220426805612527
0.7461598751905707	-0.4218049215982516
0.7466449592698663	-0.4215659902531207
0.7471312973543791	-0.4213258778664117
0.7476188960092727	-0.4210845756865044
0.7481077618549722	-0.4208420748681370
0.7485979015678124	-0.4205983664712091
0.7490893218807236	-0.4203534414593325
0.7495820295838730	-0.4201072906985149
0.7500760315253312	-0.4198599049557935
0.7505713346118171	-0.4196112748977537
0.7510679458093257	-0.4193613910890426
0.7515658721438553	-0.4191102439910878
0.7520651207021820	-0.4188578239604169
0.7525656986324858	-0.4186041212471904
0.7530676131452166	-0.4183491259936244
0.7535708715137325	-0.4180928282324964
0.7540754810751399	-0.4178352178854001
0.7545814492310191	-0.4175762847612370
0.7550887834482812	-0.4173160185544479
0.7555974912598867	-0.4170544088434015
0.7561075802657262	-0.4167914450885102
0.7566190581333884	-0.4165271166306775
0.7571319325990963	-0.4162614126893231
0.7576462114684269	-0.4159943223606027
0.7581619026172873	-0.4157258346155911
0.7586790139927705	-0.4154559382983153
0.7591975536140151	-0.4151846221238319
0.7597175295731388	-0.4149118746763125
0.7602389500361852	-0.4146376844068337
0.7607618232440424	-0.4143620396316398
0.7612861575133897	-0.4140849285297726
0.7618119612376731	-0.4138063391410375
0.7623392428881087	-0.4135262593638720
0.7628680110146758	-0.4132446769530528
0.7633982742471505	-0.4129615795175033
0.7639300412961106	-0.4126769545178995
0.7644633209540243	-0.4123907892644140
0.7649981220963197	-0.4121030709142345
0.7655344536824489	-0.4118137864691966
0.7660723247570240	-0.4115229227732488
0.7666117444509569	-0.4112304665098245
0.7671527219825572	-0.4109364041994051
0.7676952666587382	-0.4106407221967922
0.7682393878762103	-0.4103434066883386
0.7687850951226852	-0.4100444436892789
0.7693323979780781	-0.4097438190408829
0.7698813061157644	-0.4094415184075737
0.7704318293038944	-0.4091375272740183
0.7709839774066489	-0.4088318309420826
0.7715377603855788	-0.4085244145278255
0.7720931883008944	-0.4082152629583181
0.7726502713129338	-0.4079043609685193
0.7732090196834542	-0.4075916930979809
0.7737694437770700	-0.4072772436875818
0.7743315540627564	-0.4069609968759224
0.7748953611152132	-0.4066429365962024
0.7754608756164443	-0.4063230465723614
0.7760281083572401	-0.4060013103156250
0.7765970702386963	-0.4056777111207653
0.7771677722738807	-0.4053522320622744
0.7777402255893352	-0.4050248559905908
0.7783144414267923	-0.4046955655280774
0.7788904311447720	-0.4043643430650062
0.7794682062203413	-0.4040311707554341
0.7800477782508228	-0.4036960305129697
0.7806291589555199	-0.4033589040065004
0.7812123601775681	-0.4030197726557342
0.7817973938857213	-0.4026786176267046
0.7823842721762474	-0.4023354198271578
0.7829730072748000	-0.4019901599018818
0.7835636115383893	-0.4016428182277541
0.7841560974573171	-0.4012933749089240
0.7847504776572178	-0.4009418097717501
0.7853467649011069	-0.4005881023595082
0.7859449720914673	-0.4002322319272681
0.7865451122723419	-0.3998741774363770
0.7871471986316416	-0.3995139175488588
0.7877512445031809	-0.3991514306219157
0.7883572633691005	-0.3987866947019495
0.7889652688620759	-0.3984196875186603
0.7895752747677111	-0.3980503864789744
0.7901872950269768	-0.3976787686608326
0.7908013437385664	-0.3973048108066658
0.7914174351615005	-0.3969284893169872
0.7920355837176110	-0.3965497802436068
0.7926558039941964	-0.3961686592827582
0.7932781107466438	-0.3957851017680730
0.7939025189011796	-0.3953990826632885
0.7945290435575932	-0.3950105765549710
0.7951576999921522	-0.3946195576447903
0.7957885036603719	-0.3942259997417698
0.7964214702001077	-0.3938298762543544
0.7970566154344579	-0.3934311601822035
0.7976939553748876	-0.3930298241076942
0.7983335062243937	-0.3926258401874756
0.7989752843807070	-0.3922191801434561
0.7996193064395455	-0.3918098152538345
0.8002655891980149	-0.3913977163437603
0.8009141496580315	-0.3909828537757819
0.8015650050297936	-0.3905651974400145
0.8022181727354296	-0.3901447167440720
0.8028736704125821	-0.3897213806027423
0.8035315159182433	-0.3892951574273151
0.8041917273325366	-0.3888660151147365
0.8048543229625861	-0.3884339210363322
0.8055193213466535	-0.3879988420262897
0.8061867412581243	-0.3875607443698732
0.8068566017097446	-0.3871195937912087
0.8075289219579225	-0.3866753554407357
0.8082037215070933	-0.3862279938824851
0.8088810201142104	-0.3857774730806728
0.8095608377934173	-0.3853237563862424
0.8102431948206339	-0.3848668065227701
0.8109281117384906	-0.3844065855721672
0.8116156093611855	-0.3839430549597773
0.8123057087795950	-0.3834761754391709
0.8129984313664261	-0.3830059070764990
0.8136937987815012	-0.3825322092342807
0.8143918329772074	-0.3820550405547474
0.8150925562041041	-0.3815743589428027
0.8157959910165640	-0.3810901215483088
0.8165021602786202	-0.3806022847479510
0.8172110871700119	-0.3801108041264484
0.8179227951922980	-0.3796156344573337
0.8186373081751477	-0.3791167296829703
0.8193546502827993	-0.3786140428941347
0.8200748460207005	-0.3781075263087464
0.8207979202423169	-0.3775971312501522
0.8215238981560447	-0.3770828081245120
0.8222528053324148	-0.3765645063977190
0.8229846677114520	-0.3760421745712472
0.8237195116101170	-0.3755157601576319
0.8244573637301601	-0.3749852096546903
0.8251982511659570	-0.3744504685192857
0.8259422014127736	-0.3739114811400773
0.8266892423750083	-0.3733681908093038
0.8274394023749331	-0.3728205396937505
0.8281927101614073	-0.3722684688046814
0.8289491949190488	-0.3717119179667429
0.8297088862775476	-0.3711508257857900
0.8304718143212539	-0.3705851296156928
0.8312380095990223	-0.3700147655239625
0.8320075031343730	-0.3694396682561082
0.8327803264359389	-0.3688597711988291
0.8335565115082645	-0.3682750063419032
0.8343360908626299	-0.3676853042386554
0.8351190975286580	-0.3670905939650786
0.8359055650658738	-0.3664908030774763
0.8366955275757904	-0.3658858575685101
0.8374890197143020	-0.3652756818216509
0.8382860767044154	-0.3646601985640283
0.8390867343494444	-0.3640393288174414
0.8398910290465803	-0.3634129918475232
0.8406989978007651	-0.3627811051110502
0.8415106782391444	-0.3621435842012171
0.8423261086259258	-0.3615003427908209
0.8431453278776505	-0.3608512925732124
0.8439683755789245	-0.3601963432009039
0.8447952919987605	-0.3595354022220188
0.8456261181073840	-0.3588683750137764
0.8464608955935220	-0.3581951647137736
0.8472996668823096	-0.3575156721481768
0.8481424751537848	-0.3568297957571810
0.8489893643619753	-0.3561374315172875
0.8498403792545739	-0.3554384728604299
0.8506955653933843	-0.3547328105898059
0.8515549691753498	-0.3540203327919386
0.8524186378542508	-0.3533009247452883
0.8532866195633650	-0.3525744688247009
0.8541589633386348	-0.3518408444019180
0.8550357191428487	-0.3510999277416409
0.8559169378905028	-0.3503515918930503
0.8568026714737054	-0.3495957065764967
0.8576929727888739	-0.3488321380652093
0.8585878957644048	-0.3480607490613616
0.8594874953894521	-0.3472813985669854
0.8603918277436036	-0.3464939417483616
0.8613009500277827	-0.3456982297944957
0.8622149205961605	-0.3448941097688409
0.8631337989894518	-0.3440814244538346
0.8640576459692529	-0.3432600121881859
0.8649865235537998	-0.3424297066961345
0.8659204950552122	-0.3415903369084959
0.8668596251179224	-0.3407417267746530
0.8678039797588408	-0.3398836950653289
0.8687536264089976	-0.3390160551653799
0.8697086339568482	-0.3381386148558962
0.8706690727934548	-0.3372511760852378
0.8716350148591989	-0.3363535347280388
0.8726065336928726	-0.3354454803313976
0.8735837044823757	-0.3345267958477767
0.8745666041177419	-0.3335972573533183
0.8755553112464134	-0.3326566337509383
0.8765499063308733	-0.3317046864569193
0.8775504717087038	-0.3307411690700125
0.8785570916553296	-0.3297658270220267
0.8795698524495017	-0.3287783972083314
0.8805888424417492	-0.3277786075969822
0.8816141521258264	-0.3267661768150015
0.8826458742135658	-0.3257408137101213
0.8836841037129928	-0.3247022168863462
0.8847289380102704	-0.3236500742110659
0.8857804769553812	-0.3225840622920370
0.8868388229519568	-0.3215038459216854
0.8879040810514109	-0.3204090774861832
0.8889763590517347	-0.3192993963369471
0.8900557676010867	-0.3181744281210380
0.8911424203066864	-0.3170337840675848
0.8922364338490882	-0.3158770602270103
0.8933379281024323	-0.3147038366578297
0.8944470262609072	-0.3135136765586833
0.8955638549719009	-0.3123061253392311
0.8966885444762320	-0.3110807096254757
0.8978212287559708	-0.3098369361939131
0.8989620456903965	-0.3085742908277989
0.9001111372205802	-0.3072922370888381
0.9012686495234040	-0.3059902149967631
0.9024347331952091	-0.3046676396075618
0.9036095434467202	-0.3033238994819126
0.9047932403086900	-0.3019583550324244
0.9059859888505446	-0.3005703367381874
0.9071879594120374	-0.2991591432139578
0.9083993278491362	-0.2977240391183525
0.9096202757957125	-0.2962642528860296
0.9108509909416753	-0.2947789742638201
0.9120916673292514	-0.2932673516315089
0.9133425056691583	-0.2917284890831301
0.9146037136778410	-0.2901614432423309
0.9158755064378936	-0.2885652197827835
0.9171581067840405	-0.2869387696185683
0.9184517457164962	-0.2852809847270512
0.9197566628446010	-0.2835906935597500
0.9210731068635041	-0.2818666559911753
0.9224013360674219	-0.2801075577480664
0.9237416189026397	-0.2783120042528139
0.9250942345650223	-0.2764785138046979
0.9264594736463075	-0.2746055100113106
0.9278376388348689	-0.2726913133665479
0.9292290456769617	-0.2707341318577539
0.9306340234054749	-0.2687320504611342
0.9320529158447987	-0.2666830193635987
0.9334860824007996	-0.2645848407182376
0.9349338991474118	-0.2624351537065794
0.9363967600227026	-0.2602314176384941
0.9378750781501153	-0.2579708927688638
0.9393692873028804	-0.2556506184455112
0.9408798435338875	-0.2532673881266638
0.9424072269977095	-0.2508177207072544
0.9439519439968079	-0.2482978274727785
0.9455145292919087	-0.2457035738462250
0.9470955487259131	-0.2430304349019715
0.9486956022228631	-0.2402734433718638
0.9503153272399543	-0.2374271285543851
0.9519554027728178	-0.2344854441260496
0.9536165540425751	-0.2314416823182963
0.9552995580345340	-0.2282883712135260
0.9570052501126329	-0.2250171509690264
0.9587345320121078	-0.2216186234999929
0.9604883816230396	-0.2180821684108664
0.9622678651367894	-0.2143957155486758
0.9640741523633037	-0.2105454611665999
0.9659085363750652	-0.2065155098507893
0.9677724591706590	-0.2022874173528925
0.9696675458798932	-0.1978395990983157
0.9715956513538602	-0.1931465534722617
0.9735589251366207	-0.1881778247502744
0.9755599044183032	-0.1828965920357311
0.9776016507911213	-0.1772577075137201
0.9796879577378103	-0.1712049004242483
0.9818236764293641	-0.1646666744317724
0.9840152476000079	-0.1575500767581544
0.9862716100074949	-0.1497308333048194
0.9886058384734171	-0.1410369090024025
0.9910383039599343	-0.1312192760707497
0.9936033358582853	-0.1198953440956316
0.9963651010812791	-0.1064262156268623
0.9994619395233054	-0.0896052931214767
1.0031498091520796	-0.0667355513125924
