0.3736716844180411	-0.0889623156889350
0.3736088461866536	-0.0889633075360958
0.3735460975644279	-0.0889642872193353
0.3734834384210612	-0.0889652547557917
0.3734208686266186	-0.0889662101624860
0.3733583880515666	-0.0889671534563563
0.3732959965667488	-0.0889680846542372
0.3732336940433961	-0.0889690037728731
0.3731714803531264	-0.0889699108289071
0.3731093553679339	-0.0889708058388874
0.3730473189601937	-0.0889716888192686
0.3729853710026657	-0.0889725597864088
0.3729235113684790	-0.0889734187565712
0.3728617399311492	-0.0889742657459232
0.3728000565645577	-0.0889751007705378
0.3727384611429719	-0.0889759238463989
0.3726769535410194	-0.0889767349893927
0.3726155336337082	-0.0889775342153065
0.3725542012964193	-0.0889783215398431
0.3724929564048882	-0.0889790969786138
0.3724317988352037	-0.0889798605471141
0.3723707284638978	-0.0889806122607829
0.3723097451677924	-0.0889813521349443
0.3722488488241010	-0.0889820801848342
0.3721880393103995	-0.0889827964255993
0.3721273165046181	-0.0889835008722909
0.3720666802850622	-0.0889841935398764
0.3720061305303849	-0.0889848744432233
0.3719456671196041	-0.0889855435971137
0.3718852899320914	-0.0889862010162407
0.3718249988475412	-0.0889868467151939
0.3717647937461014	-0.0889874807085010
0.3717046745081827	-0.0889881030105738
0.3716446410145758	-0.0889887136357460
0.3715846931464294	-0.0889893125982596
0.3715248307852304	-0.0889898999122708
0.3714650538128261	-0.0889904755918402
0.3714053621114131	-0.0889910396509539
0.3713457555635320	-0.0889915921034939
0.3712862340520555	-0.0889921329632611
0.3712267974602023	-0.0889926622439635
0.3711674456715881	-0.0889931799592367
0.3711081785701051	-0.0889936861226164
0.3710489960400198	-0.0889941807475528
0.3709898979659248	-0.0889946638474106
0.3709308842327711	-0.0889951354354714
0.3708719547258207	-0.0889955955249255
0.3708131093307071	-0.0889960441288801
0.3707543479333680	-0.0889964812603533
0.3706956704201014	-0.0889969069322840
0.3706370766774925	-0.0889973211575085
0.3705785665925447	-0.0889977239488040
0.3705201400525301	-0.0889981153188517
0.3704617969450553	-0.0889984952802370
0.3704035371580791	-0.0889988638454748
0.3703453605798753	-0.0889992210269922
0.3702872670990431	-0.0889995668371289
0.3702292566045256	-0.0889999012881421
0.3701713289855692	-0.0890002243922117
0.3701134841317651	-0.0890005361614183
0.3700557219329877	-0.0890008366077698
0.3699980422795148	-0.0890011257432029
0.3699404450618734	-0.0890014035795484
0.3698829301709436	-0.0890016701285725
0.3698254974979112	-0.0890019254019472
0.3697681469342912	-0.0890021694112665
0.3697108783719096	-0.0890024021680468
0.3696536917029150	-0.0890026236837172
0.3695965868197617	-0.0890028339696232
0.3695395636152356	-0.0890030330370340
0.3694826219824051	-0.0890032208971365
0.3694257618147094	-0.0890033975610361
0.3693689830058456	-0.0890035630397571
0.3693122854498390	-0.0890037173442426
0.3692556690410371	-0.0890038604853581
0.3691991336740750	-0.0890039924738808
0.3691426792439150	-0.0890041133205179
0.3690863056458164	-0.0890042230358926
0.3690300127753517	-0.0890043216305434
0.3689738005283887	-0.0890044091149403
0.3689176688010829	-0.0890044854994579
0.3688616174899598	-0.0890045507944089
0.3688056464917865	-0.0890046050100164
0.3687497557036480	-0.0890046481564277
0.3686939450229333	-0.0890046802437078
0.3686382143473285	-0.0890047012818481
0.3685825635748246	-0.0890047112807627
0.3685269926036994	-0.0890047102502804
0.3684715013325360	-0.0890046982001593
0.3684160896602172	-0.0890046751400779
0.3683607574858914	-0.0890046410796208
0.3683055047090666	-0.0890045960283282
0.3682503312294868	-0.0890045399956377
0.3681952369472075	-0.0890044729909112
0.3681402217625762	-0.0890043950234499
0.3680852855762296	-0.0890043061024587
0.3680304282890947	-0.0890042062370720
0.3679756498023919	-0.0890040954363588
0.3679209500176321	-0.0890039737092938
0.3678663288365955	-0.0890038410647923
0.3678117861613554	-0.0890036975116705
0.3677573218943051	-0.0890035430586966
0.3677029359380818	-0.0890033777145475
0.3676486281956255	-0.0890032014878261
0.3675943985701533	-0.0890030143870580
0.3675402469651618	-0.0890028164206959
0.3674861732844410	-0.0890026075971208
0.3674321774320542	-0.0890023879246301
0.3673782593123536	-0.0890021574114553
0.3673244188299393	-0.0890019160657472
0.3672706558897290	-0.0890016638955738
0.3672169703969100	-0.0890014009089520
0.3671633622569293	-0.0890011271138047
0.3671098313755217	-0.0890008425179869
0.3670563776586986	-0.0890005471292769
0.3670030010127434	-0.0890002409553829
0.3669497013442032	-0.0889999240039375
0.3668964785599168	-0.0889995962824972
0.3668433325669805	-0.0889992577985522
0.3667902632727697	-0.0889989085595044
0.3667372705849112	-0.0889985485726962
0.3666843544113434	-0.0889981778453950
0.3666315146602374	-0.0889977963847888
0.3665787512400420	-0.0889974041979982
0.3665260640594756	-0.0889970012920695
0.3664734530275219	-0.0889965876739747
0.3664209180534315	-0.0889961633506144
0.3663684590467183	-0.0889957283288185
0.3663160759171620	-0.0889952826153402
0.3662637685748036	-0.0889948262168603
0.3662115369299395	-0.0889943591399893
0.3661593808931593	-0.0889938813912729
0.3661073003752798	-0.0889933929771724
0.3660552952873926	-0.0889928939040844
0.3660033655408487	-0.0889923841783326
0.3659515110472584	-0.0889918638061695
0.3658997317184841	-0.0889913327937718
0.3658480274666583	-0.0889907911472534
0.3657963982041585	-0.0889902388726566
0.3657448438436247	-0.0889896759759333
0.3656933642979308	-0.0889891024629886
0.3656419594802571	-0.0889885183396417
0.3655906293039973	-0.0889879236116560
0.3655393736828018	-0.0889873182847010
0.3654881925305848	-0.0889867023643958
0.3654370857615012	-0.0889860758562837
0.3653860532899674	-0.0889854387658335
0.3653350950306461	-0.0889847910984452
0.3652842108984532	-0.0889841328594512
0.3652334008085467	-0.0889834640541099
0.3651826646763225	-0.0889827846876070
0.3651320024174621	-0.0889820947650712
0.3650814139478666	-0.0889813942915477
0.3650308991836799	-0.0889806832720168
0.3649804580413078	-0.0889799617113864
0.3649300904373912	-0.0889792296145060
0.3648797962888126	-0.0889784869861423
0.3648295755127085	-0.0889777338309925
0.3647794280264506	-0.0889769701536962
0.3647293537476566	-0.0889761959588103
0.3646793525941715	-0.0889754112508339
0.3646294244841168	-0.0889746160341880
0.3645795693358244	-0.0889738103132327
0.3645297870678699	-0.0889729940922507
0.3644800775990782	-0.0889721673754592
0.3644304408485023	-0.0889713301670111
0.3643808767354421	-0.0889704824709809
0.3643313851794225	-0.0889696242913857
0.3642819661002283	-0.0889687556321672
0.3642326194178424	-0.0889678764972024
0.3641833450525124	-0.0889669868902845
0.3641341429247245	-0.0889660868151628
0.3640850129551791	-0.0889651762755072
0.3640359550648201	-0.0889642552749106
0.3639869691748284	-0.0889633238169158
0.3639380552066034	-0.0889623819049761
0.3638892130817888	-0.0889614295424978
0.3638404427222546	-0.0889604667328015
0.3637917440500976	-0.0889594934791554
0.3637431169876550	-0.0889585097847515
0.3636945614574652	-0.0889575156527044
0.3636460773823408	-0.0889565110860828
0.3635976646852942	-0.0889554960878711
0.3635493232895566	-0.0889544706609918
0.3635010531186047	-0.0889534348083010
0.3634528540961364	-0.0889523885325817
0.3634047261460705	-0.0889513318365589
0.3633566691925516	-0.0889502647228806
0.3633086831599446	-0.0889491871941328
0.3632607679728624	-0.0889480992528289
0.3632129235560930	-0.0889470009014267
0.3631651498347033	-0.0889458921423035
0.3631174467339410	-0.0889447729777762
0.3630698141792962	-0.0889436434100932
0.3630222520964717	-0.0889425034414385
0.3629747604113878	-0.0889413530739218
0.3629273390501958	-0.0889401923095972
0.3628799879392529	-0.0889390211504421
0.3628327070051403	-0.0889378395983701
0.3627854961746639	-0.0889366476552257
0.3627383553748227	-0.0889354453227914
0.3626912845328703	-0.0889342326027875
0.3626442835762536	-0.0889330094968498
0.3625973524326395	-0.0889317760065677
0.3625504910298999	-0.0889305321334484
0.3625036992961416	-0.0889292778789412
0.3624569771596708	-0.0889280132444275
0.3624103245490073	-0.0889267382312234
0.3623637413928897	-0.0889254528405737
0.3623172276202733	-0.0889241570736615
0.3622707831602976	-0.0889228509315900
0.3622244079423653	-0.0889215344154231
0.3621781018960393	-0.0889202075261360
0.3621318649511215	-0.0889188702646444
0.3620856970376115	-0.0889175226318003
0.3620395980857259	-0.0889161646283819
0.3619935680258831	-0.0889147962551117
0.3619476067887114	-0.0889134175126365
0.3619017143050466	-0.0889120284015417
0.3618558905059417	-0.0889106289223448
0.3618101353226252	-0.0889092190754963
0.3617644486865842	-0.0889077988613893
0.3617188305294674	-0.0889063682803402
0.3616732807831395	-0.0889049273325961
0.3616277993796817	-0.0889034760183522
0.3615823862513619	-0.0889020143377313
0.3615370413306710	-0.0889005422907831
0.3614917645502743	-0.0888990598775031
0.3614465558430763	-0.0888975670978109
0.3614014151421522	-0.0888960639515752
0.3613563423807900	-0.0888945504385634
0.3613113374924901	-0.0888930265585243
0.3612664004109397	-0.0888914923111078
0.3612215310700266	-0.0888899476959153
0.3611767294038521	-0.0888883927124655
0.3611319953466929	-0.0888868273602283
0.3610873288330464	-0.0888852516385987
0.3610427297975934	-0.0888836655468995
0.3609981981752170	-0.0888820690844023
0.3609537339010052	-0.0888804622503084
0.3609093369102205	-0.0888788450437407
0.3608650071383593	-0.0888772174637770
0.3608207445210802	-0.0888755795094100
0.3607765489942458	-0.0888739311795778
0.3607324204939227	-0.0888722724731493
0.3606883589563584	-0.0888706033889359
0.3606443643180091	-0.0888689239256626
0.3606004365155103	-0.0888672340820039
0.3605565754856981	-0.0888655338565716
0.3605127811655996	-0.0888638232479035
0.3604690534924206	-0.0888621022544728
0.3604253924035927	-0.0888603708746810
0.3603817978367090	-0.0888586291068822
0.3603382697295580	-0.0888568769493418
0.3602948080201307	-0.0888551144002814
0.3602514126465872	-0.0888533414578378
0.3602080835472977	-0.0888515581200917
0.3601648206608079	-0.0888497643850568
0.3601216239258625	-0.0888479602506722
0.3600784932813740	-0.0888461457148308
0.3600354286664579	-0.0888443207753368
0.3599924300204319	-0.0888424854299425
0.3599494972827713	-0.0888406396763340
0.3599066303931492	-0.0888387835121303
0.3598638292914315	-0.0888369169348716
0.3598210939176537	-0.0888350399420514
0.3597784242120471	-0.0888331525310809
0.3597358201150305	-0.0888312546993193
0.3596932815671958	-0.0888293464440498
0.3596508085093260	-0.0888274277624956
0.3596084008823797	-0.0888254986517995
0.3595660586275168	-0.0888235591090617
0.3595237816860574	-0.0888216091312964
0.3594815699995134	-0.0888196487154647
0.3594394235095824	-0.0888176778584475
0.3593973421581284	-0.0888156965570799
0.3593553258872145	-0.0888137048081030
0.3593133746390685	-0.0888117026082168
0.3592714883561089	-0.0888096899540399
0.3592296669809236	-0.0888076668421363
0.3591879104562909	-0.0888056332689889
0.3591462187251544	-0.0888035892310236
0.3591045917306548	-0.0888015347245991
0.3590630294160821	-0.0887994697460104
0.3590215317249332	-0.0887973942914754
0.3589800986008698	-0.0887953083571511
0.3589387299877170	-0.0887932119391340
0.3588974258294991	-0.0887911050334418
0.3588561860703983	-0.0887889876360435
0.3588150106547781	-0.0887868597428180
0.3587738995271751	-0.0887847213495974
0.3587328526323162	-0.0887825724521324
0.3586918699150841	-0.0887804130461159
0.3586509513205286	-0.0887782431271757
0.3586100967938965	-0.0887760626908576
0.3585693062805865	-0.0887738717326590
0.3585285797261933	-0.0887716702480005
0.3584879170764513	-0.0887694582322309
0.3584473182772908	-0.0887672356806491
0.3584067832748177	-0.0887650025884641
0.3583663120152858	-0.0887627589508325
0.3583259044451250	-0.0887605047628483
0.3582855605109598	-0.0887582400195112
0.3582452801595631	-0.0887559647157911
0.3582050633378782	-0.0887536788465587
0.3581649099930168	-0.0887513824066401
0.3581248200722709	-0.0887490753907678
0.3580847935230909	-0.0887467577936415
0.3580448302930925	-0.0887444296098646
0.3580049303300696	-0.0887420908339701
0.3579650935819645	-0.0887397414604544
0.3579253199969170	-0.0887373814837177
0.3578856095232060	-0.0887350108980973
0.3578459621092920	-0.0887326296978703
0.3578063777038008	-0.0887302378772414
0.3577668562554978	-0.0887278354303486
0.3577273977133525	-0.0887254223512532
0.3576880020264751	-0.0887229986339659
0.3576486691441373	-0.0887205642724050
0.3576093990158030	-0.0887181192604483
0.3575701915910568	-0.0887156635918787
0.3575310468196837	-0.0887131972604283
0.3574919646516125	-0.0887107202597448
0.3574529450369389	-0.0887082325834296
0.3574139879259343	-0.0887057342250013
0.3573750932689940	-0.0887032251778993
0.3573362610167227	-0.0887007054355156
0.3572974911198468	-0.0886981749911593
0.3572587835292835	-0.0886956338380777
0.3572201381960839	-0.0886930819694341
0.3571815550714878	-0.0886905193783498
0.3571430341068609	-0.0886879460578394
0.3571045752537599	-0.0886853620008929
0.3570661784638807	-0.0886827672003868
0.3570278436890930	-0.0886801616491603
0.3569895708813979	-0.0886775453399729
0.3569513599929974	-0.0886749182655003
0.3569132109762020	-0.0886722804183699
0.3568751237835250	-0.0886696317911284
0.3568370983676059	-0.0886669723762418
0.3567991346812449	-0.0886643021661403
0.3567612326774156	-0.0886616211531384
0.3567233923092377	-0.0886589293295113
0.3566856135299862	-0.0886562266874717
0.3566478962930776	-0.0886535132191155
0.3566102405521049	-0.0886507889165179
0.3565726462608066	-0.0886480537716631
0.3565351133730769	-0.0886453077764645
0.3564976418429777	-0.0886425509227572
0.3564602316246775	-0.0886397832023187
0.3564228826725669	-0.0886370046068470
0.3563855949411358	-0.0886342151279802
0.3563483683850408	-0.0886314147572686
0.3563112029591065	-0.0886286034862005
0.3562740986183018	-0.0886257813061958
0.3562370553177333	-0.0886229482085909
0.3562000730126706	-0.0886201041846673
0.3561631516585385	-0.0886172492256201
0.3561262912109107	-0.0886143833225773
0.3560894916254942	-0.0886115064666011
0.3560527528581742	-0.0886086186486662
0.3560160748649732	-0.0886057198596919
0.3559794576020578	-0.0886028100905210
0.3559429010257463	-0.0885998893319087
0.3559064050925105	-0.0885969575745635
0.3558699697589697	-0.0885940148091013
0.3558335949818922	-0.0885910610260751
0.3557972807181879	-0.0885880962159462
0.3557610269249248	-0.0885851203691357
0.3557248335592967	-0.0885821334759644
0.3556887005786939	-0.0885791355266923
0.3556526279405891	-0.0885761265115023
0.3556166156026384	-0.0885731064205017
0.3555806635226528	-0.0885700752437331
0.3555447716585562	-0.0885670329711555
0.3555089399684555	-0.0885639795926561
0.3554731684105672	-0.0885609150980450
0.3554374569432805	-0.0885578394770685
0.3554018055251124	-0.0885547527193877
0.3553662141147345	-0.0885516548146095
0.3553306826709597	-0.0885485457522317
0.3552952111527400	-0.0885454255217019
0.3552597995191732	-0.0885422941123906
0.3552244477295058	-0.0885391515135980
0.3551891557431281	-0.0885359977145251
0.3551539235195590	-0.0885328327043258
0.3551187510184812	-0.0885296564720579
0.3550836381996871	-0.0885264690067305
0.3550485850231490	-0.0885232702972395
0.3550135914489509	-0.0885200603324359
0.3549786574373400	-0.0885168391010795
0.3549437829486912	-0.0885136065918596
0.3549089679435241	-0.0885103627933886
0.3548742123824941	-0.0885071076941961
0.3548395162264040	-0.0885038412827581
0.3548048794361863	-0.0885005635474417
0.3547703019729283	-0.0884972744765581
0.3547357837978429	-0.0884939740583302
0.3547013248722922	-0.0884906622809258
0.3546669251577581	-0.0884873391324011
0.3546325846158834	-0.0884840046007585
0.3545983032084499	-0.0884806586739235
0.3545640808973515	-0.0884773013397358
0.3545299176446381	-0.0884739325859454
0.3544958134125001	-0.0884705524002592
0.3544617681632526	-0.0884671607702780
0.3544277818593695	-0.0884637576835215
0.3543938544634181	-0.0884603431274563
0.3543599859381538	-0.0884569170894434
0.3543261762464263	-0.0884534795567808
0.3542924253512356	-0.0884500305166787
0.3542587332157373	-0.0884465699562851
0.3542250998031912	-0.0884430978626516
0.3541915250770151	-0.0884396142227487
0.3541580090007418	-0.0884361190234717
0.3541245515380378	-0.0884326122516407
0.3540911526527386	-0.0884290938940032
0.3540578123087704	-0.0884255639372158
0.3540245304702111	-0.0884220223678310
0.3539913071012707	-0.0884184691723650
0.3539581421662887	-0.0884149043372446
0.3539250356297566	-0.0884113278487819
0.3538919874562728	-0.0884077396932430
0.3538589976105677	-0.0884041398568086
0.3538260660575220	-0.0884005283255469
0.3537931927621537	-0.0883969050854892
0.3537603776895649	-0.0883932701225550
0.3537276208050467	-0.0883896234225893
0.3536949220740012	-0.0883859649713567
0.3536622814619270	-0.0883822947545388
0.3536296989344928	-0.0883786127577443
0.3535971744574956	-0.0883749189664880
0.3535647079968564	-0.0883712133661845
0.3535322995185955	-0.0883674959422076
0.3534999489889018	-0.0883637666798213
0.3534676563740924	-0.0883600255641989
0.3534354216405760	-0.0883562725804446
0.3534032447549274	-0.0883525077135918
0.3533711256838446	-0.0883487309485530
0.3533390643941337	-0.0883449422701759
0.3533070608527322	-0.0883411416632403
0.3532751150267177	-0.0883373291124145
0.3532432268832957	-0.0883335046022971
0.3532113963897924	-0.0883296681174063
0.3531796235136420	-0.0883258196421428
0.3531479082224397	-0.0883219591608767
0.3531162504838855	-0.0883180866578434
0.3530846502658270	-0.0883142021172099
0.3530531075361875	-0.0883103055230641
0.3530216222630612	-0.0883063968594022
0.3529901944146621	-0.0883024761101282
0.3529588239593135	-0.0882985432590598
0.3529275108654776	-0.0882945982899499
0.3528962551017250	-0.0882906411864299
0.3528650566367571	-0.0882866719320690
0.3528339154394303	-0.0882826905103456
0.3528028314786393	-0.0882786969046301
0.3527718047235238	-0.0882746910982241
0.3527408351432159	-0.0882706730743529
0.3527099227070917	-0.0882666428161300
0.3526790673845471	-0.0882626003065711
0.3526482691451706	-0.0882585455286602
0.3526175279586521	-0.0882544784651993
0.3525868437947800	-0.0882503990989952
0.3525562166234999	-0.0882463074127077
0.3525256464148563	-0.0882422033889080
0.3524951331390195	-0.0882380870101286
0.3524646767662735	-0.0882339582587376
0.3524342772670547	-0.0882298171170834
0.3524039346118568	-0.0882256635673638
0.3523736487713471	-0.0882214975917104
0.3523434197163324	-0.0882173191722101
0.3523132474176516	-0.0882131282907489
0.3522831318463346	-0.0882089249292306
0.3522530729735229	-0.0882047090694159
0.3522230707704408	-0.0882004806929673
0.3521931252084893	-0.0881962397814667
0.3521632362591202	-0.0881919863164310
0.3521334038939351	-0.0881877202792356
0.3521036280846654	-0.0881834416511771
0.3520739088031497	-0.0881791504134798
0.3520442460213364	-0.0881748465472465
0.3520146397112932	-0.0881705300335283
0.3519850898452117	-0.0881662008532391
0.3519555963954006	-0.0881618589871916
0.3519261593342700	-0.0881575044161475
0.3518967786343539	-0.0881531371207477
0.3518674542683242	-0.0881487570815534
0.3518381862089133	-0.0881443642790107
0.3518089744290394	-0.0881399586934527
0.3517798189016548	-0.0881355403051721
0.3517507195999180	-0.0881311090943320
0.3517216764970231	-0.0881266650410015
0.3516926895662974	-0.0881222081251298
0.3516637587812330	-0.0881177383266285
0.3516348841153640	-0.0881132556252512
0.3516060655424000	-0.0881087600006756
0.3515773030361048	-0.0881042514325115
0.3515485965703859	-0.0880997299002183
0.3515199461192818	-0.0880951953831802
0.3514913516569156	-0.0880906478607075
0.3514628131575031	-0.0880860873119712
0.3514343305954353	-0.0880815137160719
0.3514059039451549	-0.0880769270519853
0.3513775331812451	-0.0880723272985938
0.3513492182784024	-0.0880677144347326
0.3513209592114128	-0.0880630884390285
0.3512927559551937	-0.0880584492901142
0.3512646084847383	-0.0880537969664474
0.3512365167752209	-0.0880491314464513
0.3512084808018431	-0.0880444527083686
0.3511805005399617	-0.0880397607303887
0.3511525759650465	-0.0880350554906343
0.3511247070526515	-0.0880303369670335
0.3510968937784504	-0.0880256051374789
0.3510691361182458	-0.0880208599797675
0.3510414340479001	-0.0880161014715267
0.3510137875434297	-0.0880113295903262
0.3509861965809341	-0.0880065443136434
0.3509586611366428	-0.0880017456188439
0.3509311811868510	-0.0879969334831646
0.3509037567080047	-0.0879921078837409
0.3508763876766149	-0.0879872687976370
0.3508490740693827	-0.0879824162017449
0.3508218158629974	-0.0879775500729448
0.3507946130343462	-0.0879726703879432
0.3507674655603557	-0.0879677771233306
0.3507403734181146	-0.0879628702556707
0.3507133365847743	-0.0879579497613306
0.3506863550376191	-0.0879530156166254
0.3506594287540369	-0.0879480677976983
0.3506325577114648	-0.0879431062806905
0.3506057418875367	-0.0879381310415360
0.3505789812599331	-0.0879331420560817
0.3505522758064258	-0.0879281393001187
0.3505256255049377	-0.0879231227492786
0.3504990303334459	-0.0879180923790797
0.3504724902700672	-0.0879130481649473
0.3504460052930021	-0.0879079900822199
0.3504195753805530	-0.0879029181060756
0.3503932005111084	-0.0878978322116233
0.3503668806632202	-0.0878927323738051
0.3503406158154788	-0.0878876185675302
0.3503144059465828	-0.0878824907675343
0.3502882510353626	-0.0878773489484595
0.3502621510607186	-0.0878721930848485
0.3502361060016513	-0.0878670231511009
0.3502101158373160	-0.0878618391215328
0.3501841805468725	-0.0878566409703124
0.3501583001096800	-0.0878514286715553
0.3501324745051189	-0.0878462021991783
0.3501067037126894	-0.0878409615270366
0.3500809877120283	-0.0878357066288792
0.3500553264828132	-0.0878304374782919
0.3500297200048741	-0.0878251540487910
0.3500041682580977	-0.0878198563137598
0.3499786712224686	-0.0878145442464621
0.3499532288781221	-0.0878092178200019
0.3499278412052128	-0.0878038770074584
0.3499025081840350	-0.0877985217817442
0.3498772297949886	-0.0877931521156156
0.3498520060185496	-0.0877877679817783
0.3498268368352892	-0.0877823693527666
0.3498017222258931	-0.0877769562010118
0.3497766621710994	-0.0877715284988706
0.3497516566517844	-0.0877660862184788
0.3497267056488849	-0.0877606293319525
0.3497018091434916	-0.0877551578112285
0.3496769671167328	-0.0877496716281383
0.3496521795498195	-0.0877441707543889
0.3496274464241226	-0.0877386551615823
0.3496027677210286	-0.0877331248211756
0.3495781434220832	-0.0877275797045096
0.3495535735088738	-0.0877220197827933
0.3495290579630966	-0.0877164450271314
0.3495045967665421	-0.0877108554085004
0.3494801899011307	-0.0877052508977405
0.3494558373487931	-0.0876996314655512
0.3494315390916276	-0.0876939970825772
0.3494072951117735	-0.0876883477192357
0.3493831053914585	-0.0876826833459082
0.3493589699130426	-0.0876770039327825
0.3493348886589466	-0.0876713094499607
0.3493108616117068	-0.0876655998674061
0.3492868887538731	-0.0876598751549310
0.3492629700681881	-0.0876541352822911
0.3492391055373696	-0.0876483802190228
0.3492152951443683	-0.0876426099345916
0.3491915388720666	-0.0876368243982966
0.3491678367035532	-0.0876310235793351
0.3491441886219314	-0.0876252074467801
0.3491205946104657	-0.0876193759694951
0.3490970546523853	-0.0876135291163545
0.3490735687311398	-0.0876076668560033
0.3490501368301664	-0.0876017891569342
0.3490267589330422	-0.0875958959875823
0.3490034350234029	-0.0875899873162207
0.3489801650849920	-0.0875840631109318
0.3489569491016378	-0.0875781233397442
0.3489337870571836	-0.0875721679705087
0.3489106789356421	-0.0875661969710266
0.3488876247210737	-0.0875602103087623
0.3488646243976471	-0.0875542079512532
0.3488416779495676	-0.0875481898658272
0.3488187853611299	-0.0875421560196328
0.3487959466167772	-0.0875361063797314
0.3487731617009844	-0.0875300409130387
0.3487504305982583	-0.0875239595862967
0.3487277532932740	-0.0875178623661961
0.3487051297707532	-0.0875117492191800
0.3486825600154678	-0.0875056201116465
0.3486600439467060	-0.0874994750103772
0.3486375817462360	-0.0874933138796110
0.3486151732022857	-0.0874871366871586
0.3485928183655629	-0.0874809433981730
0.3485705172212513	-0.0874747339783264
0.3485482697546989	-0.0874685083930764
0.3485260759511654	-0.0874622666078333
0.3485039357961078	-0.0874560085878176
0.3484818492750233	-0.0874497342980759
0.3484598163734959	-0.0874434437035710
0.3484378370144113	-0.0874371367675226
0.3484159113719028	-0.0874308134592918
0.3483940392432700	-0.0874244737386136
0.3483722206773402	-0.0874181175714850
0.3483504556599540	-0.0874117449220828
0.3483287441772026	-0.0874053557544046
0.3483070862152009	-0.0873989500324483
0.3482854817600509	-0.0873925277199382
0.3482639307980856	-0.0873860887804772
0.3482424333156003	-0.0873796331776041
0.3482209892432515	-0.0873731608672275
0.3481995987346279	-0.0873666718344442
0.3481782616092213	-0.0873601660204051
0.3481569779092758	-0.0873536433952663
0.3481357476214909	-0.0873471039217017
0.3481145707326120	-0.0873405475623212
0.3480934472294341	-0.0873339742794735
0.3480723770988787	-0.0873273840354882
0.3480513603279061	-0.0873207767923748
0.3480303969034718	-0.0873141525121445
0.3480094867484329	-0.0873075111605117
0.3479886300429827	-0.0873008526872955
0.3479678265811796	-0.0872941770657411
0.3479470764147563	-0.0872874842533194
0.3479263795310305	-0.0872807742111375
0.3479057359175521	-0.0872740469002427
0.3478851455616493	-0.0872673022814389
0.3478646084509352	-0.0872605403154401
0.3478441245730698	-0.0872537609627771
0.3478236939157384	-0.0872469641838557
0.3478033164116676	-0.0872401499263434
0.3477829922134970	-0.0872333181877884
0.3477627211443817	-0.0872264688906819
0.3477425032471257	-0.0872196020071051
0.3477223385097000	-0.0872127174967276
0.3477022269202745	-0.0872058153188955
0.3476821684668312	-0.0871988954329037
0.3476621631376434	-0.0871919577977533
0.3476422109209018	-0.0871850023724797
0.3476223118049084	-0.0871780291157018
0.3476024657220727	-0.0871710379786323
0.3475826726065134	-0.0871640289132793
0.3475629329453958	-0.0871570019416494
0.3475432461165230	-0.0871499569432545
0.3475236123308298	-0.0871428939046279
0.3475040315769411	-0.0871358127835426
0.3474845038434234	-0.0871287135376157
0.3474650291191805	-0.0871215961241315
0.3474456073928791	-0.0871144605004268
0.3474262386535777	-0.0871073066235765
0.3474069228386830	-0.0871001344386644
0.3473876598789488	-0.0870929438841124
0.3473684502461353	-0.0870857350418855
0.3473492933439842	-0.0870785077195668
0.3473301893738274	-0.0870712619267608
0.3473111383247770	-0.0870639976194960
0.3472921401861518	-0.0870567147538079
0.3472731949472148	-0.0870494132851586
0.3472543025972724	-0.0870420931691848
0.3472354630429468	-0.0870347547257426
0.3472166764705321	-0.0870273968044944
0.3471979425672729	-0.0870200204486872
0.3471792618755852	-0.0870126253353669
0.3471606338121203	-0.0870052113089400
0.3471420585746607	-0.0869977783643398
0.3471235361527663	-0.0869903264559477
0.3471050665362311	-0.0869828555378918
0.3470866497147905	-0.0869753655638280
0.3470682856780700	-0.0869678564877557
0.3470499743411599	-0.0869603286435367
0.3470317158760745	-0.0869527808209160
0.3470135099918683	-0.0869452141035908
0.3469953567314700	-0.0869376281179877
0.3469772569129865	-0.0869300229420290
0.3469592093733193	-0.0869223982706668
0.3469412145481936	-0.0869147541679888
0.3469232724276878	-0.0869070905862595
0.3469053830019868	-0.0868994074774733
0.3468875462612948	-0.0868917047934905
0.3468697621428506	-0.0868839828946178
0.3468520307426718	-0.0868762405002213
0.3468343518521936	-0.0868684787610534
0.3468167255036245	-0.0868606972006131
0.3467991517346419	-0.0868528958148289
0.3467816316570680	-0.0868450748913908
0.3467641634396348	-0.0868372338173437
0.3467467478300001	-0.0868293727760447
0.3467293848186678	-0.0868214917178014
0.3467120743961862	-0.0868135905923712
0.3466948164888723	-0.0868056697287059
0.3466776112354159	-0.0867977279159935
0.3466604583848764	-0.0867897662232388
0.3466433579425379	-0.0867817842432585
0.3466263100066169	-0.0867737818817181
0.3466093145200114	-0.0867657591919607
0.3465923731362167	-0.0867577165912171
0.3465754830868170	-0.0867496531038161
0.3465586455423335	-0.0867415690898853
0.3465418604934477	-0.0867334644975135
0.3465251278757113	-0.0867253396360918
0.3465084478180301	-0.0867171933502350
0.3464918200991320	-0.0867090266418982
0.3464752447178858	-0.0867008391007895
0.3464587216615656	-0.0866926306737505
0.3464422509436241	-0.0866844013549740
0.3464258326746825	-0.0866761511689640
0.3464094688497501	-0.0866678806235067
0.3463931558514213	-0.0866595884502121
0.3463768952579475	-0.0866512751668958
0.3463606869747042	-0.0866429411564010
0.3463445312068458	-0.0866345850316759
0.3463284277139599	-0.0866262080825553
0.3463123763507716	-0.0866178095825556
0.3462963774468243	-0.0866093898622156
0.3462804306760587	-0.0866009486621880
0.3462645360346941	-0.0865924855331175
0.3462486938201213	-0.0865840014855916
0.3462329037419939	-0.0865754955416135
0.3462171696173175	-0.0865669692399969
0.3462014848422053	-0.0865584205321375
0.3461858524109238	-0.0865498491944908
0.3461702721346097	-0.0865412564145070
0.3461547441019099	-0.0865326416606705
0.3461392683000118	-0.0865240049008199
0.3461238444755931	-0.0865153462432646
0.3461084728644635	-0.0865066652733551
0.3460931535914012	-0.0864979622508278
0.3460778862440712	-0.0864892371629459
0.3460626711096623	-0.0864804896094969
0.3460475125045708	-0.0864717221811952
0.3460324025199876	-0.0864629299773661
0.3460173446636016	-0.0864541156496992
0.3460023389264721	-0.0864452787456664
0.3459873852902948	-0.0864364194733964
0.3459724837153784	-0.0864275374658145
0.3459576343017302	-0.0864186326232054
0.3459428368771065	-0.0864097053133297
0.3459280914402673	-0.0864007551082933
0.3459133984522378	-0.0863917819220441
0.3458987609606718	-0.0863827883830853
0.3458841726122491	-0.0863737693875155
0.3458696363023731	-0.0863647276372872
0.3458551520252475	-0.0863556628354230
0.3458407196567518	-0.0863465747675564
0.3458263394626613	-0.0863374633040270
0.3458120111817702	-0.0863283288828995
0.3457977350539149	-0.0863191707584212
0.3457835106597199	-0.0863099893974879
0.3457693379701970	-0.0863007847586628
0.3457552214966042	-0.0862915590774442
0.3457411539203804	-0.0862823070831357
0.3457271380974447	-0.0862730318066191
0.3457131744275371	-0.0862637328042574
0.3456992625969301	-0.0862544098795163
0.3456854025883953	-0.0862450631410482
0.3456715949828704	-0.0862356923729447
0.3456578383426541	-0.0862262977834915
0.3456441340272414	-0.0862168785790522
0.3456304819462658	-0.0862074359019197
0.3456168851078631	-0.0861979719668739
0.3456033372499840	-0.0861884805631856
0.3455898413028408	-0.0861789653072922
0.3455763971389772	-0.0861694257752054
0.3455630051385761	-0.0861598617306316
0.3455496642990009	-0.0861502728272862
0.3455363753568272	-0.0861406594572880
0.3455231387746454	-0.0861310216096035
0.3455099537117170	-0.0861213586328006
0.3454968205885357	-0.0861116711246044
0.3454837424287503	-0.0861019622185046
0.3454707133469566	-0.0860922249223379
0.3454577361728211	-0.0860824632402810
0.3454448107052218	-0.0860726760949372
0.3454319369541254	-0.0860628640489159
0.3454191150661350	-0.0860530267946648
0.3454063448249093	-0.0860431647169362
0.3453936259764833	-0.0860332762357376
0.3453809594581033	-0.0860233628965076
0.3453683442248768	-0.0860134240158427
0.3453557835968613	-0.0860034629099645
0.3453432726345449	-0.0859934729919887
0.3453308130810762	-0.0859834576690877
0.3453184051656389	-0.0859734167552428
0.3453060494228264	-0.0859633498245760
0.3452937448026381	-0.0859532572654671
0.3452814919375847	-0.0859431385637496
0.3452692911694683	-0.0859329932980124
0.3452571404984496	-0.0859228214904871
0.3452450421937722	-0.0859126241872157
0.3452329991587081	-0.0859024049005716
0.3452210048892801	-0.0858921548200172
0.3452090621881256	-0.0858818789296023
0.3451971711803382	-0.0858715766811490
0.3451853316772372	-0.0858612475387156
0.3451735428829195	-0.0858508923141922
0.3451618061985897	-0.0858405102007367
0.3451501212478712	-0.0858301005322683
0.3451384876475743	-0.0858196648753838
0.3451269067832844	-0.0858092021074722
0.3451153782435326	-0.0857987152938302
0.3451038994667336	-0.0857881982834592
0.3450924725980479	-0.0857776543434923
0.3450810968941930	-0.0857670833513900
0.3450697727273135	-0.0857564852114900
0.3450584998615431	-0.0857458591983569
0.3450472784768806	-0.0857352050294207
0.3450361086146560	-0.0857245251181741
0.3450249889542617	-0.0857138148786519
0.3450139220872038	-0.0857030793455942
0.3450029089555046	-0.0856923201222692
0.3449919450771390	-0.0856815282943841
0.3449810325479801	-0.0856707090546718
0.3449701710407584	-0.0856598617336782
0.3449593617883469	-0.0856489862343751
0.3449486033153314	-0.0856380827742036
0.3449378935020468	-0.0856271504530103
0.3449272391034300	-0.0856161893042307
0.3449166335453853	-0.0856052022815852
0.3449060795212258	-0.0855941830963034
0.3448955794901452	-0.0855831416258162
0.3448851291293538	-0.0855720672448441
0.3448747291420716	-0.0855609639401813
0.3448643818149800	-0.0855498327499443
0.3448540844835855	-0.0855386716052021
0.3448438384758619	-0.0855274819769417
0.3448336440373797	-0.0855162641537213
0.3448235001314523	-0.0855050156166845
0.3448134092596445	-0.0854937386329978
0.3448033654884940	-0.0854824342239325
0.3447933769705680	-0.0854710998672869
0.3447820211350594	-0.0854586507830059
0.3447735506522387	-0.0854483409898832
0.3447637138627691	-0.0854369170907305
0.3447539279080202	-0.0854254622854630
0.3447441935468427	-0.0854139781895990
0.3447345104116349	-0.0854024643398507
0.3447248760660805	-0.0853909216384179
0.3447152924224139	-0.0853793471509202
0.3447057618990783	-0.0853677448859207
0.3446911744509908	-0.0853590581087576
0.3446815214454552	-0.0853456183968242
0.3446718684399196	-0.0853321786848907
0.3446622154343839	-0.0853187389729573
0.3446525624288483	-0.0853052992610239
0.3446429094233127	-0.0852918595490904
0.3446332564177771	-0.0852784198371570
0.3446236034122414	-0.0852649801252236
0.3446139504067058	-0.0852515404132901
0.3446042974011702	-0.0852381007013567
0.3446042974011702	-0.0852381007013567
0.3445946443956346	-0.0852246609894232
0.3445849913900990	-0.0852112212774898
0.3445753383845634	-0.0851977815655564
0.3445656853790278	-0.0851843418536229
0.3445560323734921	-0.0851709021416895
0.3445463793679565	-0.0851574624297561
0.3445367263624209	-0.0851440227178226
0.3445270733568853	-0.0851305830058892
0.3445174203513496	-0.0851171432939558
0.3445174203513496	-0.0851171432939558
0.3445077673458140	-0.0851037035820223
0.3444981143402784	-0.0850902638700889
0.3444884613347428	-0.0850768241581555
0.3444788083292072	-0.0850633844462220
0.3444691553236715	-0.0850499447342886
0.3444595023181359	-0.0850365050223552
0.3444498493126003	-0.0850230653104217
0.3444401963070647	-0.0850096255984883
0.3444305433015291	-0.0849961858865548
0.3444305433015291	-0.0849961858865548
0.3444208902959934	-0.0849827461746214
0.3444112372904578	-0.0849693064626880
0.3444015842849222	-0.0849558667507545
0.3443919312793866	-0.0849424270388211
0.3443822782738510	-0.0849289873268877
0.3443726252683154	-0.0849155476149542
0.3443629722627797	-0.0849021079030208
0.3443533192572441	-0.0848886681910874
0.3443436662517085	-0.0848752284791539
0.3443436662517085	-0.0848752284791539
0.3443340132461728	-0.0848617887672205
0.3443243602406373	-0.0848483490552871
0.3443147072351017	-0.0848349093433536
0.3443050542295660	-0.0848214696314202
0.3442954012240304	-0.0848080299194867
0.3442857482184948	-0.0847945902075533
0.3442760952129591	-0.0847811504956199
0.3442664422074235	-0.0847677107836864
0.3442567892018879	-0.0847542710717530
0.3442567892018879	-0.0847542710717530
0.3442471361963522	-0.0847408313598196
0.3442374831908167	-0.0847273916478861
0.3442278301852811	-0.0847139519359527
0.3442181771797455	-0.0847005122240193
0.3442085241742098	-0.0846870725120858
0.3441988711686742	-0.0846736328001524
0.3441892181631385	-0.0846601930882189
0.3441795651576030	-0.0846467533762855
0.3441699121520673	-0.0846333136643521
0.3441699121520673	-0.0846333136643521
0.3441602591465317	-0.0846198739524186
0.3441506061409961	-0.0846064342404852
0.3441409531354604	-0.0845929945285518
0.3441313001299249	-0.0845795548166183
0.3441216471243892	-0.0845661151046849
0.3441119941188536	-0.0845526753927515
0.3441023411133180	-0.0845392356808180
0.3440926881077824	-0.0845257959688846
0.3440830351022467	-0.0845123562569512
0.3440830351022467	-0.0845123562569512
0.3440733820967111	-0.0844989165450177
0.3440637290911755	-0.0844854768330843
0.3440540760856399	-0.0844720371211508
0.3440444230801043	-0.0844585974092174
0.3440347700745686	-0.0844451576972840
0.3440251170690330	-0.0844317179853505
0.3440154640634974	-0.0844182782734171
0.3440058110579618	-0.0844048385614837
0.3439961580524262	-0.0843913988495502
0.3439961580524262	-0.0843913988495502
0.3439865050468905	-0.0843779591376168
0.3439768520413550	-0.0843645194256833
0.3439671990358193	-0.0843510797137499
0.3439575460302837	-0.0843376400018165
0.3439478930247480	-0.0843242002898831
0.3439382400192125	-0.0843107605779496
0.3439285870136768	-0.0842973208660162
0.3439189340081412	-0.0842838811540827
0.3439092810026056	-0.0842704414421493
0.3439092810026056	-0.0842704414421493
0.3438996279970700	-0.0842570017302159
0.3438899749915344	-0.0842435620182824
0.3438803219859987	-0.0842301223063490
0.3438706689804631	-0.0842166825944156
0.3438610159749275	-0.0842032428824821
0.3438513629693919	-0.0841898031705487
0.3438417099638562	-0.0841763634586152
0.3438320569583206	-0.0841629237466818
0.3438224039527850	-0.0841494840347484
0.3438224039527850	-0.0841494840347484
0.3438127509472494	-0.0841360443228149
0.3438030979417138	-0.0841226046108815
0.3437934449361782	-0.0841091648989481
0.3437837919306426	-0.0840957251870146
0.3437741389251069	-0.0840822854750812
0.3437644859195713	-0.0840688457631478
0.3437548329140357	-0.0840554060512143
0.3437451799085001	-0.0840419663392809
0.3437355269029644	-0.0840285266273475
0.3437355269029644	-0.0840285266273475
0.3437258738974288	-0.0840150869154140
0.3437162208918932	-0.0840016472034806
0.3437065678863576	-0.0839882074915472
0.3436969148808220	-0.0839747677796137
0.3436872618752863	-0.0839613280676803
0.3436776088697507	-0.0839478883557468
0.3436679558642151	-0.0839344486438134
0.3436583028586795	-0.0839210089318800
0.3436486498531439	-0.0839075692199465
0.3436486498531439	-0.0839075692199465
0.3436389968476082	-0.0838941295080131
0.3436293438420726	-0.0838806897960797
0.3436196908365370	-0.0838672500841462
0.3436100378310014	-0.0838538103722128
0.3436003848254658	-0.0838403706602794
0.3435907318199302	-0.0838269309483459
0.3435810788143945	-0.0838134912364125
0.3435714258088589	-0.0838000515244790
0.3435617728033233	-0.0837866118125456
0.3435617728033233	-0.0837866118125456
0.3435521197977877	-0.0837731721006122
0.3435424667922521	-0.0837597323886787
0.3435328137867164	-0.0837462926767453
0.3435231607811808	-0.0837328529648119
0.3435135077756453	-0.0837194132528784
0.3435038547701096	-0.0837059735409450
0.3434942017645738	-0.0836925338290116
0.3434845487590383	-0.0836790941170781
0.3434748957535027	-0.0836656544051447
