0.5516849007788717	-0.4790927509665821
0.5516849664152921	-0.4790927112092493
0.5516851633259570	-0.4790925919360315
0.5516854915099759	-0.4790923931460624
0.5516859509691234	-0.4790921148380053
0.5516865417044358	-0.4790917570108503
0.5516872637167074	-0.4790913196613968
0.5516881170079910	-0.4790908027865524
0.5516891015800484	-0.4790902063830469
0.5516902174347974	-0.4790895304467099
0.5516914645753364	-0.4790887749728646
0.5516928430039884	-0.4790879399564719
0.5516943527243603	-0.4790870253912964
0.5516959937393776	-0.4790860312716705
0.5516977660527491	-0.4790849575906748
0.5516996696685538	-0.4790838043403610
0.5517017045914088	-0.4790825715134459
0.5517038708260187	-0.4790812591015366
0.5517061683762966	-0.4790798670943512
0.5517085972485852	-0.4790783954845509
0.5517111574475801	-0.4790768442603183
0.5517138489795371	-0.4790752134116678
0.5517166718499923	-0.4790735029268839
0.5517196260660516	-0.4790717127944245
0.5517227116338220	-0.4790698430022122
0.5517259285604259	-0.4790678935374879
0.5517292768529303	-0.4790658643861610
0.5517327565195118	-0.4790637555352983
0.5517363675674068	-0.4790615669696595
0.5517401100050847	-0.4790592986747428
0.5517439838409913	-0.4790569506340575
0.5517479890832834	-0.4790545228322385
0.5517521257415999	-0.4790520152525919
0.5517563938255556	-0.4790494278773143
0.5517607933438733	-0.4790467606892131
0.5517653243074838	-0.4790440136694967
0.5517699867258665	-0.4790411867993539
0.5517747806096981	-0.4790382800599024
0.5517797059701708	-0.4790352934303630
0.5517847628183249	-0.4790322268905603
0.5517899511648848	-0.4790290804198186
0.5517952710226536	-0.4790258539953474
0.5518007224026678	-0.4790225475957037
0.5518063053179261	-0.4790191611979670
0.5518120197806242	-0.4790156947791143
0.5518178658036331	-0.4790121483151150
0.5518238434006507	-0.4790085217811663
0.5518299525846559	-0.4790048151527889
0.5518361933698127	-0.4790010284043593
0.5518425657703864	-0.4789971615093341
0.5518490697998363	-0.4789932144413723
0.5518557054737999	-0.4789891871734047
0.5518624728067937	-0.4789850796776101
0.5518693718141408	-0.4789808919257467
0.5518764025114536	-0.4789766238883066
0.5518835649147424	-0.4789722755366130
0.5518908590402533	-0.4789678468405512
0.5518982849039510	-0.4789633377690193
0.5519058425236293	-0.4789587482916104
0.5519135319150423	-0.4789540783761786
0.5519213530967778	-0.4789493279904947
0.5519293060856527	-0.4789444971022762
0.5519373908997049	-0.4789395856775461
0.5519456075578696	-0.4789345936823804
0.5519539560780388	-0.4789295210827538
0.5519624364791915	-0.4789243678433125
0.5519710487808220	-0.4789191339286283
0.5519797930021720	-0.4789138193020070
0.5519886691630636	-0.4789084239277572
0.5519976772833959	-0.4789029477675775
0.5520068173835582	-0.4788973907836530
0.5520160894846681	-0.4788917529379467
0.5520254936067123	-0.4788860341911360
0.5520350297720202	-0.4788802345038074
0.5520446980008403	-0.4788743538355408
0.5520544983171867	-0.4788683921464676
0.5520644307409306	-0.4788623493943326
0.5520744952952781	-0.4788562255373229
0.5520846920035398	-0.4788500205332320
0.5520950208884222	-0.4788437343394686
0.5521054819732524	-0.4788373669121839
0.5521160752815086	-0.4788309182062313
0.5521268008372049	-0.4788243881778604
0.5521376586647913	-0.4788177767822659
0.5521486487888722	-0.4788110839725544
0.5521597712340277	-0.4788043097024677
0.5521710260252713	-0.4787974539253513
0.5521824131885159	-0.4787905165926811
0.5521939327490945	-0.4787834976576117
0.5522055847338988	-0.4787763970701043
0.5522173691676553	-0.4787692147809996
0.5522292860785715	-0.4787619507413384
0.5522413354931014	-0.4787546048993665
0.5522535174382799	-0.4787471772047944
0.5522658319419036	-0.4787396676056123
0.5522782790311207	-0.4787320760491411
0.5522908587352020	-0.4787244024830557
0.5523035710821692	-0.4787166468536531
0.5523164161004610	-0.4787088091069913
0.5523293938197539	-0.4787008891882201
0.5523425042688271	-0.4786928870424342
0.5523557474775446	-0.4786848026132831
0.5523691234757327	-0.4786766358451271
0.5523826322943517	-0.4786683866803916
0.5523962739631616	-0.4786600550615526
0.5524100485134087	-0.4786516409304652
0.5524239559757166	-0.4786431442278974
0.5524379963824838	-0.4786345648953899
0.5524521697645057	-0.4786259028719912
0.5524664761549994	-0.4786171580976208
0.5524809155852913	-0.4786083305109364
0.5524954880885768	-0.4785994200503878
0.5525101936979707	-0.4785904266532893
0.5525250324466678	-0.4785813502568839
0.5525400043678950	-0.4785721907970246
0.5525551094957780	-0.4785629482102092
0.5525703478647388	-0.4785536224311931
0.5525857195092305	-0.4785442133947048
0.5526012244638133	-0.4785347210347646
0.5526168627636561	-0.4785251452844717
0.5526326344444051	-0.4785154860764195
0.5526485395413703	-0.4785057433433114
0.5526645780911135	-0.4784959170165661
0.5526807501297116	-0.4784860070264919
0.5526970556934180	-0.4784760133042005
0.5527134948201472	-0.4784659357787560
0.5527300675460430	-0.4784557743797860
0.5527467739091443	-0.4784455290347512
0.5527636139472984	-0.4784351996724148
0.5527805876988089	-0.4784247862192791
0.5527976952016699	-0.4784142886024598
0.5528149364954147	-0.4784037067476724
0.5528323116184303	-0.4783930405803587
0.5528498206101805	-0.4783822900245452
0.5528674635105354	-0.4783714550054572
0.5528852403596828	-0.4783605354454096
0.5529031511972228	-0.4783495312680121
0.5529211960648143	-0.4783384423945725
0.5529393750021525	-0.4783272687472468
0.5529576880515278	-0.4783160102472949
0.5529761352532705	-0.4783046668137211
0.5529947166504795	-0.4782932383673766
0.5530134322847234	-0.4782817248268716
0.5530322821983155	-0.4782701261102109
0.5530512664344385	-0.4782584421354700
0.5530703850354789	-0.4782466728195532
0.5530896380453156	-0.4782348180787273
0.5531090255072696	-0.4782228778290710
0.5531285474655453	-0.4782108519856978
0.5531482039644663	-0.4781987404625822
0.5531679950482153	-0.4781865431742401
0.5531879207618959	-0.4781742600329510
0.5532079811513961	-0.4781618909520436
0.5532281762615647	-0.4781494358436847
0.5532485061379160	-0.4781368946172424
0.5532689708269968	-0.4781242671850921
0.5532895703754206	-0.4781115534562256
0.5533103048296544	-0.4780987533398273
0.5533311742368409	-0.4780858667456030
0.5533521786441151	-0.4780728935798713
0.5533733180994582	-0.4780598337508052
0.5533945926508838	-0.4780466871645458
0.5534160023461360	-0.4780334537270410
0.5534375472347185	-0.4780201333437343
0.5534592273648669	-0.4780067259187541
0.5534810427856727	-0.4779932313563504
0.5535029935475008	-0.4779796495596971
0.5535250796993075	-0.4779659804309109
0.5535473012918271	-0.4779522238724125
0.5535696583748273	-0.4779383797841956
0.5535921510000769	-0.4779244480684203
0.5536147792180962	-0.4779104286232166
0.5536375430796526	-0.4778963213489271
0.5536604426371803	-0.4778821261430442
0.5536834779432430	-0.4778678429034117
0.5537066490487218	-0.4778534715274918
0.5537299560075356	-0.4778390119117542
0.5537533988722437	-0.4778244639511064
0.5537769776956529	-0.4778098275409708
0.5538006925319432	-0.4777951025752604
0.5538245434343800	-0.4777802889475716
0.5538485304577072	-0.4777653865510173
0.5538726536561485	-0.4777503952771186
0.5538969130848627	-0.4777353150178745
0.5539213087983819	-0.4777201456639582
0.5539458408524848	-0.4777048871047366
0.5539705093032969	-0.4776895392302632
0.5539953142057602	-0.4776741019283066
0.5540202556172009	-0.4776585750872988
0.5540453335945278	-0.4776429585942461
0.5540705481937342	-0.4776272523349027
0.5540958994731020	-0.4776114561958820
0.5541213874898855	-0.4775955700614135
0.5541470123019119	-0.4775795938162194
0.5541727739675618	-0.4775635273436246
0.5541986725454252	-0.4775473705264420
0.5542247080940143	-0.4775311232460444
0.5542508806736401	-0.4775147853845335
0.5542771903421895	-0.4774983568219017
0.5543036371605987	-0.4774818374384214
0.5543302211890632	-0.4774652271132540
0.5543569424876529	-0.4774485257232902
0.5543838011173184	-0.4774317331482644
0.5544107971386487	-0.4774148492635589
0.5544379306136578	-0.4773978739451665
0.5544652016036781	-0.4773808070692369
0.5544926101712411	-0.4773636485098990
0.5545201563780510	-0.4773463981405272
0.5545478402870180	-0.4773290558343458
0.5545756619622343	-0.4773116214643737
0.5546036214646843	-0.4772940949013835
0.5546317188599613	-0.4772764760166001
0.5546599542103133	-0.4772587646783610
0.5546883275816779	-0.4772409607581314
0.5547168390373263	-0.4772230641229270
0.5547454886439143	-0.4772050746408665
0.5547742764647038	-0.4771869921785712
0.5548032025657410	-0.4771688166021960
0.5548322670132243	-0.4771505477773381
0.5548614698729162	-0.4771321855680624
0.5548908112114616	-0.4771137298380029
0.5549202910956276	-0.4770951804503727
0.5549499095923073	-0.4770765372666582
0.5549796667697052	-0.4770578001497206
0.5550095626943972	-0.4770389689581841
0.5550395974348575	-0.4770200435531529
0.5550697710602680	-0.4770010237927984
0.5551000836380044	-0.4769819095353244
0.5551305352376860	-0.4769627006378350
0.5551611259292339	-0.4769433969575184
0.5551918557809988	-0.4769239983491934
0.5552227248641006	-0.4769045046684149
0.5552537332478134	-0.4768849157682074
0.5552848810034200	-0.4768652315027155
0.5553161682015467	-0.4768454517236911
0.5553475949134510	-0.4768255762830737
0.5553791612108455	-0.4768056050308982
0.5554108671652376	-0.4767855378179128
0.5554427128496753	-0.4767653744926413
0.5554746983352193	-0.4767451149034870
0.5555068236959119	-0.4767247588974643
0.5555390890043791	-0.4767043063212236
0.5555714943351692	-0.4766837570199987
0.5556040397590741	-0.4766631108389817
0.5556367253534694	-0.4766423676220976
0.5556695511911750	-0.4766215272122480
0.5557025173470244	-0.4766005894515254
0.5557356238966257	-0.4765795541818115
0.5557688709146791	-0.4765584212430324
0.5558022584778574	-0.4765371904744174
0.5558357866608780	-0.4765158617152639
0.5558694555412242	-0.4764944348038426
0.5559032651947543	-0.4764729095756217
0.5559372156986544	-0.4764512858684744
0.5559713071304259	-0.4764295635160427
0.5560055395673956	-0.4764077423531407
0.5560399130882223	-0.4763858222130446
0.5560744277697289	-0.4763638029290028
0.5561090836921309	-0.4763416843317732
0.5561438809334375	-0.4763194662526443
0.5561788195727658	-0.4762971485200935
0.5562138996895073	-0.4762747309643482
0.5562491213645836	-0.4762522134131014
0.5562844846771179	-0.4762295956927171
0.5563199897077672	-0.4762068776303721
0.5563556365377074	-0.4761840590501645
0.5563914252480252	-0.4761611397768444
0.5564273559199627	-0.4761381196338890
0.5564634286355669	-0.4761149984434291
0.5564996434767372	-0.4760917760271441
0.5565360005254918	-0.4760684522048587
0.5565724998653887	-0.4760450267972627
0.5566091415789949	-0.4760214996219748
0.5566459257500301	-0.4759978704973808
0.5566828524616634	-0.4759741392394953
0.5567199217988162	-0.4759503056648481
0.5567571338441551	-0.4759263695875112
0.5567944886841552	-0.4759023308213981
0.5568319864033717	-0.4758781891799858
0.5568696270858625	-0.4758539444738176
0.5569074108187188	-0.4758295965146591
0.5569453376873923	-0.4758051451125428
0.5569834077794614	-0.4757805900766771
0.5570216211785127	-0.4757559312139456
0.5570599779736702	-0.4757311683321097
0.5570984782517279	-0.4757063012361287
0.5571371220999146	-0.4756813297323981
0.5571759096067211	-0.4756562536237444
0.5572148408592761	-0.4756310727130182
0.5572539159472143	-0.4756057868031513
0.5572931349589104	-0.4755803956940475
0.5573324979832227	-0.4755548991853632
0.5573720051105422	-0.4755292970767867
0.5574116564290530	-0.4755035891655796
0.5574514520306314	-0.4754777752490184
0.5574913920051725	-0.4754518551218901
0.5575314764426563	-0.4754258285794972
0.5575717054345555	-0.4753996954151011
0.5576120790725327	-0.4753734554222268
0.5576525974488503	-0.4753471083912246
0.5576932606536983	-0.4753206541128751
0.5577340687819975	-0.4752940923765542
0.5577750219237880	-0.4752674229719965
0.5578161201734591	-0.4752406456842401
0.5578573636238203	-0.4752137603011267
0.5578987523697071	-0.4751867666066555
0.5579402865033067	-0.4751596643849136
0.5579819661201708	-0.4751324534193990
0.5580237913145951	-0.4751051334919459
0.5580657621813878	-0.4750777043825578
0.5581078788149262	-0.4750501658715509
0.5581501413121491	-0.4750225177370115
0.5581925497684570	-0.4749947597563410
0.5582351042790035	-0.4749668917057876
0.5582778049414626	-0.4749389133610841
0.5583206518529747	-0.4749108244962321
0.5583636451087338	-0.4748826248819276
0.5584067848080544	-0.4748543142930429
0.5584500710476324	-0.4748258924979049
0.5584935039263935	-0.4747973592671972
0.5585370835425549	-0.4747687143689475
0.5585808099941049	-0.4747399575699288
0.5586246833805603	-0.4747110886366952
0.5586687038008035	-0.4746821073333654
0.5587128713549253	-0.4746530134242533
0.5587571861434403	-0.4746238066711750
0.5588016482653392	-0.4745944868351845
0.5588462578221490	-0.4745650536775575
0.5588910149145528	-0.4745355069561809
0.5589359196436888	-0.4745058464289942
0.5589809721105339	-0.4744760718524640
0.5590261724193633	-0.4744461829822154
0.5590715206688052	-0.4744161795716638
0.5591170169637351	-0.4743860613744698
0.5591626614054230	-0.4743558281411627
0.5592084540982464	-0.4743254796224128
0.5592543951451827	-0.4742950155686576
0.5593004846500089	-0.4742644357258647
0.5593467227163027	-0.4742337398425617
0.5593931094488890	-0.4742029276622643
0.5594396449518235	-0.4741719989301156
0.5594863293311391	-0.4741409533896294
0.5595331626907226	-0.4741097907815617
0.5595801451388021	-0.4740785108459487
0.5596272767768363	-0.4740471133213512
0.5596745577141283	-0.4740155979471177
0.5597219880566362	-0.4739839644595806
0.5597695679110457	-0.4739522125920231
0.5598172973850101	-0.4739203420810215
0.5598651765847567	-0.4738883526568065
0.5599132056190695	-0.4738562440516413
0.5599613845949513	-0.4738240159953504
0.5600097136218842	-0.4737916682162548
0.5600581928080653	-0.4737592004414934
0.5601068222619591	-0.4737266123979393
0.5601556020943546	-0.4736939038079393
0.5602045324114081	-0.4736610743984714
0.5602536133258735	-0.4736281238878129
0.5603028449483106	-0.4735950519981628
0.5603522273873961	-0.4735618584478306
0.5604017607541224	-0.4735285429548805
0.5604514451600807	-0.4734951052355547
0.5605012807164323	-0.4734615450047261
0.5605512675351414	-0.4734278619763530
0.5606014057277371	-0.4733940558613700
0.5606516954068492	-0.4733601263724228
0.5607021366841066	-0.4733260732174824
0.5607527296731305	-0.4732918961051172
0.5608034744867473	-0.4732575947401406
0.5608543712383507	-0.4732231688296035
0.5609054200419502	-0.4731886180761172
0.5609566210113265	-0.4731539421820188
0.5610079742611614	-0.4731191408471631
0.5610594799049056	-0.4730842137718007
0.5611111380585327	-0.4730491606529025
0.5611629488370081	-0.4730139811873120
0.5612149123550283	-0.4729786750687633
0.5612670287299008	-0.4729432419913843
0.5613192980763029	-0.4729076816473960
0.5613717205102615	-0.4728719937254299
0.5614242961496367	-0.4728361779153587
0.5614770251101281	-0.4728002339037862
0.5615299075093735	-0.4727641613774046
0.5615829434658292	-0.4727279600188314
0.5616361330953887	-0.4726916295113255
0.5616894765169520	-0.4726551695359268
0.5617429738490873	-0.4726185797720771
0.5617966252099812	-0.4725818598971133
0.5618504307186348	-0.4725450095879047
0.5619043904940150	-0.4725080285197110
0.5619585046547267	-0.4724709163647005
0.5620127733222096	-0.4724336727948844
0.5620671966147071	-0.4723962974790353
0.5621217746538569	-0.4723587900868865
0.5621765075592494	-0.4723211502843102
0.5622313954515792	-0.4722833777368883
0.5622864384520662	-0.4722454721079194
0.5623416366814300	-0.4722074330582373
0.5623969902624227	-0.4721692602484956
0.5624524993165583	-0.4721309533380018
0.5625081639646965	-0.4720925119823880
0.5625639843308051	-0.4720539358371066
0.5626199605361596	-0.4720152245555062
0.5626760927059860	-0.4719763777888670
0.5627323809583986	-0.4719373951871286
0.5627888254208785	-0.4718982763983666
0.5628454262173754	-0.4718590210709308
0.5629021834693937	-0.4718196288470984
0.5629590973028487	-0.4717800993708978
0.5630161678417859	-0.4717404322834842
0.5630733952091472	-0.4717006272258321
0.5631307795315653	-0.4716606838333423
0.5631883209342865	-0.4716206017435310
0.5632460195426986	-0.4715803805912371
0.5633038754799782	-0.4715400200051467
0.5633618888752422	-0.4714995196195876
0.5634200598539499	-0.4714588790618955
0.5634783885390088	-0.4714180979590058
0.5635368750609610	-0.4713771759371183
0.5635955195465859	-0.4713361126175662
0.5636543221203095	-0.4712949076227159
0.5637132829105983	-0.4712535605717272
0.5637724020449233	-0.4712120710842918
0.5638316796526001	-0.4711704387717265
0.5638911158592596	-0.4711286632519682
0.5639507107932004	-0.4710867441354544
0.5640104645851703	-0.4710446810325922
0.5640703773615918	-0.4710024735509565
0.5641304492520509	-0.4709601212975124
0.5641906803846946	-0.4709176238761802
0.5642510708905987	-0.4708749808880597
0.5643116208967391	-0.4708321919353289
0.5643723305351021	-0.4707892566153866
0.5644331999349758	-0.4707461745244837
0.5644942292259920	-0.4707029452580288
0.5645554185389425	-0.4706595684071607
0.5646167680039228	-0.4706160435626955
0.5646782777511226	-0.4705723703120261
0.5647399479132714	-0.4705285482439027
0.5648017786195674	-0.4704845769390481
0.5648637700017559	-0.4704404559825811
0.5649259221918104	-0.4703961849542597
0.5649882353213955	-0.4703517634311490
0.5650507095224856	-0.4703071909875268
0.5651133449249441	-0.4702624671994561
0.5651761416657837	-0.4702175916401152
0.5652390998720846	-0.4701725638744542
0.5653022196790510	-0.4701273834738371
0.5653655012207541	-0.4700820500025405
0.5654289446270510	-0.4700365630225620
0.5654925500319916	-0.4699909220956739
0.5655563175698154	-0.4699451267810180
0.5656202473729995	-0.4698991766342944
0.5656843395757613	-0.4698530712098200
0.5657485943109818	-0.4698068100600745
0.5658130117128187	-0.4697603927346878
0.5658775919162132	-0.4697138187817876
0.5659423350536212	-0.4696670877447067
0.5660072412610461	-0.4696201991703448
0.5660723106714101	-0.4695731525956040
0.5661375434224101	-0.4695259475607097
0.5662029396412118	-0.4694785836020675
0.5662684994705343	-0.4694310602529804
0.5663342230430138	-0.4693833770451628
0.5664001104920200	-0.4693355335077092
0.5664661619554159	-0.4692875291675994
0.5665323775666367	-0.4692393635494805
0.5665987574610972	-0.4691910361738119
0.5666653017753243	-0.4691425465614802
0.5667320106432969	-0.4690938942305524
0.5667988842027230	-0.4690450786930603
0.5668659225873722	-0.4689960994647546
0.5669331259366881	-0.4689469560525968
0.5670004943829372	-0.4688976479657327
0.5670680280640564	-0.4688481747082860
0.5671357271147993	-0.4687985357822670
0.5672035916732293	-0.4687487306887622
0.5672716218750699	-0.4686987589244150
0.5673398178562298	-0.4686486199841094
0.5674081797537689	-0.4685983133599794
0.5674767077035318	-0.4685478385409104
0.5675454018434268	-0.4684971950161759
0.5676142623086163	-0.4684463822692552
0.5676832892372123	-0.4683953997814456
0.5677524827643907	-0.4683442470325818
0.5678218430267145	-0.4682929234970612
0.5678913701637552	-0.4682414286508451
0.5679610643098234	-0.4681897619643861
0.5680309256027313	-0.4681379229104925
0.5681009541814582	-0.4680859109485228
0.5681711501756121	-0.4680337255439989
0.5682415137292823	-0.4679813661615329
0.5683120449790440	-0.4679288322518387
0.5683827440580657	-0.4678761232745600
0.5684536111053872	-0.4678232386789640
0.5685246462582775	-0.4677701779153708
0.5685958496522859	-0.4677169404298587
0.5686672214265546	-0.4676635256684031
0.5687387617146535	-0.4676099330677703
0.5688104706562866	-0.4675561620679848
0.5688823483851783	-0.4675022121057109
0.5689543950423634	-0.4674480826089665
0.5690266107606456	-0.4673937730097388
0.5690989956798238	-0.4673392827338482
0.5691715499354221	-0.4672846112059338
0.5692442736581114	-0.4672297578404303
0.5693171669926594	-0.4671747220609090
0.5693902300716316	-0.4671195032795603
0.5694634630324097	-0.4670641009078971
0.5695368660101293	-0.4670085143535792
0.5696104391404352	-0.4669527430221375
0.5696841825617747	-0.4668967863145823
0.5697580964074408	-0.4668406436312857
0.5698321808136340	-0.4667843143676271
0.5699064359157830	-0.4667277979157621
0.5699808618509024	-0.4666710936656351
0.5700554587532738	-0.4666142010033961
0.5701302267580051	-0.4665571193130350
0.5702051659989764	-0.4664998479724022
0.5702802766130458	-0.4664423863607716
0.5703555587346428	-0.4663847338507952
0.5704310124967232	-0.4663268898103063
0.5705066380341206	-0.4662688536093075
0.5705824354827314	-0.4662106246110267
0.5706584049746780	-0.4661522021736884
0.5707345466442117	-0.4660935856554262
0.5708108606242945	-0.4660347744093113
0.5708873470485366	-0.4659757677869816
0.5709640060505889	-0.4659165651326967
0.5710408377615087	-0.4658571657922943
0.5711178423158986	-0.4657975691027433
0.5711950198452321	-0.4657377744025912
0.5712723704818442	-0.4656777810226401
0.5713498943568055	-0.4656175882944300
0.5714275916013112	-0.4655571955431662
0.5715054623477317	-0.4654966020894326
0.5715835067264963	-0.4654358072532897
0.5716617248659510	-0.4653748103493637
0.5717401168961685	-0.4653136106872684
0.5718186829576045	-0.4652522075804774
0.5718974231652834	-0.4651906003281353
0.5719763376560494	-0.4651287882293564
0.5720554265557657	-0.4650667705827290
0.5721346899935009	-0.4650045466817481
0.5722141280995473	-0.4649421158152003
0.5722937409972372	-0.4648794772716845
0.5723735288205148	-0.4648166303211411
0.5724534916889179	-0.4647535742528093
0.5725336297337704	-0.4646903083381727
0.5726139430790635	-0.4646268318443618
0.5726944318504117	-0.4645631440383168
0.5727750961734904	-0.4644992441827321
0.5728559361713090	-0.4644351315347022
0.5729369519698025	-0.4643708053496551
0.5730181436917593	-0.4643062648765734
0.5730995114597113	-0.4642415093624150
0.5731810553973958	-0.4641765380467760
0.5732627756254977	-0.4641113501693722
0.5733446722659667	-0.4640459449632333
0.5734267454410459	-0.4639803216616004
0.5735089952705417	-0.4639144794843181
0.5735914218730477	-0.4638484176558978
0.5736740253676884	-0.4637821353912479
0.5737568058773135	-0.4637156319054822
0.5738397635076020	-0.4636489064043434
0.5739228983893729	-0.4635819580952484
0.5740062106334589	-0.4635147861746030
0.5740897003564394	-0.4634473898405534
0.5741733676738130	-0.4633797682839308
0.5742572126998786	-0.4633119206897381
0.5743412355470182	-0.4632438462411300
0.5744254363318086	-0.4631755441168603
0.5745098151627999	-0.4631070134888393
0.5745943721527942	-0.4630382535250727
0.5746791074148867	-0.4629692633928882
0.5747640210552507	-0.4629000422489852
0.5748491131887784	-0.4628305892495321
0.5749343839158970	-0.4627609035437923
0.5750198333497351	-0.4626909842787813
0.5751054615930917	-0.4626208305934223
0.5751912687571222	-0.4625504416236705
0.5752772549436307	-0.4624798165067049
0.5753634202551526	-0.4624089543626039
0.5754497647972634	-0.4623378543149341
0.5755362886704031	-0.4622665154821215
0.5756229919753879	-0.4621949369733394
0.5757098748158889	-0.4621231178972008
0.5757969372856996	-0.4620510573575572
0.5758841794860945	-0.4619787544492784
0.5759716015150140	-0.4619062082637339
0.5760592034667434	-0.4618334178908362
0.5761469854355287	-0.4617603824089540
0.5762349475150328	-0.4616871008982187
0.5763230898002987	-0.4616135724301805
0.5764114123819027	-0.4615397960683648
0.5764999153466860	-0.4614657708728367
0.5765885987898067	-0.4613914959078373
0.5766774627966575	-0.4613169702154658
0.5767665074443212	-0.4612421928506191
0.5768557328485611	-0.4611671628291661
0.5769451390510275	-0.4610918792145091
0.5770347261650927	-0.4610163410187218
0.5771244942585030	-0.4609405472815185
0.5772144434112921	-0.4608644970059480
0.5773045737213272	-0.4607881892055687
0.5773948852452735	-0.4607116228913249
0.5774853780620968	-0.4606347970625004
0.5775760522511905	-0.4605577107179808
0.5776669078848247	-0.4604803628482335
0.5777579450312414	-0.4604027524306605
0.5778491637660819	-0.4603248784506073
0.5779405641499078	-0.4602467398765412
0.5780321462556880	-0.4601683356784991
0.5781239101490830	-0.4600896648140175
0.5782158558884799	-0.4600107262391946
0.5783079835420948	-0.4599315189061200
0.5784002931631326	-0.4598520417516914
0.5784927848178434	-0.4597722937168620
0.5785854585543904	-0.4596922737303281
0.5786783144387264	-0.4596119807286679
0.5787713525109616	-0.4595314136008027
0.5788645728311461	-0.4594505712876932
0.5789579754457441	-0.4593694526838819
0.5790515604012185	-0.4592880566897686
0.5791453277491124	-0.4592063821992756
0.5792392775240766	-0.4591244281027995
0.5793334097745497	-0.4590421932721873
0.5794277245383725	-0.4589596765846737
0.5795222218521692	-0.4588768769126373
0.5796169017521265	-0.4587937931136787
0.5797117642682275	-0.4587104240396545
0.5798068094354445	-0.4586267685443380
0.5799020372815002	-0.4585428254628139
0.5799974478281793	-0.4584585936299951
0.5800930411064790	-0.4583740718782942
0.5801888171379878	-0.4582892590204171
0.5802847759404556	-0.4582041538738215
0.5803809175154112	-0.4581187552551736
0.5804772419141396	-0.4580330619321297
0.5805737491211747	-0.4579470727302234
0.5806704391471313	-0.4578607864261662
0.5807673120081450	-0.4577742017947935
0.5808643676990124	-0.4576873176078898
0.5809616062286066	-0.4576001326306586
0.5810590275957060	-0.4575126456199090
0.5811566317951956	-0.4574248553227512
0.5812544188212291	-0.4573367604880516
0.5813523886604712	-0.4572483598498886
0.5814505412978243	-0.4571596521154689
0.5815488767306015	-0.4570706360192035
0.5816473949535909	-0.4569813102828916
0.5817460959120370	-0.4568916736002962
0.5818449796040938	-0.4568017246762290
0.5819440459770352	-0.4567114621753642
0.5820432950154942	-0.4566208848128239
0.5821427267155523	-0.4565299912273690
0.5822423409988868	-0.4564387801125143
0.5823421378374963	-0.4563472501124987
0.5824421171931582	-0.4562553998805613
0.5825422790158319	-0.4561632280570352
0.5826426232521349	-0.4560707332709998
0.5827431498527048	-0.4559779141538440
0.5828438587544763	-0.4558847693203939
0.5829447499018815	-0.4557912973743614
0.5830458232282546	-0.4556974969232554
0.5831470786640817	-0.4556033665536298
0.5832485161596930	-0.4555089048600047
0.5833501355799163	-0.4554141103917956
0.5834519368755108	-0.4553189817313505
0.5835539199979464	-0.4552235174604168
0.5836560847959895	-0.4551277160656451
0.5837584312044983	-0.4550315761455992
0.5838609591763307	-0.4549350961867264
0.5839636685197069	-0.4548382747615154
0.5840665591874463	-0.4547411103457560
0.5841696310518422	-0.4546436014520139
0.5842728840064970	-0.4545457465770606
0.5843763179244775	-0.4544475442118938
0.5844799326864736	-0.4543489928295936
0.5845837281652200	-0.4542500908920228
0.5846877042244293	-0.4541508368618590
0.5847918607235074	-0.4540512291904631
0.5848961975277377	-0.4539512663152024
0.5850007144548105	-0.4538509466351223
0.5851054114382745	-0.4537502686604781
0.5852102882349043	-0.4536492307149821
0.5853153447097179	-0.4535478312252920
0.5854205806843982	-0.4534460686134201
0.5855259960513366	-0.4533439411954640
0.5856315904910524	-0.4532414473704914
0.5857373639392308	-0.4531385855198588
0.5858433161717039	-0.4530353539939720
0.5859494469887618	-0.4529317511203117
0.5860557561951335	-0.4528277752280119
0.5861622435668132	-0.4527234246375713
0.5862689088842378	-0.4526186976863147
0.5863757519474885	-0.4525135926372291
0.5864827725323150	-0.4524081077989884
0.5865899704286911	-0.4523022414415444
0.5866973452897950	-0.4521959918490713
0.5868048969907714	-0.4520893572631831
0.5869126252284171	-0.4519823359320245
0.5870205297480013	-0.4518749260955601
0.5871286102849187	-0.4517671259825815
0.5872368665719402	-0.4516589338061986
0.5873452982868312	-0.4515503477186796
0.5874539052774834	-0.4514413660834745
0.5875626870555908	-0.4513319868481709
0.5876716434506790	-0.4512222083280214
0.5877807741123364	-0.4511120286354654
0.5878900787355564	-0.4510014458921174
0.5879995569956363	-0.4508904583534035
0.5881092085488570	-0.4507790640167659
0.5882190330563402	-0.4506672610330587
0.5883290301928786	-0.4505550475051076
0.5884391995729579	-0.4504424215164348
0.5885495408527390	-0.4503293811524800
0.5886600536376436	-0.4502159244700726
0.5887707375440796	-0.4501020495763936
0.5888815922383402	-0.4499877543535701
0.5889926172643034	-0.4498730369498329
0.5891038122226382	-0.4497578954517966
0.5892151767078229	-0.4496423277940694
0.5893267102742873	-0.4495263318360818
0.5894384125113294	-0.4494099057241190
0.5895502829636056	-0.4492930473821878
0.5896623211635947	-0.4491757547474756
0.5897745266590301	-0.4490580257648489
0.5898868989701157	-0.4489398583641732
0.5899994376089499	-0.4488212504603565
0.5901121420879845	-0.4487021999532653
0.5902250119019158	-0.4485827047270410
0.5903380465323280	-0.4484627626767746
0.5904512454283408	-0.4483423716363011
0.5905646080207845	-0.4482215294483571
0.5906781339234848	-0.4481002340153299
0.5907918224508576	-0.4479784831774407
0.5909056729630617	-0.4478562745017419
0.5910196849753346	-0.4477336060496634
0.5911338578852893	-0.4476104755082710
0.5912481910648748	-0.4474868806524014
0.5913626838880205	-0.4473628192204344
0.5914773357284692	-0.4472382890074472
0.5915921460815454	-0.4471132876712259
0.5917071138139472	-0.4469878128336662
0.5918222388721667	-0.4468618624257420
0.5919375202937686	-0.4467354340645127
0.5920529572868753	-0.4466085252027247
0.5921685491528997	-0.4464811336853773
0.5922842952640130	-0.4463532571127030
0.5924001949696973	-0.4462248931818036
0.5925162473373964	-0.4460960393996133
0.5926324516467212	-0.4459666933301291
0.5927488072798366	-0.4458368526283904
0.5928653130641932	-0.4457065150200353
0.5929819685167552	-0.4455756777715988
0.5930987728594574	-0.4454443386558000
0.5932157247693856	-0.4453124948221579
0.5933328238527573	-0.4451801441238525
0.5934500690987535	-0.4450472839655083
0.5935674596224977	-0.4449139117652094
0.5936849944452852	-0.4447800250768711
0.5938026726997004	-0.4446456212638529
0.5939204935736412	-0.4445106979172254
0.5940384556010226	-0.4443752518408545
0.5941565585643974	-0.4442392814284596
0.5942748007777329	-0.4441027832416015
0.5943931815857636	-0.4439657549920927
0.5945117000032520	-0.4438281939314402
0.5946303546131885	-0.4436900974688419
0.5947491449433576	-0.4435514630001892
0.5948680690480098	-0.4434122874104851
0.5949871265303026	-0.4432725684245780
0.5951063160469527	-0.4431323031462571
0.5952256365471886	-0.4429914888592364
0.5953450863817092	-0.4428501224773123
0.5954646650023386	-0.4427082020325942
0.5955843707323794	-0.4425657238526069
0.5957042029612024	-0.4424226854859513
0.5958241592373662	-0.4422790843985143
0.5959442391723894	-0.4421349171057450
0.5960644420307724	-0.4419901816331608
0.5961847647092217	-0.4418448734903397
0.5963052073881340	-0.4416989916655848
0.5964257681979566	-0.4415525323526902
0.5965464456156717	-0.4414054922725410
0.5966672383698451	-0.4412578690465832
0.5967881449833665	-0.4411096595299902
0.5969091642505820	-0.4409608605166780
0.5970302937090560	-0.4408114700415623
0.5971515331548878	-0.4406614836347782
0.5972728793489480	-0.4405108985373486
0.5973943329440523	-0.4403597125363837
0.5975158911543158	-0.4402079225719348
0.5976375514428692	-0.4400555243777081
0.5977593134002370	-0.4399025152002254
0.5978811742648046	-0.4397488931167953
0.5980031339888388	-0.4395946532105843
0.5981251895749083	-0.4394397931340025
0.5982473391487843	-0.4392843110186664
0.5983695805469298	-0.4391282015371465
0.5984919142165450	-0.4389714624573010
0.5986143357664104	-0.4388140913949718
0.5987368449168936	-0.4386560836150557
0.5988594376054400	-0.4384974365315456
0.5989821132373080	-0.4383381469303543
0.5991048708171718	-0.4381782113892945
0.5992277081210680	-0.4380176260959658
0.5993506194631576	-0.4378563886613439
0.5994736062204824	-0.4376944956246703
0.5995966676741294	-0.4375319427516362
0.5997197973659522	-0.4373687269151196
0.5998429962407755	-0.4372048470150646
0.5999662601971432	-0.4370402949456396
0.6000895879344427	-0.4368750712075609
0.6002129759316880	-0.4367091700125893
0.6003364244562286	-0.4365425917028556
0.6004599299193329	-0.4363753291803907
0.6005834851687500	-0.4362073785147443
0.6007070962037636	-0.4360387374123901
0.6008307553051396	-0.4358694049808102
0.6009544588197627	-0.4356993736426563
0.6010782063533605	-0.4355286406870114
0.6012019972044691	-0.4353572031397701
0.6013258229784252	-0.4351850589244936
0.6014496852979386	-0.4350122033962154
0.6015735818442661	-0.4348386307648017
0.6016975062808650	-0.4346643423847698
0.6018214583679525	-0.4344893308350116
0.6019454334350884	-0.4343135883917692
0.6020694321770097	-0.4341371204935114
0.6021934442371714	-0.4339599180547512
0.6023174741387159	-0.4337819782719799
0.6024415166623767	-0.4336032987199775
0.6025655659332864	-0.4334238714322147
0.6026896208733216	-0.4332436983447699
0.6028136781800322	-0.4330627722589959
0.6029377326840240	-0.4328810891377207
0.6030617833473002	-0.4326986481155725
0.6031858236637573	-0.4325154426394018
0.6033098554823551	-0.4323314694233946
0.6034338660286884	-0.4321467294672289
0.6035578629766903	-0.4319612087555824
0.6036818332100877	-0.4317749069048378
0.6038057843865834	-0.4315878287794362
0.6039296913120407	-0.4313999650389674
0.6040535731715295	-0.4312113086614209
0.6041774109317219	-0.4310218585986855
0.6043012129265501	-0.4308316070005426
0.6044249578699331	-0.4306405608265485
0.6045486653604544	-0.4304487036638111
0.6046723096051472	-0.4302560354752815
0.6047958957618361	-0.4300625534138717
0.6049194214156353	-0.4298682613871288
0.6050428755306005	-0.4296731407222975
0.6051662589494874	-0.4294772039298066
0.6052895686412433	-0.4292804304063672
0.6054127896670739	-0.4290828143763775
0.6055359319329591	-0.4288843775644071
0.6056589797128901	-0.4286850940362605
0.6057819251740971	-0.4284849676074831
0.6059047815106237	-0.4282839857002255
0.6060275133859608	-0.4280821649143167
0.6061501474678764	-0.4278794758255007
0.6062726644743129	-0.4276759353506519
0.6063950600250498	-0.4274715212233716
0.6065173246159841	-0.4272662516068020
0.6066394554151493	-0.4270600901795674
0.6067614580837624	-0.4268530770877362
0.6068832948341001	-0.4266451648153334
0.6070050001194175	-0.4264363883928994
0.6071265725108091	-0.4262266969588166
0.6072479427160022	-0.4260161293471931
0.6073691654969214	-0.4258046828882072
0.6074902017525845	-0.4255923084171734
0.6076110803982437	-0.4253790512293162
0.6077317462055151	-0.4251648809313524
0.6078522398904617	-0.4249497954383950
0.6079725509189892	-0.4247338437812661
0.6080926428445088	-0.4245169116332349
0.6082125236148573	-0.4242990758325590
0.6083321585364700	-0.4240803457439057
0.6084516051182192	-0.4238606458515888
0.6085708062139230	-0.4236400557399145
0.6086897776048874	-0.4234184841029494
0.6088084841855821	-0.4231960191527138
0.6089269766858153	-0.4229725946865209
0.6090451628181884	-0.4227481841479437
0.6091631096922482	-0.4225228885539828
0.6092808024380740	-0.4222966254516124
0.6093981783474879	-0.4220694021480438
0.6095152140134112	-0.4218412229164205
0.6096320813396412	-0.4216121024429395
0.6097485491797595	-0.4213819395295914
0.6098647284407287	-0.4211508680425400
0.6099805524374744	-0.4209187828729150
0.6100960963553245	-0.4206858331220305
0.6102112408183812	-0.4204518058051263
0.6103260459598931	-0.4202168258907036
0.6104406005592979	-0.4199808374063573
0.6105546687714253	-0.4197438865264291
0.6106684672547447	-0.4195059647596993
0.6107818637167151	-0.4192670483858764
0.6108947309708923	-0.4190270787777864
0.6110075982250696	-0.4187871091696964
0.6111191663223048	-0.4185439601006081
0.6112307344195400	-0.4183008110315198
0.6113423025167752	-0.4180576619624315
0.6114534033063338	-0.4178123907694949
0.6115645040958924	-0.4175671195765583
0.6116739791764964	-0.4173198455744505
0.6117834542571003	-0.4170725715723426
0.6118929293377043	-0.4168252975702348
0.6120006534500779	-0.4165726090855312
0.6121083775624515	-0.4163199206008277
0.6122161016748251	-0.4160672321161241
0.6123238257871987	-0.4158145436314206
0.6124315498995723	-0.4155618551467170
0.6125392740119459	-0.4153091666620135
0.6126469981243194	-0.4150564781773099
0.6127547222366930	-0.4148037896926063
0.6128457235614315	-0.4145353928102656
0.6129543800024246	-0.4142787113670956
0.6130630364434178	-0.4140220299239256
0.6131716928844109	-0.4137653484807555
0.6132644215286555	-0.4134955199245462
0.6133571501729000	-0.4132256913683369
0.6134498788171446	-0.4129558628121275
0.6135426074613892	-0.4126860342559182
0.6136353361056338	-0.4124162056997089
0.6137280647498784	-0.4121463771434996
0.6138207933941230	-0.4118765485872902
0.6139135220383676	-0.4116067200310809
0.6140062506826122	-0.4113368914748716
0.6140989793268568	-0.4110670629186622
0.6141917079711013	-0.4107972343624529
0.6142844366153459	-0.4105274058062436
0.6143771652595905	-0.4102575772500343
0.6144698939038351	-0.4099877486938249
0.6145626225480797	-0.4097179201376156
0.6146553511923243	-0.4094480915814063
0.6147480798365689	-0.4091782630251969
0.6148408084808135	-0.4089084344689876
0.6149335371250580	-0.4086386059127783
0.6150262657693026	-0.4083687773565690
0.6151189944135472	-0.4080989488003596
0.6152117230577918	-0.4078291202441503
0.6153044517020364	-0.4075592916879410
0.6153971803462810	-0.4072894631317316
0.6154899089905256	-0.4070196345755223
0.6155826376347702	-0.4067498060193130
0.6156753662790148	-0.4064799774631037
0.6157680949232593	-0.4062101489068943
0.6158608235675039	-0.4059403203506850
0.6159535522117485	-0.4056704917944757
0.6160462808559931	-0.4054006632382663
0.6161390095002377	-0.4051308346820570
0.6162317381444823	-0.4048610061258477
0.6163244667887269	-0.4045911775696384
0.6164171954329715	-0.4043213490134290
0.6165099240772161	-0.4040515204572197
0.6166026527214606	-0.4037816919010104
0.6166953813657052	-0.4035118633448010
0.6167881100099498	-0.4032420347885917
0.6168808386541944	-0.4029722062323824
0.6169735672984390	-0.4027023776761731
0.6170662959426836	-0.4024325491199637
0.6171590245869282	-0.4021627205637544
0.6172517532311728	-0.4018928920075451
0.6173444818754174	-0.4016230634513357
0.6174372105196619	-0.4013532348951264
0.6175299391639065	-0.4010834063389171
0.6176226678081511	-0.4008135777827078
0.6177153964523957	-0.4005437492264984
0.6178081250966403	-0.4002739206702891
0.6179008537408849	-0.4000040921140798
0.6179935823851295	-0.3997342635578705
0.6180863110293741	-0.3994644350016611
0.6181790396736186	-0.3991946064454518
0.6182717683178632	-0.3989247778892425
0.6183644969621078	-0.3986549493330331
0.6184572256063524	-0.3983851207768238
0.6185499542505970	-0.3981152922206145
0.6186426828948416	-0.3978454636644052
0.6187354115390862	-0.3975756351081958
0.6188281401833308	-0.3973058065519865
0.6189208688275754	-0.3970359779957772
0.6190135974718199	-0.3967661494395678
0.6191063261160645	-0.3964963208833585
0.6191990547603091	-0.3962264923271492
0.6192917834045537	-0.3959566637709399
0.6193845120487983	-0.3956868352147305
0.6194772406930429	-0.3954170066585212
0.6195699693372875	-0.3951471781023119
0.6196626979815321	-0.3948773495461025
0.6197554266257767	-0.3946075209898932
0.6198481879480464	-0.3943376705511697
0.6199409494960105	-0.3940678202452770
0.6200337112973822	-0.3937979701965081
0.6201264763465558	-0.3935280734563969
