0.3467109968791484	-0.2739148752912436
0.3467829917734823	-0.2739084700024370
0.3468550966054608	-0.2739020231634602
0.3469273115099649	-0.2738955347197889
0.3469996366224650	-0.2738890046163687
0.3470720720787495	-0.2738824327977462
0.3471446180149592	-0.2738758192086058
0.3472172745677881	-0.2738691637927330
0.3472900418742672	-0.2738624664940544
0.3473629200719457	-0.2738557272558180
0.3474359092986779	-0.2738489460211900
0.3475090096928340	-0.2738421227328635
0.3475822213931259	-0.2738352573333514
0.3476555445389009	-0.2738283497644602
0.3477289792696321	-0.2738213999682043
0.3478025257254497	-0.2738144078859992
0.3478761840468440	-0.2738073734586771
0.3479499543747474	-0.2738002966272761
0.3480238368505621	-0.2737931773319410
0.3480978316160345	-0.2737860155129408
0.3481719388134811	-0.2737788111099412
0.3482461585855668	-0.2737715640623294
0.3483204910754186	-0.2737642743091714
0.3483949364266262	-0.2737569417891874
0.3484694947832057	-0.2737495664407769
0.3485441662897383	-0.2737421482017858
0.3486189510910123	-0.2737346870101328
0.3486938493324630	-0.2737271828030349
0.3487688611598642	-0.2737196355175414
0.3488439867196342	-0.2737120450901893
0.3489192261583886	-0.2737044114573798
0.3489945796233253	-0.2736967345550879
0.3490700472622518	-0.2736890143187598
0.3491456292230630	-0.2736812506836612
0.3492213256544802	-0.2736734435847911
0.3492971367055065	-0.2736655929566263
0.3493730625256504	-0.2736576987333468
0.3494491032648893	-0.2736497608487727
0.3495252590736612	-0.2736417792363711
0.3496015301028673	-0.2736337538292272
0.3496779165038866	-0.2736256845601771
0.3497544184286565	-0.2736175713613945
0.3498310360294109	-0.2736094141650918
0.3499077694589987	-0.2736012129029249
0.3499846188706898	-0.2735929675060368
0.3500615844182463	-0.2735846779054967
0.3501386662559404	-0.2735763440318037
0.3502158645384990	-0.2735679658151542
0.3502931794211135	-0.2735595431853783
0.3503706110595194	-0.2735510760719208
0.3504481596098895	-0.2735425644038582
0.3505258252288973	-0.2735340081099056
0.3506036080737195	-0.2735254071183733
0.3506815083020429	-0.2735167613572285
0.3507595260720017	-0.2735080707540519
0.3508376615422623	-0.2734993352360210
0.3509159148719941	-0.2734905547299654
0.3509942862208350	-0.2734817291623309
0.3510727757489403	-0.2734728584591619
0.3511513836169928	-0.2734639425461411
0.3512301099861425	-0.2734549813485329
0.3513089550180685	-0.2734459747912619
0.3513879188749743	-0.2734369227988124
0.3514670017195247	-0.2734278252953278
0.3515462037149754	-0.2734186822045238
0.3516255250250102	-0.2734094934497414
0.3517049658138774	-0.2734002589539499
0.3517845262463369	-0.2733909786396774
0.3518642064876685	-0.2733816524290852
0.3519440067036982	-0.2733722802439373
0.3520239270606987	-0.2733628620056012
0.3521039677255824	-0.2733533976350069
0.3521841288656705	-0.2733438870527435
0.3522644106489117	-0.2733343301789447
0.3523448132437107	-0.2733247269333830
0.3524253368190728	-0.2733150772353690
0.3525059815445042	-0.2733053810038573
0.3525867475900261	-0.2732956381573830
0.3526676351262398	-0.2732858486140560
0.3527486443242727	-0.2732760122915847
0.3528297753558027	-0.2732661291072462
0.3529110283930261	-0.2732561989779219
0.3529924036087005	-0.2732462218200814
0.3530739011761634	-0.2732361975497432
0.3531555212692314	-0.2732261260825620
0.3532372640623688	-0.2732160073337214
0.3533191297305058	-0.2732058412179949
0.3534011184492062	-0.2731956276497388
0.3534832303945140	-0.2731853665428788
0.3535654657431104	-0.2731750578109189
0.3536478246721874	-0.2731647013669248
0.3537303073595216	-0.2731542971235364
0.3538129139834311	-0.2731438449929800
0.3538956447228847	-0.2731333448869966
0.3539784997573144	-0.2731227967169584
0.3540614792668033	-0.2731122003937150
0.3541445834319686	-0.2731015558277942
0.3542278124340271	-0.2730908629291589
0.3543111664547611	-0.2730801216074276
0.3543946456765615	-0.2730693317717061
0.3544782502823609	-0.2730584933306979
0.3545619804557102	-0.2730476061926486
0.3546458363807417	-0.2730366702653326
0.3547298182421798	-0.2730256854560912
0.3548139262253289	-0.2730146516718310
0.3548981605161111	-0.2730035688189669
0.3549825213010183	-0.2729924368034917
0.3550670087671777	-0.2729812555309057
0.3551516231022744	-0.2729700249062693
0.3552363644946291	-0.2729587448342022
0.3553212331331658	-0.2729474152188112
0.3554062292074113	-0.2729360359637711
0.3554913529074866	-0.2729246069722950
0.3555766044241649	-0.2729131281471023
0.3556619839487872	-0.2729015993904647
0.3557474916733554	-0.2728900206041587
0.3558331277904794	-0.2728783916894990
0.3559188924933706	-0.2728667125473280
0.3560047859758819	-0.2728549830779978
0.3560908084324876	-0.2728432031813865
0.3561769600583121	-0.2728313727568861
0.3562632410490667	-0.2728194917034219
0.3563496516011665	-0.2728075599194023
0.3564361919115740	-0.2727955773027687
0.3565228621779801	-0.2727835437509578
0.3566096625986538	-0.2727714591609309
0.3566965933725254	-0.2727593234291440
0.3567836546991806	-0.2727471364515699
0.3568708467788640	-0.2727348981236582
0.3569581698124304	-0.2727226083403691
0.3570456240014447	-0.2727102669961741
0.3571332095480771	-0.2726978739850247
0.3572209266551745	-0.2726854292003655
0.3573087755262565	-0.2726729325351570
0.3573967563655058	-0.2726603838818008
0.3574848693777560	-0.2726477831322267
0.3575731147685200	-0.2726351301778258
0.3576614927439788	-0.2726224249094932
0.3577500035109855	-0.2726096672175845
0.3578386472770906	-0.2725968569919495
0.3579274242504826	-0.2725839941218903
0.3580163346400702	-0.2725710784962211
0.3581053786554398	-0.2725581100031726
0.3581945565068306	-0.2725450885305031
0.3582838684052438	-0.2725320139653994
0.3583733145622947	-0.2725188861945307
0.3584628951903325	-0.2725057051040245
0.3585526105024254	-0.2724924705794471
0.3586424607122826	-0.2724791825058734
0.3587324460343654	-0.2724658407677856
0.3588225666838313	-0.2724524452491320
0.3589128228765557	-0.2724389958333220
0.3590032148290863	-0.2724254924031995
0.3590937427587579	-0.2724119348410725
0.3591844068835301	-0.2723983230286770
0.3592752074221509	-0.2723846568471842
0.3593661445940751	-0.2723709361772289
0.3594572186194681	-0.2723571608988589
0.3595484297192415	-0.2723433308915706
0.3596397781150465	-0.2723294460342790
0.3597312640292546	-0.2723155062053273
0.3598228876849488	-0.2723015112825083
0.3599146493060070	-0.2722874611430136
0.3600065491170074	-0.2722733556634659
0.3600985873433083	-0.2722591947198944
0.3601907642109846	-0.2722449781877678
0.3602830799468848	-0.2722307059419496
0.3603755347786273	-0.2722163778567028
0.3604681289345287	-0.2722019938057392
0.3605608626437414	-0.2721875536621317
0.3606537361361278	-0.2721730572983970
0.3607467496423533	-0.2721585045864071
0.3608399033938241	-0.2721438953974554
0.3609331976227498	-0.2721292296022528
0.3610266325621069	-0.2721145070708437
0.3611202084456258	-0.2720997276727300
0.3612139255078646	-0.2720848912767311
0.3613077839841289	-0.2720699977511120
0.3614017841105410	-0.2720550469634723
0.3614959261239920	-0.2720400387808160
0.3615902102622061	-0.2720249730695145
0.3616846367636686	-0.2720098496953020
0.3617792058676796	-0.2719946685233002
0.3618739178143611	-0.2719794294179730
0.3619687728446052	-0.2719641322431814
0.3620637712001615	-0.2719487768621135
0.3621589131235758	-0.2719333631373314
0.3622541988582105	-0.2719178909307364
0.3623496286482457	-0.2719023601036153
0.3624452027386987	-0.2718867705165696
0.3625409213754105	-0.2718711220295519
0.3626367848050704	-0.2718554145018721
0.3627327932751752	-0.2718396477921614
0.3628289470340726	-0.2718238217584072
0.3629252463309537	-0.2718079362579093
0.3630216914158743	-0.2717919911473073
0.3631182825397108	-0.2717759862825723
0.3632150199542165	-0.2717599215189827
0.3633119039119748	-0.2717437967111563
0.3634089346664616	-0.2717276117130178
0.3635061124720083	-0.2717113663777965
0.3636034375837908	-0.2716950605580515
0.3637009102578845	-0.2716786941056429
0.3637985307512293	-0.2716622668717242
0.3638962993216359	-0.2716457787067533
0.3639942162278061	-0.2716292294605034
0.3640922817293264	-0.2716126189820129
0.3641904960867013	-0.2715959471196296
0.3642888595612489	-0.2715792137209782
0.3643873724152810	-0.2715624186329766
0.3644860349119344	-0.2715455617018217
0.3645848473153162	-0.2715286427729778
0.3646838098903766	-0.2715116616911857
0.3647829229030382	-0.2714946183004564
0.3648821866200982	-0.2714775124440707
0.3649816013092908	-0.2714603439645595
0.3650811672392665	-0.2714431127037340
0.3651808846796243	-0.2714258185026334
0.3652807539008646	-0.2714084612015769
0.3653807751744456	-0.2713910406401112
0.3654809487727733	-0.2713735566570217
0.3655812749691656	-0.2713560090903591
0.3656817540379092	-0.2713383977773907
0.3657823862542639	-0.2713207225546161
0.3658831718943948	-0.2713029832577799
0.3659841112354726	-0.2712851797218336
0.3660852045556159	-0.2712673117809435
0.3661864521339128	-0.2712493792685323
0.3662878542504187	-0.2712313820171962
0.3663894111861685	-0.2712133198587626
0.3664911232231823	-0.2711951926242465
0.3665929906444774	-0.2711770001438812
0.3666950137340462	-0.2711587422470768
0.3667971927768599	-0.2711404187624700
0.3668995280589278	-0.2711220295178464
0.3670020198672207	-0.2711035743402146
0.3671046684897473	-0.2710850530557394
0.3672074742155198	-0.2710664654897628
0.3673104373345373	-0.2710478114668177
0.3674135581378988	-0.2710290908105747
0.3675168369176180	-0.2710103033439126
0.3676202739668083	-0.2709914488888229
0.3677238695796379	-0.2709725272664823
0.3678276240512455	-0.2709535382972077
0.3679315376778494	-0.2709344818004680
0.3680356107567213	-0.2709153575948734
0.3681398435861755	-0.2708961654981653
0.3682442364655874	-0.2708769053272266
0.3683487896953757	-0.2708575768980684
0.3684535035770631	-0.2708381800258176
0.3685583784131953	-0.2708187145247353
0.3686634145074427	-0.2707991802081804
0.3687686121645222	-0.2707795768886392
0.3688739716902492	-0.2707599043776946
0.3689794933915311	-0.2707401624860293
0.3690851775763439	-0.2707203510234422
0.3691910245538232	-0.2707004697987793
0.3692970346341440	-0.2706805186200281
0.3694032081286358	-0.2706604972942283
0.3695095453497185	-0.2706404056274892
0.3696160466109307	-0.2706202434250138
0.3697227122269710	-0.2706000104910685
0.3698295425136263	-0.2705797066289660
0.3699365377878384	-0.2705593316410984
0.3700436983676864	-0.2705388853288905
0.3701510245723906	-0.2705183674928393
0.3702585167223179	-0.2704977779324554
0.3703661751390204	-0.2704771164463080
0.3704740001451703	-0.2704563828319913
0.3705819920646393	-0.2704355768861232
0.3706901512224433	-0.2704146984043537
0.3707984779447970	-0.2703937471813378
0.3709069725590922	-0.2703727230107483
0.3710156353938910	-0.2703516256852632
0.3711244667789867	-0.2703304549965500
0.3712334670453192	-0.2703092107353009
0.3713426365250834	-0.2702878926911592
0.3714519755516540	-0.2702665006527760
0.3715614844596220	-0.2702450344077820
0.3716711635848046	-0.2702234937427820
0.3717810132642669	-0.2702018784433197
0.3718910338362688	-0.2701801882939277
0.3720012256403247	-0.2701584230781058
0.3721115890172032	-0.2701365825782693
0.3722221243089097	-0.2701146665757990
0.3723328318587016	-0.2700926748510234
0.3724437120111029	-0.2700706071831723
0.3725547651119056	-0.2700484633504415
0.3726659915081752	-0.2700262431299105
0.3727773915482505	-0.2700039462975951
0.3728889655817690	-0.2699815726284264
0.3730007139596451	-0.2699591218962167
0.3731126370340881	-0.2699365938736905
0.3732247351586211	-0.2699139883324570
0.3733370086880555	-0.2698913050430179
0.3734494579785509	-0.2698685437747428
0.3735620833875666	-0.2698457042958742
0.3736748852738819	-0.2698227863735273
0.3737878639976411	-0.2697997897736640
0.3739010199202990	-0.2697767142611158
0.3740143534046623	-0.2697535595995468
0.3741278648149062	-0.2697303255514557
0.3742415545165295	-0.2697070118782030
0.3743554228764536	-0.2696836183399463
0.3744694702629203	-0.2696601446956641
0.3745836970455880	-0.2696365907031659
0.3746981035954586	-0.2696129561190624
0.3748126902849705	-0.2695892406987535
0.3749274574879226	-0.2695654441964355
0.3750424055795595	-0.2695415663650902
0.3751575349364934	-0.2695176069564885
0.3752728459367856	-0.2694935657211580
0.3753883389599191	-0.2694694424084020
0.3755040143868147	-0.2694452367662676
0.3756198725998041	-0.2694209485415672
0.3757359139827002	-0.2693965774798496
0.3758521389207476	-0.2693721233253966
0.3759685478006549	-0.2693475858212259
0.3760851410106124	-0.2693229647090613
0.3762019189402692	-0.2692982597293664
0.3763188819807798	-0.2692734706212733
0.3764360305247361	-0.2692485971226453
0.3765533649662947	-0.2692236389700280
0.3766708857010660	-0.2691985958986370
0.3767885931261921	-0.2691734676423810
0.3769064876403205	-0.2691482539338220
0.3770245696436427	-0.2691229545041914
0.3771428395378766	-0.2690975690833620
0.3772612977262754	-0.2690720973998662
0.3773799446136601	-0.2690465391808521
0.3774987806063721	-0.2690208941521168
0.3776178061123442	-0.2689951620380557
0.3777370215410835	-0.2689693425616910
0.3778564273036629	-0.2689434354446437
0.3779760238127327	-0.2689174404071264
0.3780958114825856	-0.2688913571679385
0.3782157907290798	-0.2688651854444587
0.3783359619696562	-0.2688389249526383
0.3784563256234481	-0.2688125754069758
0.3785768821111655	-0.2687861365205443
0.3786976318551549	-0.2687596080049365
0.3788185752794407	-0.2687329895702920
0.3789397128096501	-0.2687062809252760
0.3790610448731173	-0.2686794817770670
0.3791825718988155	-0.2686525918313501
0.3793042943174114	-0.2686256107923148
0.3794262125612455	-0.2685985383626306
0.3795483270643542	-0.2685713742434549
0.3796706382624838	-0.2685441181344112
0.3797931465930881	-0.2685167697335930
0.3799158524953451	-0.2684893287375314
0.3800387564101356	-0.2684617948412166
0.3801618587801250	-0.2684341677380508
0.3802851600496904	-0.2684064471198798
0.3804086606649623	-0.2683786326769528
0.3805323610738581	-0.2683507240979275
0.3806562617260482	-0.2683227210698482
0.3807803630729955	-0.2682946232781508
0.3809046655679548	-0.2682664304066368
0.3810291696659819	-0.2682381421374844
0.3811538758239269	-0.2682097581512122
0.3812787845004885	-0.2681812781266852
0.3814038961561746	-0.2681527017410987
0.3815292112533223	-0.2681240286699864
0.3816547302561336	-0.2680952585871826
0.3817804536306719	-0.2680663911648060
0.3819063818448489	-0.2680374260732979
0.3820325153684681	-0.2680083629813571
0.3821588546732053	-0.2679792015559629
0.3822854002326472	-0.2679499414623404
0.3824121525222714	-0.2679205823639781
0.3825391120195026	-0.2678911239225791
0.3826662792036342	-0.2678615657981004
0.3827936545559720	-0.2678319076486750
0.3829212385596904	-0.2678021491306756
0.3830490316999740	-0.2677722898986373
0.3831770344639597	-0.2677423296052865
0.3833052473407457	-0.2677122679015213
0.3834336708214635	-0.2676821044363773
0.3835623053991726	-0.2676518388570500
0.3836911515690025	-0.2676214708088620
0.3838202098280665	-0.2675909999352584
0.3839494806755382	-0.2675604258777841
0.3840789646125993	-0.2675297482760793
0.3842086621425067	-0.2674989667678780
0.3843385737705688	-0.2674680809889747
0.3844687000041868	-0.2674370905732204
0.3845990413528058	-0.2674059951525203
0.3847295983280167	-0.2673747943567967
0.3848603714434849	-0.2673434878140175
0.3849913612150079	-0.2673120751501273
0.3851225681604993	-0.2672805559890822
0.3852539928000328	-0.2672489299528121
0.3853856356558285	-0.2672171966612238
0.3855174972522675	-0.2671853557321562
0.3856495781159159	-0.2671534067814115
0.3857818787755217	-0.2671213494226984
0.3859143997620161	-0.2670891832676587
0.3860471416085826	-0.2670569079258175
0.3861801048505926	-0.2670245230045863
0.3863132900256732	-0.2669920281092623
0.3864466976736989	-0.2669594228429701
0.3865803283367928	-0.2669267068067072
0.3867141825593642	-0.2668938795992800
0.3868482608881053	-0.2668609408173147
0.3869825638719986	-0.2668278900552295
0.3871170920623603	-0.2667947269052414
0.3872518460127931	-0.2667614509573191
0.3873868262792756	-0.2667280617991914
0.3875220334200971	-0.2666945590163322
0.3876574679959587	-0.2666609421919235
0.3877931305698804	-0.2666272109068747
0.3879290217073186	-0.2665933647397657
0.3880651419761090	-0.2665594032668708
0.3882014919464889	-0.2665253260621179
0.3883380721911692	-0.2664911326970791
0.3884748832852551	-0.2664568227409514
0.3886119258063424	-0.2664223957605485
0.3887492003344801	-0.2663878513202807
0.3888867074521994	-0.2663531889821440
0.3890244477445391	-0.2663184083056713
0.3891624217990407	-0.2662835088479736
0.3893006302057838	-0.2662484901636732
0.3894390735573768	-0.2662133518049020
0.3895777524489854	-0.2661780933212969
0.3897166674783510	-0.2661427142599613
0.3898558192457898	-0.2661072141654663
0.3899952083542205	-0.2660715925798212
0.3901348354091726	-0.2660358490424577
0.3902747010188184	-0.2659999830902154
0.3904148057939424	-0.2659639942573219
0.3905551503480139	-0.2659278820753702
0.3906957352971758	-0.2658916460733079
0.3908365612602413	-0.2658552857774177
0.3909776288587435	-0.2658188007112892
0.3911189387169217	-0.2657821903958125
0.3912604914617669	-0.2657454543491432
0.3914022877230178	-0.2657085920866956
0.3915443281331762	-0.2656716031211276
0.3916866133274976	-0.2656344869623179
0.3918291439441074	-0.2655972431173196
0.3919719206238804	-0.2655598710903785
0.3921149440105493	-0.2655223703829050
0.3922582147507075	-0.2654847404934247
0.3924017334937775	-0.2654469809175921
0.3925455008921073	-0.2654090911481551
0.3926895176009116	-0.2653710706749299
0.3928337842783362	-0.2653329189847962
0.3929783015854477	-0.2652946355616510
0.3931230701862765	-0.2652562198864161
0.3932680907478100	-0.2652176714369842
0.3934133639400264	-0.2651789896882309
0.3935588904358991	-0.2651401741119676
0.3937046709114352	-0.2651012241769291
0.3938507060456650	-0.2650621393487453
0.3939969965206850	-0.2650229190899288
0.3941435430216578	-0.2649835628598471
0.3942903462368520	-0.2649440701146901
0.3944374068576283	-0.2649044403074638
0.3945847255784965	-0.2648646728879430
0.3947323030970992	-0.2648247673026913
0.3948801401142611	-0.2647847229949749
0.3950282373339794	-0.2647445394047918
0.3951765954634657	-0.2647042159688230
0.3953252152131495	-0.2646637521204120
0.3954740972967091	-0.2646231472895341
0.3956232424310905	-0.2645824009027858
0.3957726513365182	-0.2645415123833496
0.3959223247365146	-0.2645004811509649
0.3960722633579359	-0.2644593066219134
0.3962224679309833	-0.2644179882089738
0.3963729391892044	-0.2643765253214272
0.3965236778695492	-0.2643349173649911
0.3966746847123757	-0.2642931637418307
0.3968259604614483	-0.2642512638505053
0.3969775058639934	-0.2642092170859547
0.3971293216707066	-0.2641670228394561
0.3972814086357679	-0.2641246804986153
0.3974337675168665	-0.2640821894473319
0.3975863990752315	-0.2640395490657700
0.3977393040756380	-0.2639967587303189
0.3978924832864414	-0.2639538178135889
0.3980459374796086	-0.2639107256843394
0.3981996674307015	-0.2638674817075224
0.3983536739189469	-0.2638240852441711
0.3985079577272316	-0.2637805356514115
0.3986625196421351	-0.2637368322824392
0.3988173604539353	-0.2636929744864767
0.3989724809566624	-0.2636489616087265
0.3991278819481034	-0.2636047929903695
0.3992835642298193	-0.2635604679685144
0.3994395286071744	-0.2635159858761770
0.3995957758893781	-0.2634713460422350
0.3997523068894938	-0.2634265477914081
0.3999091224244533	-0.2633815904442145
0.4000662233150858	-0.2633364733169501
0.4002236103861687	-0.2632911957216471
0.4003812844664278	-0.2632457569660340
0.4005392463885530	-0.2632001563535175
0.4006974969892623	-0.2631543931831336
0.4008560371092629	-0.2631084667495360
0.4010148675933708	-0.2630623763429070
0.4011739892904395	-0.2630161212490045
0.4013334030534489	-0.2629697007490445
0.4014931097395117	-0.2629231141197219
0.4016531102099066	-0.2628763606331447
0.4018134053300778	-0.2628294395568047
0.4019739959697113	-0.2627823501535486
0.4021348830027133	-0.2627350916815258
0.4022960673072695	-0.2626876633941600
0.4024575497658706	-0.2626400645401143
0.4026193312653099	-0.2625922943632362
0.4027814126967538	-0.2625443521025372
0.4029437949557415	-0.2624962369921458
0.4031064789422268	-0.2624479482612561
0.4032694655605963	-0.2623994851341060
0.4034327557197056	-0.2623508468299365
0.4035963503329230	-0.2623020325629301
0.4037602503181184	-0.2622530415421849
0.4039244565977428	-0.2622038729716667
0.4040889700988187	-0.2621545260501822
0.4042537917529939	-0.2621049999713034
0.4044189224965616	-0.2620552939233686
0.4045843632704981	-0.2620054070893897
0.4047501150204841	-0.2619553386470462
0.4049161786969454	-0.2619050877686282
0.4050825552550822	-0.2618546536209784
0.4052492456548977	-0.2618040353654691
0.4054162508612386	-0.2617532321579414
0.4055835718438141	-0.2617022431486593
0.4057512095772320	-0.2616510674822770
0.4059191650410541	-0.2615997042977549
0.4060874392197960	-0.2615481527283673
0.4062560331029828	-0.2614964119016011
0.4064249476851728	-0.2614444809391355
0.4065941839659912	-0.2613923589567902
0.4067637429501870	-0.2613400450644596
0.4069336256476269	-0.2612875383660862
0.4071038330733616	-0.2612348379595946
0.4072743662476550	-0.2611819429368301
0.4074452261960176	-0.2611288523835270
0.4076164139492373	-0.2610755653792510
0.4077879305434248	-0.2610220809973318
0.4079597770200443	-0.2609683983048247
0.4081319544259484	-0.2609145163624502
0.4083044638134291	-0.2608604342245358
0.4084773062402374	-0.2608061509389691
0.4086504827696277	-0.2607516655471278
0.4088239944704004	-0.2606969770838412
0.4089978424169429	-0.2606420845773124
0.4091720276892561	-0.2605869870490783
0.4093465513729962	-0.2605316835139304
0.4095214145595373	-0.2604761729798835
0.4096966183459661	-0.2604204544480898
0.4098721638351737	-0.2603645269127849
0.4100480521358633	-0.2603083893612366
0.4102242843625848	-0.2602520407736750
0.4104008616358178	-0.2601954801232205
0.4105777850819667	-0.2601387063758395
0.4107550558334294	-0.2600817184902754
0.4109326750286221	-0.2600245154179636
0.4111106438120544	-0.2599670961029908
0.4112889633343327	-0.2599094594820167
0.4114676347522283	-0.2598516044842107
0.4116466592287228	-0.2597935300311839
0.4118260379330307	-0.2597352350369093
0.4120057720406697	-0.2596767184076758
0.4121858627334896	-0.2596179790419975
0.4123663111997231	-0.2595590158305491
0.4125471186340430	-0.2594998276560915
0.4127282862375781	-0.2594404133934108
0.4129098152180000	-0.2593807719092334
0.4130917067895348	-0.2593209020621475
0.4132739621730322	-0.2592608027025413
0.4134565825960125	-0.2592004726725233
0.4136395692927041	-0.2591399108058357
0.4138229235041007	-0.2590791159277924
0.4140066464780084	-0.2590180868551861
0.4141907394691085	-0.2589568223962099
0.4143752037389711	-0.2588953213503960
0.4145600405561548	-0.2588335825085057
0.4147452511962179	-0.2587716046524714
0.4149308369418001	-0.2587093865552969
0.4151167990826586	-0.2586469269809786
0.4153031389157098	-0.2585842246844237
0.4154898577451207	-0.2585212784113560
0.4156769568823149	-0.2584580868982500
0.4158644376460631	-0.2583946488722059
0.4160523013625313	-0.2583309630508904
0.4162405493653175	-0.2582670281424370
0.4164291829955261	-0.2582028428453517
0.4166182036018256	-0.2581384058484197
0.4168076125404860	-0.2580737158306241
0.4169974111754618	-0.2580087714610366
0.4171876008784283	-0.2579435713987195
0.4173781830288509	-0.2578781142926523
0.4175691590140544	-0.2578123987815989
0.4177605302292539	-0.2577464234940451
0.4179522980776423	-0.2576801870480535
0.4181444639704384	-0.2576136880512158
0.4183370293269535	-0.2575469251005015
0.4185299955746479	-0.2574798967821778
0.4187233641491962	-0.2574126016717071
0.4189171364945623	-0.2573450383336189
0.4191113140630344	-0.2572772053214267
0.4193058983153226	-0.2572091011774990
0.4195008907205962	-0.2571407244329576
0.4196962927565694	-0.2570720736075688
0.4198921059095672	-0.2570031472096148
0.4200883316745647	-0.2569339437358001
0.4202849715552939	-0.2568644616711140
0.4204820270642850	-0.2567946994887254
0.4206794997229554	-0.2567246556498596
0.4208773910616472	-0.2566543286036771
0.4210757026197446	-0.2565837167871473
0.4212744359456911	-0.2565128186249404
0.4214735925971156	-0.2564416325292796
0.4216731741408585	-0.2563701568998237
0.4218731821530771	-0.2562983901235493
0.4220736182192987	-0.2562263305745969
0.4222744839345154	-0.2561539766141681
0.4224757809032350	-0.2560813265903546
0.4226775107395743	-0.2560083788380446
0.4228796750673426	-0.2559351316787499
0.4230822755200885	-0.2558615834204898
0.4232853137412180	-0.2557877323576414
0.4234887913840449	-0.2557135767707919
0.4236927101118823	-0.2556391149266061
0.4238970715981246	-0.2555643450776719
0.4241018775263213	-0.2554892654623576
0.4243071295902598	-0.2554138743046487
0.4245128294940703	-0.2553381698140187
0.4247189789522848	-0.2552621501852458
0.4249255796899226	-0.2551858135982857
0.4251326334426013	-0.2551091582180937
0.4253401419565859	-0.2550321821944739
0.4255481069889180	-0.2549548836619061
0.4257565303074688	-0.2548772607393954
0.4259654136910531	-0.2547993115302971
0.4261747589295043	-0.2547210341221485
0.4263845678237773	-0.2546424265864966
0.4265948421860337	-0.2545634869787265
0.4268055838397334	-0.2544842133378882
0.4270167946197386	-0.2544046036865051
0.4272284763723972	-0.2543246560304125
0.4274406309556511	-0.2542443683585613
0.4276532602391204	-0.2541637386428346
0.4278663661042110	-0.2540827648378612
0.4280799504442164	-0.2540014448808223
0.4282940151644035	-0.2539197766912634
0.4285085621821392	-0.2538377581708890
0.4287235934269548	-0.2537553872033697
0.4289391108406955	-0.2536726616541493
0.4291551163775852	-0.2535895793702205
0.4293716120043527	-0.2535061381799291
0.4295885997003444	-0.2534223358927640
0.4298060814576146	-0.2533381702991506
0.4300240592810500	-0.2532536391702149
0.4302425351884520	-0.2531687402575823
0.4304615112106883	-0.2530834712931528
0.4306809893917936	-0.2529978299888634
0.4309009717890549	-0.2529118140364791
0.4311214604731707	-0.2528254211073399
0.4313424575283223	-0.2527386488521463
0.4315639650523260	-0.2526514949007059
0.4317859851567520	-0.2525639568616940
0.4320085199670126	-0.2524760323224143
0.4322315716225173	-0.2523877188485436
0.4324551422767803	-0.2522990139838877
0.4326792340975448	-0.2522099152501011
0.4329038492669117	-0.2521204201464756
0.4331289899814705	-0.2520305261496221
0.4333546584524188	-0.2519402307132319
0.4335808569056984	-0.2518495312678032
0.4338075875821140	-0.2517584252203677
0.4340348527375059	-0.2516669099541927
0.4342626546428211	-0.2515749828285168
0.4344909955842999	-0.2514826411782694
0.4347198778635907	-0.2513898823137428
0.4349493037979065	-0.2512967035203251
0.4351792757201244	-0.2512031020582066
0.4354097959789863	-0.2511090751620374
0.4356408669391925	-0.2510146200406502
0.4358724909815703	-0.2509197338767355
0.4361046705032188	-0.2508244138265151
0.4363374079176465	-0.2507286570194273
0.4365707056549381	-0.2506324605577941
0.4368045661618893	-0.2505358215164833
0.4370389919021725	-0.2504387369425759
0.4372739853564859	-0.2503412038550080
0.4375095490227053	-0.2502432192442466
0.4377456854160595	-0.2501447800718934
0.4379823970692711	-0.2500458832703714
0.4382196865327314	-0.2499465257425150
0.4384575563746611	-0.2498467043612290
0.4386960091812696	-0.2497464159690946
0.4389350475569392	-0.2496456573779863
0.4391746741243784	-0.2495444253686850
0.4394148915247975	-0.2494427166904832
0.4396557024180927	-0.2493405280607725
0.4398971094830145	-0.2492378561646459
0.4401391154173209	-0.2491346976544843
0.4403817229380141	-0.2490310491495128
0.4406249347814742	-0.2489269072353919
0.4408687537036579	-0.2488222684637851
0.4411131824802869	-0.2487171293518897
0.4413582239070273	-0.2486114863820190
0.4416038807996976	-0.2485053360011168
0.4418501559944551	-0.2483986746203078
0.4420970523479634	-0.2482914986144301
0.4423445727376357	-0.2481838043215276
0.4425927200618028	-0.2480755880423929
0.4428414972399290	-0.2479668460400573
0.4430909072128025	-0.2478575745392818
0.4433409529427543	-0.2477477697260547
0.4435916374138704	-0.2476374277470551
0.4438429636321914	-0.2475265447091384
0.4440949346259337	-0.2474151166787841
0.4443475534457041	-0.2473031396815602
0.4446008231647108	-0.2471906097015544
0.4448547468790132	-0.2470775226808096
0.4451093277077158	-0.2469638745187451
0.4453645687932058	-0.2468496610715832
0.4456204733013860	-0.2467348781517278
0.4458770444219068	-0.2466195215271862
0.4461342853683956	-0.2465035869209284
0.4463921993787123	-0.2463870700102654
0.4466507897151644	-0.2462699664262187
0.4469100596647674	-0.2461522717528556
0.4471700125394979	-0.2460339815266448
0.4474306516765176	-0.2459150912357646
0.4476919804384595	-0.2457955963194272
0.4479540022136597	-0.2456754921671860
0.4482167204164307	-0.2455547741182142
0.4484801384873077	-0.2454334374605944
0.4487442598933275	-0.2453114774305682
0.4490090881282951	-0.2451888892118073
0.4492746267130558	-0.2450656679346360
0.4495408791957598	-0.2449418086752556
0.4498078491521580	-0.2448173064549737
0.4500755401858689	-0.2446921562393722
0.4503439559286762	-0.2445663529375006
0.4506131000408047	-0.2444398914010607
0.4508829762112226	-0.2443127664235195
0.4511535881579410	-0.2441849727392730
0.4514249396282899	-0.2440565050227664
0.4516970343992587	-0.2439273578875741
0.4519698762777702	-0.2437975258854997
0.4522434691010018	-0.2436670035056474
0.4525178167367169	-0.2435357851734718
0.4527929230835483	-0.2434038652498081
0.4530687920713542	-0.2432712380298777
0.4533454276615233	-0.2431378977423128
0.4536228338473163	-0.2430038385480923
0.4539010146542000	-0.2428690545395452
0.4541799741401687	-0.2427335397392491
0.4544597163961097	-0.2425972880989636
0.4547402455461495	-0.2424602934985286
0.4550215657479679	-0.2423225497447408
0.4553036811931948	-0.2421840505701859
0.4555865961077675	-0.2420447896320895
0.4558703147522631	-0.2419047605111162
0.4561548414223014	-0.2417639567101604
0.4564401804488797	-0.2416223716530870
0.4567263361988041	-0.2414799986834779
0.4570133130750112	-0.2413368310633443
0.4573011155170082	-0.2411928619718007
0.4575897480012305	-0.2410480845037237
0.4578792150414405	-0.2409024916683769
0.4581695211891471	-0.2407560763880393
0.4584606710339983	-0.2406088314965288
0.4587526692041922	-0.2404607497377884
0.4590455203668865	-0.2403118237643785
0.4593392292286487	-0.2401620461359616
0.4596338005358314	-0.2400114093177634
0.4599292390750699	-0.2398599056789696
0.4602255496736493	-0.2397075274911481
0.4605227371999887	-0.2395542669265543
0.4608208065640795	-0.2394001160564920
0.4611197627179411	-0.2392450668495572
0.4614196106560651	-0.2390891111699096
0.4617203554158764	-0.2389322407754629
0.4620220020782322	-0.2387744473160714
0.4623245557678550	-0.2386157223316343
0.4626280216538440	-0.2384560572502052
0.4629324049501354	-0.2382954433860212
0.4632377109160153	-0.2381338719375188
0.4635439448566104	-0.2379713339852954
0.4638511121233628	-0.2378078204900196
0.4641592181145813	-0.2376433222902973
0.4644682682759310	-0.2374778301004951
0.4647782681009499	-0.2373113345085159
0.4650892231315772	-0.2371438259735190
0.4654011389587024	-0.2369752948235950
0.4657140212226669	-0.2368057312533823
0.4660278756138317	-0.2366351253216246
0.4663427078731481	-0.2364634669486837
0.4666585237926322	-0.2362907459140109
0.4669753292160356	-0.2361169518534960
0.4672931300393285	-0.2359420742568497
0.4676119322112863	-0.2357661024648312
0.4679317417341080	-0.2355890256664797
0.4682525646639581	-0.2354108328962390
0.4685744071115801	-0.2352315130310506
0.4688972752428879	-0.2350510547873279
0.4692211752795524	-0.2348694467179230
0.4695461134996313	-0.2346866772089480
0.4698720962381934	-0.2345027344765785
0.4701991298878805	-0.2343176065637621
0.4705272208996029	-0.2341312813368321
0.4708563757831270	-0.2339437464820466
0.4711866011077294	-0.2337549895020519
0.4715179035028252	-0.2335649977122501
0.4718502896586336	-0.2333737582370819
0.4721837663268145	-0.2331812580061959
0.4725183403211314	-0.2329874837505739
0.4728540185181189	-0.2327924219984729
0.4731908078577568	-0.2325960590713615
0.4735287153441043	-0.2323983810796814
0.4738677480460248	-0.2321993739185358
0.4742079130978498	-0.2319990232632310
0.4745492177000510	-0.2317973145647700
0.4748916691199433	-0.2315942330451554
0.4752352746923850	-0.2313897636926057
0.4755800418204325	-0.2311838912566397
0.4759259779760994	-0.2309766002430563
0.4762730907010195	-0.2307678749087075
0.4766213876071609	-0.2305576992562374
0.4769708763775303	-0.2303460570285700
0.4773215647668785	-0.2301329317033593
0.4776734606024130	-0.2299183064871694
0.4780265717845204	-0.2297021643095947
0.4783809062874496	-0.2294844878171804
0.4787364721600379	-0.2292652593671615
0.4790932775264318	-0.2290444610210481
0.4794513305867321	-0.2288220745380387
0.4798106396178072	-0.2285980813682035
0.4801712129738936	-0.2283724626455314
0.4805330590873334	-0.2281451991807504
0.4808961864692815	-0.2279162714539541
0.4812606037103612	-0.2276856596069903
0.4816263194813712	-0.2274533434356534
0.4819933425339468	-0.2272193023816574
0.4823616817012249	-0.2269835155243577
0.4827313458985008	-0.2267459615722206
0.4831023441238713	-0.2265066188540524
0.4834746854588693	-0.2262654653099804
0.4838483790690843	-0.2260224784821410
0.4842234342047428	-0.2257776355050873
0.4845998602013089	-0.2255309130959293
0.4849776664800737	-0.2252822875441496
0.4853568625486483	-0.2250317347010895
0.4857374580015276	-0.2247792299691871
0.4861194625205657	-0.2245247482907709
0.4865028858754666	-0.2242682641365840
0.4868877379241992	-0.2240097514939104
0.4872740286134312	-0.2237491838543483
0.4876617679788618	-0.2234865342011611
0.4880509661456075	-0.2232217749962476
0.4884416333284546	-0.2229548781666668
0.4888337798321317	-0.2226858150907464
0.4892274160514734	-0.2224145565837380
0.4896225524716167	-0.2221410728829527
0.4900191996680464	-0.2218653336324638
0.4904173683066498	-0.2215873078672666
0.4908170691436636	-0.2213069639968727
0.4912183130255711	-0.2210242697884183
0.4916211108889140	-0.2207391923491337
0.4920254737600123	-0.2204516981082277
0.4924314127546443	-0.2201617527981633
0.4928389390775212	-0.2198693214352273
0.4932480640218103	-0.2195743682994936
0.4936587989683924	-0.2192768569139828
0.4940711553851316	-0.2189767500231562
0.4944851448259173	-0.2186740095705914
0.4949007789296425	-0.2183685966758699
0.4953180694189601	-0.2180604716105943
0.4957370280989737	-0.2177495937735475
0.4961576668556638	-0.2174359216649177
0.4965799976541597	-0.2171194128595623
0.4970040325368822	-0.2168000239792701
0.4974297836213855	-0.2164777106639427
0.4978572630979688	-0.2161524275417138
0.4982864832271306	-0.2158241281978890
0.4987174563367146	-0.2154927651426710
0.4991501948187085	-0.2151582897776211
0.4995847111258478	-0.2148206523608452
0.5000210177678472	-0.2144798019706859
0.5004591273072531	-0.2141356864680691
0.5008990523549630	-0.2137882524572460
0.5013408055653240	-0.2134374452449432
0.5017843996308415	-0.2130832087978762
0.5022298472762894	-0.2127254856984277
0.5026771612525037	-0.2123642170984887
0.5031263543294595	-0.2119993426713916
0.5035774392889520	-0.2116308005617099
0.5040304289164300	-0.2112585273329491
0.5044853359923871	-0.2108824579129551
0.5049421732828377	-0.2105025255369437
0.5054009535291373	-0.2101186616879099
0.5058616894368898	-0.2097307960345404
0.5063243936640094	-0.2093388563661616
0.5067890788077263	-0.2089427685248395
0.5072557573906200	-0.2085424563342790
0.5077244418454510	-0.2081378415254755
0.5081951444987604	-0.2077288436588673
0.5086678775532315	-0.2073153800427868
0.5091426530684752	-0.2068973656480072
0.5096194829403784	-0.2064747130182123
0.5100983788787044	-0.2060473321760365
0.5105793523829096	-0.2056151305245262
0.5110624147159432	-0.2051780127436199
0.5115475768760038	-0.2047358806815762
0.5120348495658193	-0.2042886332406389
0.5125242431595871	-0.2038361662570520
0.5130157676670741	-0.2033783723747500
0.5135094326947849	-0.2029151409123913
0.5140052474038647	-0.2024463577233566
0.5145032204646164	-0.2019719050482784
0.5150033600069659	-0.2014916613594818
0.5155056735670364	-0.2010055011969424
0.5160101680289720	-0.2005132949950911
0.5165168495618742	-0.2000149088999912
0.5170257235513415	-0.1995102045759483
0.5175367945250881	-0.1989990390011792
0.5180500660720363	-0.1984812642514384
0.5185655407543591	-0.1979567272710169
0.5190832200117222	-0.1974252696299798
0.5196031040569842	-0.1968867272668473
0.5201251917625593	-0.1963409302154363
0.5206494805363906	-0.1957877023148394
0.5211759661866560	-0.1952268609012582
0.5217046427738989	-0.1946582164801660
0.5222355024493703	-0.1940815723774064
0.5227685352781369	-0.1934967243675549
0.5233037290452964	-0.1929034602776774
0.5238410690435980	-0.1923015595645216
0.5243805378401274	-0.1916907928630092
0.5249221150202845	-0.1910709215036550
0.5254657769060267	-0.1904416969961256
0.5260114962455368	-0.1898028604764142
0.5265592418713512	-0.1891541421140422
0.5271089783228099	-0.1884952604762245
0.5276606654288247	-0.1878259218448466
0.5282142578463040	-0.1871458194821489
0.5287697045483765	-0.1864546328404494
0.5293269482565964	-0.1857520267105906
0.5298859248096494	-0.1850376503036344
0.5304465624607093	-0.1843111362590220
0.5310087810936641	-0.1835720995724129
0.5315724913478250	-0.1828201364352748
0.5321375936380897	-0.1820548229772755
0.5327039770565722	-0.1812757139018476
0.5332715181383754	-0.1804823410038409
0.5338400794723680	-0.1796742115572390
0.5344095081335520	-0.1788508065588287
0.5349796339105475	-0.1780115788131058
0.5355502672963993	-0.1771559508406244
0.5361211972053462	-0.1762833125910092
0.5366921883716176	-0.1753930189386180
0.5372629783774641	-0.1744843869369741
0.5378332742478282	-0.1735566928045504
0.5384027485365701	-0.1726091686115738
0.5389710348136663	-0.1716409986337674
0.5395377224437555	-0.1706513153351746
0.5401023505235993	-0.1696391949377143
0.5406644008150637	-0.1686036525311058
0.5412232894744650	-0.1675436366722852
0.5417783573317168	-0.1664580234192208
0.5423288584116849	-0.1653456097407419
0.5428739463155261	-0.1642051062429482
0.5434126579766476	-0.1630351291535936
0.5439438941796831	-0.1618341915129809
0.5444663960557473	-0.1606006935351257
0.5449787165430727	-0.1593329121333352
0.5454791854940938	-0.1580289896575045
0.5459658666979239	-0.1566869219820011
0.5464365045181675	-0.1553045462383660
0.5468884570577385	-0.1538795287436983
0.5473186116534055	-0.1524093541048911
0.5477232769201535	-0.1508913171959353
0.5480980432715800	-0.1493225209157968
0.5484376004693592	-0.1476998847080619
0.5487354956972144	-0.1460201724339721
0.5489838079455367	-0.1442800546358078
0.5491727025161321	-0.1424762320351363
0.5492898105384842	-0.1406056694980381
0.5493193481027612	-0.1386660338575476
0.5492408410975631	-0.1366565203960348
0.5490272467141192	-0.1345794533270306
0.5486421635573214	-0.1324435177081250
0.5480357944921002	-0.1302706905459776
0.5471400608299153	-0.1281123667369769
0.5458695602824674	-0.1260908192986188
0.5441849866167744	-0.1245110964598016
0.5426059002852561	-0.1239250563141750
0.5423249698398649	-0.1233205884720025
0.5416264673322166	-0.1216695845832332
0.5406171294972194	-0.1207319987807138
0.5396950493395642	-0.1196817817939364
