0.3010534546123796	-0.4782769832230661
0.3011395625709383	-0.4782545069975729
0.3012258162128120	-0.4782319458791005
0.3013122156767784	-0.4782092997774676
0.3013987611018760	-0.4781865686015562
0.3014854526276470	-0.4781637522596814
0.3015722903940696	-0.4781408506595728
0.3016592745415481	-0.4781178637083190
0.3017464052109279	-0.4780947913123762
0.3018336825434734	-0.4780716333776090
0.3019211066809228	-0.4780483898092196
0.3020086777654347	-0.4780250605117812
0.3020963959396184	-0.4780016453892684
0.3021842613465305	-0.4779781443450007
0.3022722741296702	-0.4779545572816803
0.3023604344329895	-0.4779308841013488
0.3024487424008819	-0.4779071247054473
0.3025371981782036	-0.4778832789947471
0.3026258019102592	-0.4778593468693953
0.3027145537428005	-0.4778353282288965
0.3028034538220567	-0.4778112229721115
0.3028925022946934	-0.4777870309972623
0.3029816993078562	-0.4777627522018968
0.3030710450091466	-0.4777383864829396
0.3031605395465963	-0.4777139337366927
0.3032501830687643	-0.4776893938587560
0.3033399757246230	-0.4776647667440815
0.3034299176636415	-0.4776400522870074
0.3035200090357432	-0.4776152503811648
0.3036102499913597	-0.4775903609195520
0.3037006406813345	-0.4775653837945181
0.3037911812570313	-0.4775403188977421
0.3038818718702715	-0.4775151661202132
0.3039727126733687	-0.4774899253522747
0.3040637038191138	-0.4774645964836227
0.3041548454607925	-0.4774391794032176
0.3042461377521032	-0.4774136739994388
0.3043375808473467	-0.4773880801599418
0.3044291749012142	-0.4773623977716740
0.3045209200689425	-0.4773366267209981
0.3046128165062246	-0.4773107668934870
0.3047048643692664	-0.4772848181741062
0.3047970638147376	-0.4772587804471593
0.3048894149998682	-0.4772326535961700
0.3049819180823255	-0.4772064375040437
0.3050745732202905	-0.4771801320529979
0.3051673805724681	-0.4771537371245306
0.3052603402980394	-0.4771272525994610
0.3053534525567126	-0.4771006783579104
0.3054467175086881	-0.4770740142792939
0.3055401353146736	-0.4770472602423643
0.3056337061358899	-0.4770204161251298
0.3057274301340942	-0.4769934818048971
0.3058213074715321	-0.4769664571582965
0.3059153383109554	-0.4769393420612223
0.3060095228156544	-0.4769121363888958
0.3061038611494543	-0.4768848400157555
0.3061983534766636	-0.4768574528156211
0.3062929999621379	-0.4768299746615137
0.3063878007712648	-0.4768024054257804
0.3064827560699449	-0.4767747449800078
0.3065778660246006	-0.4767469931951278
0.3066731308022053	-0.4767191499412640
0.3067685505702656	-0.4766912150878945
0.3068641254968202	-0.4766631885036692
0.3069598557504186	-0.4766350700566103
0.3070557415001741	-0.4766068596139538
0.3071517829157672	-0.4765785570421734
0.3072479801673646	-0.4765501622070321
0.3073443334257123	-0.4765216749735668
0.3074408428621051	-0.4764930952060561
0.3075375086483808	-0.4764644227680246
0.3076343309569153	-0.4764356575222377
0.3077313099606508	-0.4764067993307571
0.3078284458330878	-0.4763778480548169
0.3079257387482836	-0.4763488035549701
0.3080231888808402	-0.4763196656909549
0.3081207964059372	-0.4762904343217773
0.3082185614992949	-0.4762611093056685
0.3083164843372390	-0.4762316905001155
0.3084145650966250	-0.4762021777617814
0.3085128039548798	-0.4761725709466294
0.3086112010900325	-0.4761428699097807
0.3087097566806559	-0.4761130745056610
0.3088084709059064	-0.4760831845878085
0.3089073439455195	-0.4760532000090928
0.3090063759798202	-0.4760231206214929
0.3091055671896984	-0.4759929462763021
0.3092049177566388	-0.4759626768239415
0.3093044278627259	-0.4759323121140872
0.3094040976905849	-0.4759018519955973
0.3095039274234809	-0.4758712963165465
0.3096039172452534	-0.4758406449242020
0.3097040673403342	-0.4758098976650255
0.3098043778937603	-0.4757790543846652
0.3099048490911558	-0.4757481149279897
0.3100054811187534	-0.4757170791390166
0.3101062741634061	-0.4756859468609678
0.3102072284125345	-0.4756547179362597
0.3103083440542055	-0.4756233922064724
0.3104096212770656	-0.4755919695123489
0.3105110602704158	-0.4755604496938357
0.3106126612241245	-0.4755288325900164
0.3107144243286938	-0.4754971180391900
0.3108163497752564	-0.4754653058787778
0.3109184377555663	-0.4754333959453780
0.3110206884619801	-0.4754013880747450
0.3111231020875105	-0.4753692821017915
0.3112256788257801	-0.4753370778605700
0.3113284188710368	-0.4753047751843276
0.3114313224181869	-0.4752723739053680
0.3115343896627539	-0.4752398738552340
0.3116376208008976	-0.4752072748645558
0.3117410160294288	-0.4751745767631227
0.3118445755457974	-0.4751417793798221
0.3119482995480826	-0.4751088825427354
0.3120521882350505	-0.4750758860789918
0.3121562418060772	-0.4750427898149124
0.3122604604612111	-0.4750095935759031
0.3123648444011546	-0.4749762971865002
0.3124693938272603	-0.4749429004703415
0.3125741089415493	-0.4749094032501857
0.3126789899466920	-0.4748758053479242
0.3127840370460531	-0.4748421065844798
0.3128892504436153	-0.4748083067799658
0.3129946303440902	-0.4747744057535266
0.3131001769528054	-0.4747404033234228
0.3132058904758107	-0.4747062993070079
0.3133117711198055	-0.4746720935207100
0.3134178190921698	-0.4746377857800719
0.3135240346009818	-0.4746033758996752
0.3136304178549875	-0.4745688636932121
0.3137369690636390	-0.4745342489734214
0.3138436884370575	-0.4744995315521120
0.3139505761860850	-0.4744647112401728
0.3140576325222160	-0.4744297878475813
0.3141648576576947	-0.4743947611833000
0.3142722518054298	-0.4743596310554062
0.3143798151790509	-0.4743243972710022
0.3144875479928891	-0.4742890596362455
0.3145954504619772	-0.4742536179563231
0.3147035228020651	-0.4742180720355015
0.3148117652296139	-0.4741824216770433
0.3149201779618177	-0.4741466666832249
0.3150287612165698	-0.4741108068554180
0.3151375152125018	-0.4740748419939600
0.3152464401689526	-0.4740387718982200
0.3153555363060110	-0.4740025963666121
0.3154648038444738	-0.4739663151965299
0.3155742430058926	-0.4739299281843770
0.3156838540125409	-0.4738934351255825
0.3157936370874380	-0.4738568358145601
0.3159035924543484	-0.4738201300447176
0.3160137203377693	-0.4737833176084562
0.3161240209629549	-0.4737463982971772
0.3162344945559120	-0.4737093719012570
0.3163451413433954	-0.4736722382100458
0.3164559615529220	-0.4736349970118686
0.3165669554127596	-0.4735976480940248
0.3166781231519465	-0.4735601912427917
0.3167894650002916	-0.4735226262433783
0.3169009811883509	-0.4734849528799943
0.3170126719474781	-0.4734471709357670
0.3171245375097694	-0.4734092801927970
0.3172365781081399	-0.4733712804320962
0.3173487939762464	-0.4733331714336599
0.3174611853485455	-0.4732949529763968
0.3175737524602881	-0.4732566248381292
0.3176864955474966	-0.4732181867956556
0.3177994148470057	-0.4731796386246385
0.3179125105964266	-0.4731409800996960
0.3180257830341865	-0.4731022109943510
0.3181392323994913	-0.4730633310810311
0.3182528589323852	-0.4730243401310710
0.3183666628736864	-0.4729852379147085
0.3184806444650434	-0.4729460242010708
0.3185948039489261	-0.4729066987581515
0.3187091415686120	-0.4728672613528682
0.3188236575681865	-0.4728277117510002
0.3189383521925760	-0.4727880497172035
0.3190532256875334	-0.4727482750150011
0.3191682782996526	-0.4727083874067809
0.3192835102763260	-0.4726683866537981
0.3193989218658179	-0.4726282725161559
0.3195145133172226	-0.4725880447528137
0.3196302848804735	-0.4725477031215494
0.3197462368063587	-0.4725072473790327
0.3198623693464990	-0.4724666772807153
0.3199786827534062	-0.4724259925809335
0.3200951772804161	-0.4723851930327808
0.3202118531817306	-0.4723442783882318
0.3203287107124214	-0.4723032483980356
0.3204457501284511	-0.4722621028117567
0.3205629716866041	-0.4722208413777816
0.3206803756445659	-0.4721794638432842
0.3207979622609249	-0.4721379699542174
0.3209157317950984	-0.4720963594553392
0.3210336845074375	-0.4720546320901798
0.3211518206591510	-0.4720127876010493
0.3212701405123679	-0.4719708257290191
0.3213886443300717	-0.4719287462139500
0.3215073323761760	-0.4718865487944401
0.3216262049155068	-0.4718442332078299
0.3217452622137769	-0.4718017991902336
0.3218645045376082	-0.4717592464765052
0.3219839321545427	-0.4717165748002240
0.3221035453330487	-0.4716737838936906
0.3222233443425158	-0.4716308734879539
0.3223433294532311	-0.4715878433127778
0.3224635009364515	-0.4715446930966136
0.3225838590643395	-0.4715014225666500
0.3227044041099953	-0.4714580314487666
0.3228251363474802	-0.4714145194675273
0.3229460560517747	-0.4713708863461833
0.3230671634988272	-0.4713271318066889
0.3231884589655343	-0.4712832555696528
0.3233099427297267	-0.4712392573543856
0.3234316150702363	-0.4711951368788116
0.3235534762668241	-0.4711508938595608
0.3236755266002261	-0.4711065280118835
0.3237977663521693	-0.4710620390496802
0.3239201958053303	-0.4710174266855018
0.3240428152433862	-0.4709726906305189
0.3241656249509784	-0.4709278305945469
0.3242886252137578	-0.4708828462859871
0.3244118163183596	-0.4708377374118670
0.3245351985524006	-0.4707925036778455
0.3246587722045245	-0.4707471447881362
0.3247825375643550	-0.4707016604455702
0.3249064949225363	-0.4706560503515713
0.3250306445707283	-0.4706103142061058
0.3251549868015993	-0.4705644517077613
0.3252795219088557	-0.4705184625536320
0.3254042501871988	-0.4704723464394354
0.3255291719323834	-0.4704261030593820
0.3256542874412108	-0.4703797321062503
0.3257795970114827	-0.4703332332713531
0.3259051009420725	-0.4702866062445422
0.3260307995328942	-0.4702398507141741
0.3261566930849188	-0.4701929663671174
0.3262827819001556	-0.4701459528887635
0.3264090662816893	-0.4700988099630034
0.3265355465336602	-0.4700515372722119
0.3266622229613024	-0.4700041344972310
0.3267890958708900	-0.4699566013174162
0.3269161655698022	-0.4699089374105800
0.3270434323664763	-0.4698611424529799
0.3271708965704729	-0.4698132161193460
0.3272985584923995	-0.4697651580828502
0.3274264184440087	-0.4697169680151007
0.3275544767381224	-0.4696686455861297
0.3276827336886787	-0.4696201904644114
0.3278111896107187	-0.4695716023168147
0.3279398448204189	-0.4695228808086358
0.3280686996350491	-0.4694740256035551
0.3281977543730376	-0.4694250363636426
0.3283270093539120	-0.4693759127493609
0.3284564648983579	-0.4693266544195429
0.3285861213281819	-0.4692772610313821
0.3287159789663601	-0.4692277322404355
0.3288460381369814	-0.4691780677006173
0.3289762991653268	-0.4691282670641517
0.3291067623778304	-0.4690783299816351
0.3292374281020599	-0.4690282561019694
0.3293682966667904	-0.4689780450723534
0.3294993684019597	-0.4689276965383293
0.3296306436386681	-0.4688772101437091
0.3297621227092367	-0.4688265855306033
0.3298938059471334	-0.4687758223393971
0.3300256936870662	-0.4687249202087465
0.3301577862649167	-0.4686738787755787
0.3302900840177677	-0.4686226976750703
0.3304225872839295	-0.4685713765406269
0.3305552964029245	-0.4685199150039134
0.3306882117154920	-0.4684683126947974
0.3308213335636070	-0.4684165692413735
0.3309546622904714	-0.4683646842699354
0.3310881982405203	-0.4683126574049855
0.3312219417594378	-0.4682604882691911
0.3313558931941672	-0.4682081764834241
0.3314900528928981	-0.4681557216666955
0.3316244212050510	-0.4681031234362181
0.3317589984813662	-0.4680503814072987
0.3318937850738212	-0.4679974951934219
0.3320287813356765	-0.4679444644061739
0.3321639876214729	-0.4678912886552951
0.3322994042870452	-0.4678379675485729
0.3324350316895158	-0.4677845006919793
0.3325708701873217	-0.4677308876894752
0.3327069201401767	-0.4676771281431862
0.3328431819091401	-0.4676232216532494
0.3329796558565594	-0.4675691678178808
0.3331163423461205	-0.4675149662333390
0.3332532417428389	-0.4674606164939162
0.3333903544130614	-0.4674061181919155
0.3335276807244808	-0.4673514709176886
0.3336652210461090	-0.4672966742595666
0.3338029757483592	-0.4672417278038602
0.3339409452029737	-0.4671866311348702
0.3340791297830512	-0.4671313838348888
0.3342175298630917	-0.4670759854841452
0.3343561458189573	-0.4670204356608115
0.3344949780278799	-0.4669647339410111
0.3346340268685070	-0.4669088798987842
0.3347732927208714	-0.4668528731060796
0.3349127759664081	-0.4667967131327512
0.3350524769879499	-0.4667403995465563
0.3351923961697792	-0.4666839319130978
0.3353325338975642	-0.4666273097958676
0.3354728905584218	-0.4665705327562201
0.3356134665409046	-0.4665136003533083
0.3357542622349874	-0.4664565121441829
0.3358952780321234	-0.4663992676836399
0.3360365143251955	-0.4663418665243293
0.3361779715085693	-0.4662843082166776
0.3363196499780553	-0.4662265923088877
0.3364615501309565	-0.4661687183469376
0.3366036723660598	-0.4661106858745498
0.3367460170836323	-0.4660524944332078
0.3368885846854397	-0.4659941435620986
0.3370313755747508	-0.4659356327981514
0.3371743901563365	-0.4658769616759761
0.3373176288365053	-0.4658181297278878
0.3374610920230741	-0.4657591364838690
0.3376047801253939	-0.4656999814715725
0.3377486935543439	-0.4656406642162960
0.3378928327223746	-0.4655811842409674
0.3380371980434617	-0.4655215410661513
0.3381817899331618	-0.4654617342100116
0.3383266088085797	-0.4654017631883103
0.3384716550884106	-0.4653416275143847
0.3386169291929282	-0.4652813266991493
0.3387624315439846	-0.4652208602510631
0.3389081625650386	-0.4651602276761291
0.3390541226811670	-0.4650994284778487
0.3392003123190214	-0.4650384621572863
0.3393467319069091	-0.4649773282129420
0.3394933818747618	-0.4649160261408262
0.3396402626541172	-0.4648545554344141
0.3397873746781864	-0.4647929155846345
0.3399347183818076	-0.4647311060798314
0.3400822942015131	-0.4646691264057715
0.3402301025754466	-0.4646069760456549
0.3403781439434841	-0.4645446544800437
0.3405264187471502	-0.4644821611868617
0.3406749274296733	-0.4644194956414184
0.3408236704359576	-0.4643566573163696
0.3409726482126522	-0.4642936456816572
0.3411218612080998	-0.4642304602045592
0.3412713098723506	-0.4641671003496647
0.3414209946572215	-0.4641035655787925
0.3415709160162410	-0.4640398553510723
0.3417210744047026	-0.4639759691228421
0.3418714702796526	-0.4639119063476778
0.3420221040998859	-0.4638476664763828
0.3421729763260045	-0.4637832489569264
0.3423240874203712	-0.4637186532344648
0.3424754378471394	-0.4636538787513250
0.3426270280722607	-0.4635889249469660
0.3427788585635146	-0.4635237912579725
0.3429309297904772	-0.4634584771180249
0.3430832422245645	-0.4633929819579179
0.3432357963390158	-0.4633273052054946
0.3433885926089330	-0.4632614462856599
0.3435416315112455	-0.4631954046203521
0.3436949135247747	-0.4631291796285328
0.3438484391301957	-0.4630627707261359
0.3440022088100638	-0.4629961773261209
0.3441562230488344	-0.4629293988383705
0.3443104823328547	-0.4628624346697067
0.3444649871503826	-0.4627952842238988
0.3446197379916068	-0.4627279469016077
0.3447747353486235	-0.4626604221003663
0.3449299797154803	-0.4625927092145866
0.3450854715881701	-0.4625248076355269
0.3452412114646355	-0.4624567167512633
0.3453971998447994	-0.4623884359466668
0.3455534372305524	-0.4623199646034133
0.3457099241257698	-0.4622513020999338
0.3458666610363327	-0.4621824478113903
0.3460236484701173	-0.4621134011096877
0.3461808869370277	-0.4620441613634221
0.3463383769489830	-0.4619747279378699
0.3464961190199582	-0.4619051001949671
0.3466541136659450	-0.4618352774932970
0.3468123614050362	-0.4617652591880429
0.3469708627573447	-0.4616950446310016
0.3471296182450959	-0.4616246331705243
0.3472886283925877	-0.4615540241515371
0.3474478937262317	-0.4614832169154675
0.3476074147745389	-0.4614122108002652
0.3477671920681427	-0.4613410051403627
0.3479272261398069	-0.4612695992666494
0.3480875175244536	-0.4611979925064510
0.3482480667591374	-0.4611261841835148
0.3484088743830849	-0.4610541736179687
0.3485699409377109	-0.4609819601263155
0.3487312669665998	-0.4609095430214088
0.3488928530155400	-0.4608369216124004
0.3490546996325464	-0.4607640952047567
0.3492168073678205	-0.4606910631002174
0.3493791767738378	-0.4606178245967446
0.3495418084052792	-0.4605443789885348
0.3497047028191130	-0.4604707255659952
0.3498678605745535	-0.4603968636156939
0.3500312822331073	-0.4603227924203384
0.3501949683585567	-0.4602485112587619
0.3503589195170123	-0.4601740194058939
0.3505231362768676	-0.4600993161327265
0.3506876192088803	-0.4600244007062981
0.3508523688861130	-0.4599492723896649
0.3510173858840069	-0.4598739304418727
0.3511826707803388	-0.4597983741179152
0.3513482241552894	-0.4597226026687367
0.3515140465914216	-0.4596466153411756
0.3516801386736894	-0.4595704113779622
0.3518465009894652	-0.4594939900176648
0.3520131341285542	-0.4594173504946937
0.3521800386831984	-0.4593404920392258
0.3523472152480874	-0.4592634138772379
0.3525146644203756	-0.4591861152304110
0.3526823867997130	-0.4591085953161613
0.3528503829882164	-0.4590308533475677
0.3530186535905405	-0.4589528885333563
0.3531871992138203	-0.4588747000778853
0.3533560204677519	-0.4587962871810799
0.3535251179645625	-0.4587176490384607
0.3536944923190443	-0.4586387848410365
0.3538641441485598	-0.4585596937753330
0.3540340740730584	-0.4584803750233379
0.3542042827150957	-0.4584008277624758
0.3543747706998284	-0.4583210511655650
0.3545455386550599	-0.4582410444008011
0.3547165872112286	-0.4581608066317103
0.3548879170014230	-0.4580803370171352
0.3550595286614124	-0.4579996347111747
0.3552314228296494	-0.4579186988631755
0.3554036001472840	-0.4578375286176973
0.3555760612581867	-0.4577561231144605
0.3557488068089635	-0.4576744814883161
0.3559218374489490	-0.4575926028692305
0.3560951538302488	-0.4575104863822334
0.3562687566077500	-0.4574281311473906
0.3564426464391095	-0.4573455362797594
0.3566168239848116	-0.4572627008893582
0.3567912899081542	-0.4571796240811459
0.3569660448752653	-0.4570963049549491
0.3571410895551336	-0.4570127426054575
0.3573164246196054	-0.4569289361221822
0.3574920507434260	-0.4568448845894093
0.3576679686042322	-0.4567605870861564
0.3578441788825745	-0.4566760426861518
0.3580206822619356	-0.4565912504577945
0.3581974794287510	-0.4565062094640932
0.3583745710724242	-0.4564209187626494
0.3585519578853183	-0.4563353774056251
0.3587296405628247	-0.4562495844396679
0.3589076198033262	-0.4561635389059078
0.3590858963082541	-0.4560772398398947
0.3592644707820773	-0.4559906862715669
0.3594433439323232	-0.4559038772252010
0.3596225164696232	-0.4558168117193911
0.3598019891076880	-0.4557294887669744
0.3599817625633649	-0.4556419073750140
0.3601618375566209	-0.4555540665447410
0.3603422148105802	-0.4554659652715443
0.3605228950515338	-0.4553776025448686
0.3607038790089735	-0.4552889773482212
0.3608851674155939	-0.4552000886590996
0.3610667610073018	-0.4551109354489746
0.3612486605232716	-0.4550215166831943
0.3614308667059106	-0.4549318313210088
0.3616133803009240	-0.4548418783154532
0.3617962020573103	-0.4547516566133581
0.3619793327273952	-0.4546611651552660
0.3621627730668402	-0.4545704028753899
0.3623465238346462	-0.4544793687015931
0.3625305857932031	-0.4543880615552928
0.3627149597082988	-0.4542964803514602
0.3628996463491272	-0.4542046239985325
0.3630846464883190	-0.4541124913983920
0.3632699609019642	-0.4540200814462890
0.3634555903696143	-0.4539273930308182
0.3636415356743412	-0.4538344250338454
0.3638277976026943	-0.4537411763304683
0.3640143769447891	-0.4536476457889635
0.3642012744942751	-0.4535538322707201
0.3643884910483929	-0.4534597346302079
0.3645760274079753	-0.4533653517149085
0.3647638843774752	-0.4532706823652671
0.3649520627649698	-0.4531757254146366
0.3651405633822285	-0.4530804796892160
0.3653293870446644	-0.4529849440080005
0.3655185345714304	-0.4528891171827287
0.3657080067853754	-0.4527929980178245
0.3658978045131138	-0.4526965853103284
0.3660879285850308	-0.4525998778498470
0.3662783798352872	-0.4525028744185059
0.3664691591018752	-0.4524055737908536
0.3666602672266162	-0.4523079747338712
0.3668517050551927	-0.4522100760068103
0.3670434734371730	-0.4521118763612392
0.3672355732260154	-0.4520133745409110
0.3674280052791346	-0.4519145692817160
0.3676207704578768	-0.4518154593116352
0.3678138696275755	-0.4517160433506500
0.3680073036575591	-0.4516163201107126
0.3682010734211806	-0.4515162882956542
0.3683951797958463	-0.4514159466011191
0.3685896236630253	-0.4513152937145250
0.3687844059082899	-0.4512143283149609
0.3689795274213384	-0.4511130490731458
0.3691749890959994	-0.4510114546513461
0.3693707918303072	-0.4509095437033193
0.3695669365264530	-0.4508073148742197
0.3697634240908823	-0.4507047668005719
0.3699602554342620	-0.4506018981101493
0.3701574314715639	-0.4504987074219409
0.3703549531220334	-0.4503951933460424
0.3705528213092530	-0.4502913544836360
0.3707510369611604	-0.4501871894268594
0.3709496010100625	-0.4500826967587714
0.3711485143926928	-0.4499778750532533
0.3713477780501961	-0.4498727228749333
0.3715473929281863	-0.4497672387791314
0.3717473599767750	-0.4496614213117516
0.3719476801505643	-0.4495552690092300
0.3721483544087349	-0.4494487803984460
0.3723493837150067	-0.4493419539966110
0.3725507690377225	-0.4492347883112537
0.3727525113498424	-0.4491272818400660
0.3729546116289831	-0.4490194330708774
0.3731570708574561	-0.4489112404815285
0.3733598900222764	-0.4488027025398046
0.3735630701152123	-0.4486938177033645
0.3737666121328004	-0.4485845844196305
0.3739705170763909	-0.4484750011257044
0.3741747859521666	-0.4483650662482915
0.3743794197711526	-0.4482547782036021
0.3745844195493107	-0.4481441353972522
0.3747897863074827	-0.4480331362241960
0.3749955210715115	-0.4479217790686094
0.3752016248721890	-0.4478100623038095
0.3754080987453507	-0.4476979842921725
0.3756149437318764	-0.4475855433849972
0.3758221608777228	-0.4474727379224543
0.3760297512339787	-0.4473595662334532
0.3762377158568762	-0.4472460266355736
0.3764460558078030	-0.4471321174349501
0.3766547721533919	-0.4470178369261661
0.3768638659655117	-0.4469031833921630
0.3770733383213090	-0.4467881551041282
0.3772831903032417	-0.4466727503214036
0.3774934229991258	-0.4465569672913634
0.3777040375021529	-0.4464408042493206
0.3779150349109417	-0.4463242594184175
0.3781264163295361	-0.4462073310095137
0.3783381828674951	-0.4460900172210774
0.3785503356398917	-0.4459723162390634
0.3787628757673436	-0.4458542262368326
0.3789758043760858	-0.4457357453749893
0.3791891225979691	-0.4456168718013109
0.3794028315705005	-0.4454976036506130
0.3796169324369126	-0.4453779390446266
0.3798314263461623	-0.4452578760918802
0.3800463144529937	-0.4451374128876003
0.3802615979179552	-0.4450165475135522
0.3804772779074537	-0.4448952780379580
0.3806933555938064	-0.4447736025153300
0.3809098321552116	-0.4446515189863967
0.3811267087758924	-0.4445290254779062
0.3813439866460467	-0.4444061200025679
0.3815616669619246	-0.4442828005588738
0.3817797509258656	-0.4441590651309891
0.3819982397463423	-0.4440349116886067
0.3822171346379889	-0.4439103381868278
0.3824364368216396	-0.4437853425660088
0.3826561475243925	-0.4436599227516229
0.3828762679796303	-0.4435340766541401
0.3830967994270728	-0.4434078021688627
0.3833177431128022	-0.4432810971757948
0.3835391002893250	-0.4431539595395023
0.3837608722156089	-0.4430263871089467
0.3839830601571184	-0.4428983777173533
0.3842056653858817	-0.4427699291820488
0.3844286891804800	-0.4426410393043415
0.3846521328261639	-0.4425117058693175
0.3848759976148414	-0.4423819266457235
0.3851002848451555	-0.4422516993857893
0.3853249958225100	-0.4421210218250838
0.3855501318591196	-0.4419898916823428
0.3857756942740645	-0.4418583066593108
0.3860016843933283	-0.4417262644405688
0.3862281035498485	-0.4415937626933839
0.3864549530835509	-0.4414607990675173
0.3866822343414280	-0.4413273711950663
0.3869099486775450	-0.4411934766902995
0.3871380974531151	-0.4410591131494632
0.3873666820365565	-0.4409242781506091
0.3875957038035052	-0.4407889692534290
0.3878251641369034	-0.4406531839990431
0.3880550644270157	-0.4405169199098576
0.3882854060715102	-0.4403801744893336
0.3885161904754836	-0.4402429452218257
0.3887474190515239	-0.4401052295723884
0.3889790932197684	-0.4399670249865774
0.3892112144079319	-0.4398283288902474
0.3894437840513862	-0.4396891386893734
0.3896768035931934	-0.4395494517698278
0.3899102744841714	-0.4394092654971820
0.3901441981829325	-0.4392685772165158
0.3903785761559596	-0.4391273842521896
0.3906134098776219	-0.4389856839076526
0.3908487008302888	-0.4388434734651930
0.3910844505043286	-0.4387007501857771
0.3913206603981829	-0.4385575113087716
0.3915573320184355	-0.4384137540517578
0.3917944668798611	-0.4382694756102962
0.3920320665054788	-0.4381246731577003
0.3922701324265976	-0.4379793438447979
0.3925086661828998	-0.4378334847997104
0.3927476693224740	-0.4376870931276020
0.3929871434019115	-0.4375401659104408
0.3932270899863244	-0.4373927002067837
0.3934675106494055	-0.4372446930514683
0.3937084069735239	-0.4370961414554386
0.3939497805497650	-0.4369470424054255
0.3941916329779935	-0.4367973928637374
0.3944339658669019	-0.4366471897679740
0.3946767808340809	-0.4364964300307788
0.3949200795061079	-0.4363451105395559
0.3951638635185760	-0.4361932281562086
0.3954081345161523	-0.4360407797168772
0.3956528941526829	-0.4358877620316373
0.3958981440912241	-0.4357341718842384
0.3961438860041103	-0.4355800060318062
0.3963901215730320	-0.4354252612045602
0.3966368524890955	-0.4352699341055234
0.3968840804528776	-0.4351140214102187
0.3971318071745206	-0.4349575197663735
0.3973800343737862	-0.4348004257935890
0.3976287637801009	-0.4346427360830913
0.3978779971326551	-0.4344844471973524
0.3981277361804598	-0.4343255556698196
0.3983779826824334	-0.4341660580045518
0.3986287384074444	-0.4340059506759262
0.3988800051343873	-0.4338452301283126
0.3991317846522749	-0.4336838927756933
0.3993840787602912	-0.4335219350013657
0.3996368892678742	-0.4333593531575778
0.3998902179947825	-0.4331961435651767
0.4001440667711668	-0.4330323025132756
0.4003984374376479	-0.4328678262588571
0.4006533318454075	-0.4327027110264377
0.4009087518562253	-0.4325369530076821
0.4011646993425969	-0.4323705483610464
0.4014211761877739	-0.4322034932113750
0.4016781842858704	-0.4320357836495097
0.4019357255419139	-0.4318674157319440
0.4021938018719600	-0.4316983854803523
0.4024524152031232	-0.4315286888812632
0.4027115674736986	-0.4313583218856000
0.4029712606332311	-0.4311872804082562
0.4032314966425634	-0.4310155603277360
0.4034922774739700	-0.4308431574856729
0.4037536051111922	-0.4306700676864066
0.4040154815495603	-0.4304962866965434
0.4042779087960469	-0.4303218102445326
0.4045408888693605	-0.4301466340201860
0.4048044238000187	-0.4299707536742273
0.4050685156304743	-0.4297941648178233
0.4053331664151423	-0.4296168630221061
0.4055983782205290	-0.4294388438177151
0.4058641531252941	-0.4292601026942836
0.4061304932203492	-0.4290806350999602
0.4063974006089422	-0.4289004364408993
0.4066648774067703	-0.4287195020807271
0.4069329257420014	-0.4285378273400773
0.4072015477554504	-0.4283554074960184
0.4074707456005984	-0.4281722377815403
0.4077405214437297	-0.4279883133850160
0.4080108774639988	-0.4278036294496270
0.4082818158535320	-0.4276181810728289
0.4085533388175147	-0.4274319633057785
0.4088254485742887	-0.4272449711527574
0.4090981473554444	-0.4270571995705693
0.4093714374059135	-0.4268686434679788
0.4096453209840705	-0.4266792977050710
0.4099198003618252	-0.4264891570926765
0.4101948778247053	-0.4262982163917116
0.4104705556719965	-0.4261064703125626
0.4107468362167665	-0.4259139135144528
0.4110237217860490	-0.4257205406047723
0.4113012147208502	-0.4255263461384285
0.4115793173763503	-0.4253313246171554
0.4118580321219104	-0.4251354704888575
0.4121373613412299	-0.4249387781468619
0.4124173074324258	-0.4247412419292868
0.4126978728081355	-0.4245428561182507
0.4129790598956345	-0.4243436149391783
0.4132608711369010	-0.4241435125600639
0.4135433089887694	-0.4239425430906833
0.4138263759229892	-0.4237407005818843
0.4141100744263587	-0.4235379790247449
0.4143944070008222	-0.4233343723498141
0.4146793761635512	-0.4231298744263133
0.4149649844471010	-0.4229244790612950
0.4152512343994617	-0.4227181799988306
0.4155381285842099	-0.4225109709191472
0.4158256695805641	-0.4223028454377804
0.4161138599835652	-0.4220937971047052
0.4164027024041149	-0.4218838194034089
0.4166921994691168	-0.4216729057500438
0.4169823538215786	-0.4214610494924563
0.4172731681207389	-0.4212482439092755
0.4175646450421273	-0.4210344822089694
0.4178567872777434	-0.4208197575288475
0.4181495975361011	-0.4206040629341058
0.4184430785423914	-0.4203873914167985
0.4187372330385513	-0.4201697358948447
0.4190320637834122	-0.4199510892109748
0.4193275735527726	-0.4197314441316832
0.4196237651395483	-0.4195107933461381
0.4199206413538443	-0.4192891294651159
0.4202182050231130	-0.4190664450198575
0.4205164589922190	-0.4188427324609701
0.4208154061235858	-0.4186179841572452
0.4211150492972752	-0.4183921923945158
0.4214153914111495	-0.4181653493744155
0.4217164353809303	-0.4179374472132351
0.4220181841403385	-0.4177084779406052
0.4223206406411953	-0.4174784334983082
0.4226238078535561	-0.4172473057389609
0.4229276887657854	-0.4170150864246865
0.4232322863847008	-0.4167817672258368
0.4235376037356755	-0.4165473397195958
0.4238436438627387	-0.4163117953886371
0.4241504098286932	-0.4160751256196802
0.4244579047152376	-0.4158373217020879
0.4247661316230443	-0.4155983748264019
0.4250750936719112	-0.4153582760828507
0.4253847940008263	-0.4151170164598510
0.4256952357681469	-0.4148745868424455
0.4260064221515820	-0.4146309780107589
0.4263183563484444	-0.4143861806383726
0.4266310415756524	-0.4141401852907208
0.4269444810698779	-0.4138929824234015
0.4272586780876597	-0.4136445623804949
0.4275736359054634	-0.4133949153928451
0.4278893578198193	-0.4131440315762843
0.4282058471474447	-0.4128919009298394
0.4285231072252592	-0.4126385133339234
0.4288411414105874	-0.4123838585484451
0.4291599530811665	-0.4121279262109263
0.4294795456353044	-0.4118707058345343
0.4297999224919410	-0.4116121868061550
0.4301210870907552	-0.4113523583843086
0.4304430428922185	-0.4110912096971574
0.4307657933777485	-0.4108287297403419
0.4310893420497363	-0.4105649073749020
0.4314136924316351	-0.4102997313250618
0.4317388480680893	-0.4100331901759784
0.4320648125249691	-0.4097652723714972
0.4323915893894327	-0.4094959662118596
0.4327191822700485	-0.4092252598512393
0.4330475947968252	-0.4089531412954243
0.4333768306212998	-0.4086795983992920
0.4337068934165818	-0.4084046188643053
0.4340377868774183	-0.4081281902359400
0.4343695147202802	-0.4078502999010511
0.4347020806833530	-0.4075709350852049
0.4350354885266561	-0.4072900828499194
0.4353697420320017	-0.4070077300898958
0.4357048450031157	-0.4067238635301360
0.4360408012656303	-0.4064384697230133
0.4363776146670960	-0.4061515350453450
0.4367152890770604	-0.4058630456952923
0.4370538283870148	-0.4055729876892760
0.4373932365104805	-0.4052813468587608
0.4377335173829470	-0.4049881088470866
0.4380746749619031	-0.4046932591060284
0.4384167132268231	-0.4043967828925008
0.4387596361792039	-0.4040986652650351
0.4391034478424092	-0.4037988910802899
0.4394481522618098	-0.4034974449893385
0.4397937535045893	-0.4031943114339980
0.4401402556598012	-0.4028894746430468
0.4404876628382743	-0.4025829186283522
0.4408359791725721	-0.4022746271808484
0.4411852088168442	-0.4019645838665512
0.4415353559468237	-0.4016527720223504
0.4418864247597043	-0.4013391747517829
0.4422384194740168	-0.4010237749206392
0.4425913443295292	-0.4007065551525900
0.4429452035870963	-0.4003874978245771
0.4433000015285501	-0.4000665850621793
0.4436557424564476	-0.3997437987347602
0.4440124306940489	-0.3994191204507300
0.4443700705849797	-0.3990925315523699
0.4447286664931576	-0.3987640131108235
0.4450882228024260	-0.3984335459208458
0.4454487439164726	-0.3981011104953498
0.4458102342584516	-0.3977666870598884
0.4461726982707945	-0.3974302555472193
0.4465361404149039	-0.3970917955911497
0.4469005651707256	-0.3967512865210389
0.4472659770366416	-0.3964087073553338
0.4476323805288890	-0.3960640367955631
0.4479997801812965	-0.3957172532200119
0.4483681805448737	-0.3953683346768592
0.4487375861873406	-0.3950172588778678
0.4491080016927440	-0.3946640031911444
0.4494794316608725	-0.3943085446343688
0.4498518807068205	-0.3939508598672992
0.4502253534604625	-0.3935909251845172
0.4505998545657571	-0.3932287165077278
0.4509753886802835	-0.3928642093779758
0.4513519604745369	-0.3924973789474430
0.4517295746312164	-0.3921281999714641
0.4521082358445641	-0.3917566467998712
0.4524879488195839	-0.3913826933683180
0.4528687182712105	-0.3910063131894723
0.4532505489235624	-0.3906274793435899
0.4536334455089448	-0.3902461644693629
0.4540174127669484	-0.3898623407540881
0.4544024554435464	-0.3894759799237265
0.4547885782899039	-0.3890870532326925
0.4551757860614846	-0.3886955314533086
0.4555640835166463	-0.3883013848650222
0.4559534754156970	-0.3879045832433391
0.4563439665194249	-0.3875050958482706
0.4567355615879277	-0.3871028914126718
0.4571282653790065	-0.3866979381301095
0.4575220826468514	-0.3862902036423476
0.4579170181404865	-0.3858796550266420
0.4583130766020074	-0.3854662587825785
0.4587102627650096	-0.3850499808183099
0.4591085813527216	-0.3846307864367395
0.4595080370761039	-0.3842086403210279
0.4599086346319025	-0.3837835065199015
0.4603103787005215	-0.3833553484322358
0.4607132739438931	-0.3829241287912841
0.4611173250030907	-0.3824898096486121
0.4615225364959936	-0.3820523523572971
0.4619289130147968	-0.3816117175545418
0.4623364591231582	-0.3811678651441471
0.4627451793535856	-0.3807207542780427
0.4631550782044652	-0.3802703433372525
0.4635661601369597	-0.3798165899125849
0.4639784295717650	-0.3793594507843228
0.4643918908857763	-0.3788988819015201
0.4648065484084984	-0.3784348383603954
0.4652224064182698	-0.3779672743823848
0.4656394691384282	-0.3774961432909797
0.4660577407331389	-0.3770213974881571
0.4664772253029878	-0.3765429884300052
0.4668979268806663	-0.3760608666013003
0.4673198494260247	-0.3755749814894349
0.4677429968210914	-0.3750852815574171
0.4681673728648339	-0.3745917142158115
0.4685929812677322	-0.3740942257939018
0.4690198256457688	-0.3735927615097589
0.4694479095145771	-0.3730872654391310
0.4698772362829459	-0.3725776804835010
0.4703078092459683	-0.3720639483368280
0.4707396315782187	-0.3715460094510512
0.4711727063261699	-0.3710238030003854
0.4716070364003905	-0.3704972668445706
0.4720426245674847	-0.3699663374902904
0.4724794734412431	-0.3694309500515682
0.4729175854737587	-0.3688910382085127
0.4733569629458609	-0.3683465341644580
0.4737976079569699	-0.3677973686015772
0.4742395224147395	-0.3672434706348983
0.4746827080236775	-0.3666847677642218
0.4751271662737131	-0.3661211858244309
0.4755728984277910	-0.3655526489338686
0.4760199055088191	-0.3649790794405812
0.4764681882861740	-0.3644003978662552
0.4769177472612355	-0.3638165228482734
0.4773685826522604	-0.3632273710791667
0.4778206943784252	-0.3626328572434842
0.4782740820429638	-0.3620328939524992
0.4787287449154426	-0.3614273916756290
0.4791846819130791	-0.3608162586694922
0.4796418915809647	-0.3601994009034670
0.4801003720711978	-0.3595767219825232
0.4805601211210021	-0.3589481230663968
0.4810211360293035	-0.3583135027853739
0.4814834136324240	-0.3576727571524050
0.4819469502781075	-0.3570257794711494
0.4824117417980421	-0.3563724602400222
0.4828777834790026	-0.3557126870519811
0.4833450700322213	-0.3550463444894897
0.4838135955610293	-0.3543733140147677
0.4842833535264554	-0.3536934738550361
0.4847543367111894	-0.3530066988820235
0.4852265371808417	-0.3523128604861039
0.4856999462435796	-0.3516118264439866
0.4861745544067045	-0.3509034607805103
0.4866503513310722	-0.3501876236230408
0.4871273257826099	-0.3494641710489756
0.4876054655806493	-0.3487329549255834
0.4880847575435596	-0.3479938227415856
0.4885651874303373	-0.3472466174303749
0.4890467398793942	-0.3464911771832688
0.4895293983426787	-0.3457273352542153
0.4900131450160747	-0.3449549197530057
0.4904979607652536	-0.3441737534278682
0.4909838250467974	-0.3433836534361490
0.4914707158239033	-0.3425844311024515
0.4919586094769913	-0.3417758916631443
0.4924474807080675	-0.3409578339965589
0.4929373024388962	-0.3401300503377400
0.4934280457020618	-0.3392923259768610
0.4939196795251581	-0.3384444389395290
0.4944121708063837	-0.3375861596487167
0.4949054841818404	-0.3367172505659226
0.4953995818837760	-0.3358374658105993
0.4958944235884139	-0.3349465507561707
0.4963899662533732	-0.3340442416006274
0.4968861639429044	-0.3331302649100717
0.4973829676409663	-0.3322043371323947
0.4978803250503081	-0.3312661640798375
0.4983781803765866	-0.3303154403768722
0.4988764740965502	-0.3293518488711151
0.4993751427086649	-0.3283750600037221
0.4998741184643526	-0.3273847311367642
0.5003733290791510	-0.3263805058326955
0.5008726974203817	-0.3253620130826417
0.5013721411711451	-0.3243288664783816
0.5018715724664230	-0.3232806633238495
0.5023708975010704	-0.3222169836788784
0.5028700161044708	-0.3211373893313195
0.5033688212809098	-0.3200414226882273
0.5038671987115511	-0.3189286055802350
0.5043650262134818	-0.3177984379698099
0.5048621731534380	-0.3166503965533451
0.5053584998100723	-0.3154839332477858
0.5058538566808681	-0.3142984735476650
0.5063480837270686	-0.3130934147409867
0.5068410095511260	-0.3118681239678859
0.5073324504993725	-0.3106219361040007
0.5078222096820980	-0.3093541514507576
0.5083100759024133	-0.3080640332089705
0.5087958224842332	-0.3067508047117448
0.5092792059881643	-0.3054136463868217
0.5097599648045722	-0.3040516924165291
0.5102378176075776	-0.3026640270583414
0.5107124616583920	-0.3012496805804191
0.5111835709373045	-0.2998076247667315
0.5116507940894337	-0.2983367679294779
0.5121137521589553	-0.2968359493672946
0.5125720360920873	-0.2953039331880428
0.5130252039801037	-0.2937394014089639
0.5134727780147488	-0.2921409462274510
0.5139142411234101	-0.2905070613401172
0.5143490332493564	-0.2888361321639437
0.5147765472384553	-0.2871264247888894
0.5151961242907170	-0.2853760734569684
0.5156070489339668	-0.2835830663276721
0.5160085434727478	-0.2817452292388656
0.5163997618662068	-0.2798602071170743
0.5167797829934435	-0.2779254426209882
0.5171476032639017	-0.2759381515130645
0.5175021285505997	-0.2738952941508019
0.5178421654357532	-0.2717935423544783
0.5181664117964651	-0.2696292407465811
0.5184734468071378	-0.2673983614565235
0.5187617205172504	-0.2650964508303643
0.5190295432808391	-0.2627185664793606
0.5192750754936584	-0.2602592026120009
0.5194963183635793	-0.2577122011270754
0.5196911068171490	-0.2550706453684972
0.5198571062220405	-0.2523267327523795
0.5199918153987425	-0.2494716216669368
0.5200925795499740	-0.2464952471227475
0.5201566183379785	-0.2433860986379781
0.5201810765259216	-0.2401309528717832
0.5201631074954696	-0.2367145527366103
0.5201000035918175	-0.2331192244060134
0.5199893914427840	-0.2293244241441501
0.5198295145154215	-0.2253062085696001
0.5196196277343657	-0.2210366247381081
0.5193605272697441	-0.2164830188034252
0.5190552285867466	-0.2116072590727626
0.5187097831605343	-0.2063648490359566
0.5183341875378447	-0.2007038439743935
0.5179432949482380	-0.1945633365418661
0.5175576083890451	-0.1878709637046137
0.5172038252072106	-0.1805382508281646
0.5169149018713962	-0.1724512270438640
0.5167283998682048	-0.1634502423186524
0.5166748323532040	-0.1532825072145791
0.5166958831815553	-0.1414831830391125
0.5160977849258159	-0.1273100583577879
0.5133758453834879	-0.1115956885988517
0.5098132666779772	-0.0954876065808584
0.5064123094992546	-0.0774193038109630
0.5031936300991590	-0.0544354757463229
