0.5516849007788717	-0.4790927509665821
0.5519213713266862	-0.4790685413060720
0.5521580763049347	-0.4790442565299941
0.5523950161436574	-0.4790198964534503
0.5526321912764336	-0.4789954608907175
0.5528696021365667	-0.4789709496554132
0.5531072491599114	-0.4789463625608156
0.5533451327823194	-0.4789216994197397
0.5535832534411461	-0.4788969600427541
0.5538216115756976	-0.4788721442426130
0.5540602076260579	-0.4788472518284860
0.5542990420331936	-0.4788222826115212
0.5545381152394609	-0.4787972364002205
0.5547774276893451	-0.4787721130031456
0.5550169798270024	-0.4787469122291408
0.5552567720991674	-0.4787216338853472
0.5554968049533148	-0.4786962777781326
0.5557370788383090	-0.4786708437140713
0.5559775942043066	-0.4786453314984108
0.5562183515019242	-0.4786197409362376
0.5564593511844961	-0.4785940718315344
0.5567005937060029	-0.4785683239880021
0.5569420795210975	-0.4785424972083598
0.5571838090868323	-0.4785165912947020
0.5574257828604098	-0.4784906060490552
0.5576680013010248	-0.4784645412719980
0.5579104648694312	-0.4784383967638141
0.5581531740268904	-0.4784121723239469
0.5583961292369518	-0.4783858677516957
0.5586393309634285	-0.4783594828445009
0.5588827796720689	-0.4783330174008903
0.5591264758303179	-0.4783064712171206
0.5593704199061414	-0.4782798440894662
0.5596146123691745	-0.4782531358130812
0.5598590536905470	-0.4782263461835060
0.5601037443430772	-0.4781994749940229
0.5603486848002648	-0.4781725220388917
0.5605938755367940	-0.4781454871102460
0.5608393170296564	-0.4781183700001650
0.5610850097565478	-0.4780911704997649
0.5613309541967147	-0.4780638884002393
0.5615771508311211	-0.4780365234909094
0.5618236001412499	-0.4780090755609246
0.5620703026109986	-0.4779815443991964
0.5623172587249247	-0.4779539297931787
0.5625644689694808	-0.4779262315296754
0.5628119338317822	-0.4778984493953097
0.5630596538018353	-0.4778705831756188
0.5633076293694985	-0.4778426326550837
0.5635558610270953	-0.4778145976184440
0.5638043492675653	-0.4777864778481573
0.5640530945859956	-0.4777582731274964
0.5643020974787192	-0.4777299832380487
0.5645513584433854	-0.4777016079607876
0.5648008779792106	-0.4776731470764978
0.5650506565867577	-0.4776446003644905
0.5653006947683500	-0.4776159676035421
0.5655509930272635	-0.4775872485718772
0.5658015518688071	-0.4775584430467090
0.5660523717997052	-0.4775295508049217
0.5663034533277040	-0.4775005716217218
0.5665547969626935	-0.4774715052726903
0.5668064032155143	-0.4774423515316364
0.5670582725989415	-0.4774131101723372
0.5673104056271108	-0.4773837809669667
0.5675628028154559	-0.4773543636879106
0.5678154646812301	-0.4773248581058032
0.5680683917433524	-0.4772952639914051
0.5683215845218685	-0.4772655811136988
0.5685750435386484	-0.4772358092414357
0.5688287693171257	-0.4772059481429383
0.5690827623822414	-0.4771759975846809
0.5693370232603945	-0.4771459573334589
0.5695915524798485	-0.4771158271543779
0.5698463505703252	-0.4770856068123100
0.5701014180626186	-0.4770552960707593
0.5703567554900253	-0.4770248946927870
0.5706123633867637	-0.4769944024402178
0.5708682422891992	-0.4769638190751200
0.5711243927346560	-0.4769331443573052
0.5713808152625389	-0.4769023780464881
0.5716375104139136	-0.4768715199016729
0.5718944787311718	-0.4768405696805422
0.5721517207587201	-0.4768095271401750
0.5724092370422944	-0.4767783920368213
0.5726670281293819	-0.4767471641258810
0.5729250945692059	-0.4767158431618751
0.5731834369126643	-0.4766844288982755
0.5734420557122126	-0.4766529210878675
0.5737009515221126	-0.4766213194825090
0.5739601248982058	-0.4765896238332651
0.5742195763978838	-0.4765578338900655
0.5744793065808200	-0.4765259494022901
0.5747393160078685	-0.4764939701180358
0.5749996052418241	-0.4764618957849969
0.5752601748469242	-0.4764297261493291
0.5755210253896205	-0.4763974609571487
0.5757821574376659	-0.4763650999530860
0.5760435715608865	-0.4763326428801400
0.5763052683304165	-0.4763000894819663
0.5765672483197850	-0.4762674395003896
0.5768295121035888	-0.4762346926762230
0.5770920602590138	-0.4762018487497301
0.5773548933641919	-0.4761689074600990
0.5776180119997422	-0.4761358685454929
0.5778814167476766	-0.4761027317431132
0.5781451081918372	-0.4760694967893062
0.5784090869178183	-0.4760361634193835
0.5786733535134994	-0.4760027313682600
0.5789379085680360	-0.4759692003687200
0.5792027526726705	-0.4759355701535810
0.5794678864206408	-0.4759018404544604
0.5797333104068000	-0.4758680110017405
0.5799990252276651	-0.4758340815250186
0.5802650314822247	-0.4758000517530825
0.5805313297710097	-0.4757659214134428
0.5807979206961804	-0.4757316902325822
0.5810648048622244	-0.4756973579362538
0.5813319828752986	-0.4756629242490706
0.5815994553434910	-0.4756283888945920
0.5818672228768684	-0.4755937515955972
0.5821352860873484	-0.4755590120734051
0.5824036455889235	-0.4755241700486763
0.5826723019975230	-0.4754892252412192
0.5829412559305377	-0.4754541773694136
0.5832105080080157	-0.4754190261503159
0.5834800588517033	-0.4753837713010496
0.5837499090849964	-0.4753484125367085
0.5840200593339625	-0.4753129495715494
0.5842905102259369	-0.4752773821190288
0.5845612623907065	-0.4752417098913969
0.5848323164600495	-0.4752059325996499
0.5851036730675245	-0.4751700499543215
0.5853753328488795	-0.4751340616640476
0.5856472964418425	-0.4750979674370498
0.5859195644862860	-0.4750617669798145
0.5861921376240549	-0.4750254599986344
0.5864650164990574	-0.4749890461978884
0.5867382017571833	-0.4749525252813613
0.5870116940466704	-0.4749158969514240
0.5872854940176935	-0.4748791609094299
0.5875596023223274	-0.4748423168557858
0.5878340196152042	-0.4748053644897034
0.5881087465525261	-0.4747683035091271
0.5883837837930208	-0.4747311336107679
0.5886591319975699	-0.4746938544906668
0.5889347918290149	-0.4746564658433008
0.5892107639521901	-0.4746189673622636
0.5894870490346374	-0.4745813587398001
0.5897636477455642	-0.4745436396669215
0.5900405607565309	-0.4745058098339522
0.5903177887414562	-0.4744678689296284
0.5905953323760967	-0.4744298166415433
0.5908731923389727	-0.4743916526561138
0.5911513693101875	-0.4743533766587442
0.5914298639724987	-0.4743149883336696
0.5917086770106978	-0.4742764873635369
0.5919878091120520	-0.4742378734301770
0.5922672609659619	-0.4741991462140789
0.5925470332640754	-0.4741603053945214
0.5928271267002334	-0.4741213506496925
0.5931075419709764	-0.4740822816562316
0.5933882797744391	-0.4740430980898807
0.5936693408119057	-0.4740037996249508
0.5939507257862430	-0.4739643859345375
0.5942324354033320	-0.4739248566905477
0.5945144703707332	-0.4738852115637044
0.5947968313987636	-0.4738454502233000
0.5950795192000795	-0.4738055723371908
0.5953625344896062	-0.4737655775725871
0.5956458779848403	-0.4737254655947936
0.5959295504053344	-0.4736852360679856
0.5962135524733603	-0.4736448886553257
0.5964978849135457	-0.4736044230183387
0.5967825484528607	-0.4735638388173632
0.5970675438207690	-0.4735231357115410
0.5973528717492105	-0.4734823133583284
0.5976385329726399	-0.4734413714143428
0.5979245282278266	-0.4734003095347804
0.5982108582541060	-0.4733591273729612
0.5984975237934409	-0.4733178245813722
0.5987845255900994	-0.4732764008113580
0.5990718643910181	-0.4732348557121552
0.5993595409455551	-0.4731931889323805
0.5996475560058293	-0.4731514001187275
0.5999359103261057	-0.4731094889168707
0.6002246046636517	-0.4730674549707430
0.6005136397781133	-0.4730252979235077
0.6008030164317232	-0.4729830174161843
0.6010927353893807	-0.4729406130888615
0.6013827974185799	-0.4728980845800562
0.6016732032893568	-0.4728554315269842
0.6019639537745605	-0.4728126535651789
0.6022550496494699	-0.4727697503290568
0.6025464916923796	-0.4727267214512026
0.6028382806838946	-0.4726835665632588
0.6031304174074253	-0.4726402852949148
0.6034229026492504	-0.4725968772747704
0.6037157371981358	-0.4725533421296769
0.6040089218456534	-0.4725096794851532
0.6043024573862444	-0.4724658889651739
0.6045963446169432	-0.4724219701923704
0.6048905843375669	-0.4723779227876024
0.6051851773508111	-0.4723337463704753
0.6054801244621026	-0.4722894405589904
0.6057754264795900	-0.4722450049694785
0.6060710842144693	-0.4722004392168637
0.6063670984805531	-0.4721557429146161
0.6066634700945743	-0.4721109156745352
0.6069601998762152	-0.4720659571069029
0.6072572886478974	-0.4720208668204283
0.6075547372349321	-0.4719756444220566
0.6078525464656174	-0.4719302895176695
0.6081507171711953	-0.4718848017111155
0.6084492501856517	-0.4718391806046667
0.6087481463461200	-0.4717934257991080
0.6090474064926086	-0.4717475368936619
0.6093470314681222	-0.4717015134857739
0.6096470221185658	-0.4716553551714558
0.6099473792928887	-0.4716090615448302
0.6102481038431516	-0.4715626321986066
0.6105491966243420	-0.4715160667237258
0.6108506584944799	-0.4714693647094357
0.6111524903146734	-0.4714225257433587
0.6114546929491657	-0.4713755494115085
0.6117572672652019	-0.4713284352979414
0.6120602141330285	-0.4712811829853885
0.6123635344263970	-0.4712337920545749
0.6126672290217405	-0.4711862620847038
0.6129712987989118	-0.4711385926530637
0.6132757446407926	-0.4710907833353993
0.6135805674336032	-0.4710428337055691
0.6138857680665669	-0.4709947433357895
0.6141913474321909	-0.4709465117963108
0.6144973064263707	-0.4708981386558905
0.6148036459479137	-0.4708496234812685
0.6151103668992369	-0.4708009658376259
0.6154174701857599	-0.4707521652880812
0.6157249567162711	-0.4707032213941107
0.6160328274030236	-0.4706541337153409
0.6163410831613640	-0.4706049018094454
0.6166497249101540	-0.4705555252325995
0.6169587535714142	-0.4705060035386731
0.6172681700706869	-0.4704563362800537
0.6175779753369002	-0.4704065230069491
0.6178881703024357	-0.4703565632679481
0.6181987559028744	-0.4703064566096781
0.6185097330774852	-0.4702562025767867
0.6188211027689159	-0.4702058007120722
0.6191328659231417	-0.4701552505563860
0.6194450234898535	-0.4701045516486916
0.6197575764221324	-0.4700537035259977
0.6200705256766034	-0.4700027057232404
0.6203838722133928	-0.4699515577736624
0.6206976169962612	-0.4699002592082425
0.6210117609925420	-0.4698488095562306
0.6213263051731707	-0.4697972083446733
0.6216412505125645	-0.4697454550987057
0.6219565979890163	-0.4696935493414689
0.6222723485842768	-0.4696414905940500
0.6225885032837927	-0.4695892783754716
0.6229050630768523	-0.4695369122026879
0.6232220289561468	-0.4694843915907760
0.6235394019185534	-0.4694317160524849
0.6238571829641787	-0.4693788850986522
0.6241753730973117	-0.4693258982379357
0.6244939733257691	-0.4692727549769848
0.6248129846613414	-0.4692194548201111
0.6251324081194983	-0.4691659972698827
0.6254522447196248	-0.4691123818263260
0.6257724954850357	-0.4690586079875458
0.6260931614427712	-0.4690046752494189
0.6264142436239343	-0.4689505831055995
0.6267357430634102	-0.4688963310476909
0.6270576608001720	-0.4688419185649478
0.6273799978769912	-0.4687873451444984
0.6277027553407626	-0.4687326102711920
0.6280259342423158	-0.4686777134276814
0.6283495356365683	-0.4686226540943831
0.6286735605823935	-0.4685674317493451
0.6289980101428160	-0.4685120458684873
0.6293228853848848	-0.4684564959252897
0.6296481873798084	-0.4684007813911001
0.6299739172028715	-0.4683449017348107
0.6303000759335674	-0.4682888564231204
0.6306266646555858	-0.4682326449201738
0.6309536844567200	-0.4681762666879506
0.6312811364290158	-0.4681197211860710
0.6316090216688146	-0.4680630078716330
0.6319373412766731	-0.4680061261993968
0.6322660963575231	-0.4679490756218067
0.6325952880203844	-0.4678918555887926
0.6329249173788136	-0.4678344655478615
0.6332549855507066	-0.4677769049440796
0.6335854936582425	-0.4677191732200466
0.6339164428280613	-0.4676612698159228
0.6342478341912073	-0.4676031941693298
0.6345796688831677	-0.4675449457154049
0.6349119480439613	-0.4674865238867593
0.6352446728179987	-0.4674279281134560
0.6355778443542872	-0.4673691578230494
0.6359114638063456	-0.4673102124404300
0.6362455323322973	-0.4672510913881163
0.6365800510948046	-0.4671917940858030
0.6369150212611583	-0.4671323199507314
0.6372504440033568	-0.4670726683974121
0.6375863204979724	-0.4670128388377726
0.6379226519263488	-0.4669528306811597
0.6382594394744857	-0.4668926433340693
0.6385966843331465	-0.4668322762005018
0.6389343876978847	-0.4667717286816646
0.6392725507690371	-0.4667110001759835
0.6396111747517139	-0.4666500900792634
0.6399502608560036	-0.4665889977845402
0.6402898102966958	-0.4665277226820935
0.6406298242936042	-0.4664662641593108
0.6409703040714201	-0.4664046216009438
0.6413112508597832	-0.4663427943888416
0.6416526658933950	-0.4662807819019757
0.6419945504118145	-0.4662185835166069
0.6423369056597781	-0.4661561986060391
0.6426797328870200	-0.4660936265407154
0.6430230333483743	-0.4660308666881055
0.6433668083038010	-0.4659679184129197
0.6437110590184154	-0.4659047810768566
0.6440557867625052	-0.4658414540386154
0.6444009928115302	-0.4657779366539687
0.6447466784462279	-0.4657142282757720
0.6450928449526168	-0.4656503282537531
0.6454394936219233	-0.4655862359346694
0.6457866257508028	-0.4655219506623527
0.6461342426411815	-0.4654574717773576
0.6464823456004181	-0.4653927986173471
0.6468309359412161	-0.4653279305168290
0.6471800149818135	-0.4652628668071186
0.6475295840458793	-0.4651976068165410
0.6478796444625795	-0.4651321498702075
0.6482301975666199	-0.4650664952899834
0.6485812446982673	-0.4650006423946731
0.6489327872033953	-0.4649345904998329
0.6492848264334935	-0.4648683389177214
0.6496373637457558	-0.4648018869573858
0.6499904005030386	-0.4647352339247064
0.6503439380739195	-0.4646683791220940
0.6506979778327161	-0.4646013218488017
0.6510525211596006	-0.4645340614007012
0.6514075694405256	-0.4644665970702895
0.6517631240673039	-0.4643989281467353
0.6521191864376427	-0.4643310539157749
0.6524757579552092	-0.4642629736598194
0.6528328400295664	-0.4641946866577211
0.6531904340763369	-0.4641261921850193
0.6535485415170995	-0.4640574895136269
0.6539071637795738	-0.4639885779121289
0.6542663022975480	-0.4639194566453975
0.6546259585109235	-0.4638501249749537
0.6549861338657852	-0.4637805821586354
0.6553468298144463	-0.4637108274507715
0.6557080478154163	-0.4636408601019957
0.6560697893335107	-0.4635706793594204
0.6564320558398706	-0.4635002844664388
0.6567948488119825	-0.4634296746627560
0.6571581697336971	-0.4633588491844152
0.6575220200953189	-0.4632878072637608
0.6578864013936038	-0.4632165481293127
0.6582513151318118	-0.4631450710059247
0.6586167628197506	-0.4630733751145505
0.6589827459737875	-0.4630014596724036
0.6593492661169379	-0.4629293238928524
0.6597163247788267	-0.4628569669853642
0.6600839234958648	-0.4627843881555567
0.6604520638110906	-0.4627115866050764
0.6608207472743908	-0.4626385615317102
0.6611899754424171	-0.4625653121291944
0.6615597498787699	-0.4624918375873625
0.6619300721538320	-0.4624181370919620
0.6623009438449906	-0.4623442098247734
0.6626723665366333	-0.4622700549633807
0.6630443418201136	-0.4621956716814020
0.6634168712938994	-0.4621210591483397
0.6637899565635296	-0.4620462165294121
0.6641635992417083	-0.4619711429858337
0.6645378009483776	-0.4618958376744842
0.6649125633106382	-0.4618202997480862
0.6652878879629142	-0.4617445283551102
0.6656637765469707	-0.4616685226397092
0.6660402307119111	-0.4615922817417611
0.6664172521142526	-0.4615158047967631
0.6667948424180137	-0.4614390909358847
0.6671730032946965	-0.4613621392858531
0.6675517364233099	-0.4612849489690687
0.6679310434905498	-0.4612075191033367
0.6683109261906928	-0.4611298488021012
0.6686913862257144	-0.4610519371742320
0.6690724253053305	-0.4609737833240562
0.6694540451470898	-0.4608953863513546
0.6698362474763069	-0.4608167453513007
0.6702190340262244	-0.4607378594144314
0.6706024065380130	-0.4606587276265999
0.6709863667607930	-0.4605793490689793
0.6713709164517506	-0.4604997228180372
0.6717560573761661	-0.4604198479454221
0.6721417913074016	-0.4603397235181155
0.6725281200270266	-0.4602593485980838
0.6729150453248524	-0.4601787222426330
0.6733025689989772	-0.4600978435040809
0.6736906928558336	-0.4600167114298269
0.6740794187102097	-0.4599353250623400
0.6744687483854033	-0.4598536834391143
0.6748586837131433	-0.4597717855925799
0.6752492265337472	-0.4596896305501817
0.6756403786961404	-0.4596072173341725
0.6760321420578518	-0.4595245449617980
0.6764245184851989	-0.4594416124450571
0.6768175098532213	-0.4593584187908304
0.6772111180458011	-0.4592749630006798
0.6776053449556761	-0.4591912440709715
0.6780001924845707	-0.4591072609927481
0.6783956625431414	-0.4590230127517416
0.6787917570511597	-0.4589384983282628
0.6791884779374618	-0.4588537166972532
0.6795858271400895	-0.4587686668281684
0.6799838066062780	-0.4586833476850199
0.6803824182925742	-0.4585977582262785
0.6807816641648625	-0.4585118974048324
0.6811815461984662	-0.4584257641679857
0.6815820663781150	-0.4583393574574272
0.6819832266981527	-0.4582526762091280
0.6823850291624440	-0.4581657193533532
0.6827874757845507	-0.4580784858146301
0.6831905685877501	-0.4579909745116559
0.6835943096050796	-0.4579031843573150
0.6839987008794745	-0.4578151142585791
0.6844037444637192	-0.4577267631165417
0.6848094424206176	-0.4576381298262986
0.6852157968230058	-0.4575492132769590
0.6856228097538263	-0.4574600123515512
0.6860304833061970	-0.4573705259270709
0.6864388195835085	-0.4572807528743317
0.6868478206994028	-0.4571906920579843
0.6872574887779570	-0.4571003423364419
0.6876678259536876	-0.4570097025618818
0.6880788343716063	-0.4569187715801598
0.6884905161873481	-0.4568275482307659
0.6889028735671746	-0.4567360313467733
0.6893159086880998	-0.4566442197548629
0.6897296237379470	-0.4565521122751560
0.6901440209154119	-0.4564597077212693
0.6905591024301206	-0.4563670049002306
0.6909748705027562	-0.4562740026124246
0.6913913273650667	-0.4561806996515594
0.6918084752600125	-0.4560870948045827
0.6922263164417790	-0.4559931868517064
0.6926448531758769	-0.4558989745662864
0.6930640877392370	-0.4558044567147750
0.6934840224202528	-0.4557096320567323
0.6939046595189101	-0.4556144993447382
0.6943260013467888	-0.4555190573242980
0.6947480502272249	-0.4554233047338645
0.6951708084953487	-0.4553272403047474
0.6955942784981525	-0.4552308627610825
0.6960184625946151	-0.4551341708197257
0.6964433631557458	-0.4550371631902779
0.6968689825646890	-0.4549398385749555
0.6972953232168153	-0.4548421956685836
0.6977223875197752	-0.4547442331585508
0.6981501778936123	-0.4546459497246810
0.6985786967708362	-0.4545473440392718
0.6990079465965291	-0.4544484147669748
0.6994379298283945	-0.4543491605647463
0.6998686489369026	-0.4542495800818088
0.7003001064053254	-0.4541496719595951
0.7007323047298386	-0.4540494348316625
0.7011652464196636	-0.4539488673236539
0.7015989339970784	-0.4538479680532351
0.7020333699975883	-0.4537467356300140
0.7024685569699401	-0.4536451686555389
0.7029044974762961	-0.4535432657231554
0.7033411940922786	-0.4534410254179923
0.7037786494070846	-0.4533384463169186
0.7042168660235648	-0.4532355269884212
0.7046558465583423	-0.4531322659925813
0.7050955936419081	-0.4530286618810061
0.7055361099187197	-0.4529247131967687
0.7059773980472905	-0.4528204184742877
0.7064194607002875	-0.4527157762393713
0.7068623005646688	-0.4526107850090376
0.7073059203417577	-0.4525054432914996
0.7077503227473392	-0.4523997495861021
0.7081955105117969	-0.4522937023832440
0.7086414863801727	-0.4521873001642866
0.7090882531123440	-0.4520805414015124
0.7095358134830572	-0.4519734245580531
0.7099841702820873	-0.4518659480878027
0.7104333263143197	-0.4517581104353388
0.7108832843998660	-0.4516499100358845
0.7113340473742145	-0.4515413453151965
0.7117856180882748	-0.4514324146895094
0.7122379994085561	-0.4513231165654631
0.7126911942172333	-0.4512134493400086
0.7131452054123006	-0.4511034114003558
0.7136000359076767	-0.4509930011238681
0.7140556886333050	-0.4508822168780228
0.7145121665352989	-0.4507710570202808
0.7149694725760606	-0.4506595198980660
0.7154276097343789	-0.4505476038486270
0.7158865810055889	-0.4504353071989840
0.7163463894016603	-0.4503226282658582
0.7168070379513407	-0.4502095653555642
0.7172685297002928	-0.4500961167639416
0.7177308677112065	-0.4499822807762607
0.7181940550639212	-0.4498680556671559
0.7186580948555800	-0.4497534397005096
0.7191229902007431	-0.4496384311293639
0.7195887442315332	-0.4495230281958904
0.7200553600977591	-0.4494072291312241
0.7205228409670457	-0.4492910321554274
0.7209911900249963	-0.4491744354773783
0.7214604104753082	-0.4490574372946579
0.7219305055399136	-0.4489400357935167
0.7224014784591311	-0.4488222291487204
0.7228733324918082	-0.4487040155234587
0.7233460709154464	-0.4485853930693359
0.7238196970263754	-0.4484663599261366
0.7242942141398702	-0.4483469142218238
0.7247696255903161	-0.4482270540724460
0.7252459347313597	-0.4481067775819556
0.7257231449360537	-0.4479860828421962
0.7262012595969976	-0.4478649679327532
0.7266802821265214	-0.4477434309208621
0.7271602159568171	-0.4476214698613016
0.7276410645400941	-0.4474990827962990
0.7281228313487600	-0.4473762677553957
0.7286055198755581	-0.4472530227553944
0.7290891336337433	-0.4471293458001883
0.7295736761572337	-0.4470052348806872
0.7300591510007796	-0.4468806879747056
0.7305455617401466	-0.4467557030468504
0.7310329119722545	-0.4466302780483760
0.7315212053153713	-0.4465044109171193
0.7320104454092742	-0.4463780995773614
0.7325006359154271	-0.4462513419396956
0.7329917805171439	-0.4461241359009447
0.7334838829197939	-0.4459964793440024
0.7339769468509406	-0.4458683701377441
0.7344709760605612	-0.4457398061368876
0.7349659743212139	-0.4456107851818758
0.7354619454282020	-0.4454813050987512
0.7359588931997961	-0.4453513636990365
0.7364568214774029	-0.4452209587795933
0.7369557341257533	-0.4450900881225068
0.7374556350331040	-0.4449587494949511
0.7379565281114241	-0.4448269406490465
0.7384584172965863	-0.4446946593217676
0.7389613065485950	-0.4445619032347294
0.7394651998517474	-0.4444286700941543
0.7399701012148591	-0.4442949575906449
0.7404760146714612	-0.4441607633991039
0.7409829442800056	-0.4440260851785540
0.7414908941240924	-0.4438909205720180
0.7419998683126520	-0.4437552672063865
0.7425098709801754	-0.4436191226922444
0.7430209062869340	-0.4434824846237423
0.7435329784191856	-0.4433453505784284
0.7440460915893943	-0.4432077181171373
0.7445602500364727	-0.4430695847837962
0.7450754580259863	-0.4429309481053063
0.7455917198503869	-0.4427918055913437
0.7461090398292463	-0.4426521547342595
0.7466274223094848	-0.4425119930088717
0.7471468716656090	-0.4423713178723337
0.7476673922999481	-0.4422301267639671
0.7481889886428895	-0.4420884171050768
0.7487116651531392	-0.4419461862988193
0.7492354263179345	-0.4418034317300035
0.7497602766533293	-0.4416601507649401
0.7502862207044182	-0.4415163407512684
0.7508132630455999	-0.4413719990177641
0.7513414082808326	-0.4412271228741936
0.7518706610438994	-0.4410817096111144
0.7524010259986659	-0.4409357564996915
0.7529325078393274	-0.4407892607915363
0.7534651112907075	-0.4406422197185010
0.7539988411085184	-0.4404946304925116
0.7545337020796180	-0.4403464903053688
0.7550696990223077	-0.4401977963285444
0.7556068367866096	-0.4400485457130162
0.7561451202545316	-0.4398987355890566
0.7566845543403891	-0.4397483630660260
0.7572251439910532	-0.4395974252322052
0.7577668941862737	-0.4394459191545520
0.7583098099389647	-0.4392938418785243
0.7588538962955073	-0.4391411904278622
0.7593991583360451	-0.4389879618043847
0.7599456011748025	-0.4388341529877738
0.7604932299603887	-0.4386797609353565
0.7610420498761087	-0.4385247825818915
0.7615920661402873	-0.4383692148393512
0.7621432840065849	-0.4382130545966920
0.7626957087643274	-0.4380562987196395
0.7632493457388265	-0.4378989440504493
0.7638042002917215	-0.4377409874076868
0.7643602778213108	-0.4375824255859783
0.7649175837628909	-0.4374232553557965
0.7654761235891024	-0.4372634734631997
0.7660359028102783	-0.4371030766295935
0.7665969269748046	-0.4369420615515072
0.7671592016694502	-0.4367804249003144
0.7677227325197636	-0.4366181633220041
0.7682875251904127	-0.4364552734369039
0.7688535853855617	-0.4362917518394512
0.7694209188492445	-0.4361275950979055
0.7699895313657471	-0.4359627997541039
0.7705594287599818	-0.4357973623231756
0.7711306168978822	-0.4356312792932857
0.7717031016867971	-0.4354645471253483
0.7722768890758777	-0.4352971622527697
0.7728519850564805	-0.4351291210811301
0.7734283956625867	-0.4349604199879389
0.7740061269711966	-0.4347910553223159
0.7745851851027660	-0.4346210234047215
0.7751655762216011	-0.4344503205266401
0.7757473065363114	-0.4342789429502950
0.7763303823002248	-0.4341068869083327
0.7769148098118336	-0.4339341486035300
0.7775005954152325	-0.4337607242084681
0.7780877455005762	-0.4335866098652271
0.7786762665045072	-0.4334118016850556
0.7792661649106556	-0.4332362957480539
0.7798574472500691	-0.4330600881028487
0.7804501201017003	-0.4328831747662488
0.7810441900928866	-0.4327055517229215
0.7816396638998213	-0.4325272149250421
0.7822365482480484	-0.4323481602919441
0.7828348499129638	-0.4321683837097853
0.7834345757203061	-0.4319878810311761
0.7840357325466754	-0.4318066480748263
0.7846383273200387	-0.4316246806251812
0.7852423670202522	-0.4314419744320483
0.7858478586795978	-0.4312585252102218
0.7864548093833088	-0.4310743286391120
0.7870632262701074	-0.4308893803623439
0.7876731165327705	-0.4307036759873907
0.7882844874186681	-0.4305172110851510
0.7888973462303287	-0.4303299811895687
0.7895117003260205	-0.4301419817972207
0.7901275571203127	-0.4299532083668995
0.7907449240846823	-0.4297636563192034
0.7913638087480780	-0.4295733210361119
0.7919842186975452	-0.4293821978605498
0.7926061615788264	-0.4291902820959626
0.7932296450969736	-0.4289975690058667
0.7938546770169826	-0.4288040538134059
0.7944812651644170	-0.4286097317008992
0.7951094174260497	-0.4284145978093802
0.7957391417505267	-0.4282186472381256
0.7963704461490034	-0.4280218750441930
0.7970033386958405	-0.4278242762419362
0.7976378275292513	-0.4276258458025068
0.7982739208520130	-0.4274265786533898
0.7989116269321402	-0.4272264696778655
0.7995509541036181	-0.4270255137145495
0.8001919107670826	-0.4268237055568236
0.8008345053905668	-0.4266210399523602
0.8014787465102363	-0.4264175116025653
0.8021246427311254	-0.4262131151620534
0.8027722027278886	-0.4260078452381051
0.8034214352455804	-0.4258016963900983
0.8040723491004128	-0.4255946631289667
0.8047249531805589	-0.4253867399166167
0.8053792564469414	-0.4251779211653587
0.8060352679340365	-0.4249682012373162
0.8066929967507098	-0.4247575744438316
0.8073524520810385	-0.4245460350448703
0.8080136431851466	-0.4243335772483953
0.8086765794000804	-0.4241201952097590
0.8093412701406577	-0.4239058830310647
0.8100077249003628	-0.4236906347605304
0.8106759532522275	-0.4234744443918340
0.8113459648497429	-0.4232573058634633
0.8120177694277764	-0.4230392130580375
0.8126913768035053	-0.4228201598016357
0.8133667968773631	-0.4226001398630975
0.8140440396339911	-0.4223791469533325
0.8147231151432233	-0.4221571747246102
0.8154040335610673	-0.4219342167698228
0.8160868051307054	-0.4217102666217749
0.8167714401835132	-0.4214853177524172
0.8174579491400946	-0.4212593635721122
0.8181463425113222	-0.4210323974288507
0.8188366308994056	-0.4208044126074822
0.8195288249989695	-0.4205754023289109
0.8202229355981411	-0.4203453597493121
0.8209189735796745	-0.4201142779593007
0.8216169499220677	-0.4198821499831067
0.8223168757007111	-0.4196489687777294
0.8230187620890453	-0.4194147272320951
0.8237226203597529	-0.4191794181661636
0.8244284618859459	-0.4189430343300695
0.8251362981423825	-0.4187055684032169
0.8258461407067059	-0.4184670129933599
0.8265580012606952	-0.4182273606356897
0.8272718915915418	-0.4179866037918836
0.8279878235931420	-0.4177447348491499
0.8287058092674063	-0.4175017461192670
0.8294258607255934	-0.4172576298375801
0.8301479901896714	-0.4170123781620056
0.8308722099936885	-0.4167659831720172
0.8315985325851669	-0.4165184368675930
0.8323269705265287	-0.4162697311681789
0.8330575364965369	-0.4160198579116010
0.8337902432917552	-0.4157688088529926
0.8345251038280431	-0.4155165756636707
0.8352621311420644	-0.4152631499300265
0.8360013383928235	-0.4150085231523641
0.8367427388632293	-0.4147526867437504
0.8374863459616796	-0.4144956320288233
0.8382321732236709	-0.4142373502425900
0.8389802343134447	-0.4139778325292061
0.8397305430256461	-0.4137170699407226
0.8404831132870163	-0.4134550534358295
0.8412379591581206	-0.4131917738785634
0.8419950948350896	-0.4129272220369912
0.8427545346513994	-0.4126613885818900
0.8435162930796803	-0.4123942640853788
0.8442803847335565	-0.4121258390195447
0.8450468243695085	-0.4118561037550444
0.8458156268887813	-0.4115850485596635
0.8465868073393092	-0.4113126635968702
0.8473603809176853	-0.4110389389243429
0.8481363629711559	-0.4107638644924501
0.8489147689996582	-0.4104874301427303
0.8496956146578825	-0.4102096256063280
0.8504789157573753	-0.4099304405024086
0.8512646882686837	-0.4096498643365390
0.8520529483235215	-0.4093678864990498
0.8528437122169924	-0.4090844962633516
0.8536369964098377	-0.4087996827842402
0.8544328175307272	-0.4085134350961473
0.8552311923785959	-0.4082257421113884
0.8560321379250085	-0.4079365926183530
0.8568356713165868	-0.4076459752796694
0.8576418098774560	-0.4073538786303492
0.8584505711117526	-0.4070602910758701
0.8592619727061706	-0.4067652008902519
0.8600760325325522	-0.4064685962140730
0.8608927686505294	-0.4061704650524707
0.8617121993102074	-0.4058707952730786
0.8625343429549045	-0.4055695746039539
0.8633592182239347	-0.4052667906314408
0.8641868439554452	-0.4049624307980127
0.8650172391893074	-0.4046564824000498
0.8658504231700540	-0.4043489325856052
0.8666864153498814	-0.4040397683520965
0.8675252353916996	-0.4037289765439727
0.8683669031722415	-0.4034165438503323
0.8692114387852318	-0.4031024568024917
0.8700588625446132	-0.4027867017715038
0.8709091949878375	-0.4024692649656346
0.8717624568792118	-0.4021501324277869
0.8726186692133181	-0.4018292900328682
0.8734778532184913	-0.4015067234851205
0.8743400303603681	-0.4011824183153769
0.8752052223454997	-0.4008563598782802
0.8760734511250363	-0.4005285333494361
0.8769447388984917	-0.4001989237225150
0.8778191081175657	-0.3998675158062859
0.8786965814900527	-0.3995342942216024
0.8795771819838276	-0.3991992433983174
0.8804609328309021	-0.3988623475721379
0.8813478575315697	-0.3985235907814144
0.8822379798586322	-0.3981829568638676
0.8831313238617060	-0.3978404294532373
0.8840279138716185	-0.3974959919758753
0.8849277745048978	-0.3971496276472531
0.8858309306683401	-0.3968013194684096
0.8867374075636901	-0.3964510502223066
0.8876472306923959	-0.3960988024701260
0.8885604258604783	-0.3957445585474761
0.8894770191834924	-0.3953883005605210
0.8903970370915929	-0.3950300103820201
0.8913205063347088	-0.3946696696472956
0.8922474539878207	-0.3943072597500987
0.8931779074563531	-0.3939427618383942
0.8941118944816823	-0.3935761568100513
0.8950494431467541	-0.3932074253084349
0.8959905818818270	-0.3928365477179092
0.8969353394703395	-0.3924635041592304
0.8978837450548987	-0.3920882744848483
0.8988358281434022	-0.3917108382740906
0.8997916186152880	-0.3913311748282521
0.9007511467279290	-0.3909492631655626
0.9017144431231591	-0.3905650820160457
0.9026815388339486	-0.3901786098162568
0.9036524652912277	-0.3897898247039098
0.9046272543308520	-0.3893987045123710
0.9056059382007403	-0.3890052267650259
0.9065885495681573	-0.3886093686695201
0.9075751215271665	-0.3882111071118691
0.9085656876062556	-0.3878104186504192
0.9095602817761309	-0.3874072795096744
0.9105589384576882	-0.3870016655739762
0.9115616925301757	-0.3865935523810355
0.9125685793395332	-0.3861829151153011
0.9135796347069387	-0.3857697286011810
0.9145948949375420	-0.3853539672960913
0.9156143968294134	-0.3849356052833433
0.9166381776826941	-0.3845146162648529
0.9176662753089727	-0.3840909735536730
0.9186987280408777	-0.3836646500663443
0.9197355747419066	-0.3832356183150545
0.9207768548164819	-0.3828038503996073
0.9218226082202626	-0.3823693179991805
0.9228728754706946	-0.3819319923638947
0.9239276976578307	-0.3814918443061538
0.9249871164554042	-0.3810488441917710
0.9260511741321894	-0.3806029619308748
0.9271199135636318	-0.3801541669685743
0.9281933782437781	-0.3797024282753872
0.9292716122975022	-0.3792477143374230
0.9303546604930403	-0.3787899931463075
0.9314425682548425	-0.3783292321888428
0.9325353816767565	-0.3778653984364023
0.9336331475355468	-0.3773984583340380
0.9347359133047632	-0.3769283777893022
0.9358437271689727	-0.3764551221607705
0.9369566380383566	-0.3759786562462573
0.9380746955636974	-0.3754989442707105
0.9391979501517572	-0.3750159498737794
0.9403264529810675	-0.3745296360970451
0.9414602560181391	-0.3740399653708962
0.9425994120341075	-0.3735468995010447
0.9437439746218285	-0.3730503996546679
0.9448939982134408	-0.3725504263461641
0.9460495380984042	-0.3720469394225028
0.9472106504420399	-0.3715398980481683
0.9483773923045776	-0.3710292606896733
0.9495498216607389	-0.3705149850996255
0.9507279974198660	-0.3699970283003441
0.9519119794466180	-0.3694753465669957
0.9531018285822562	-0.3689498954102428
0.9542976066665328	-0.3684206295583859
0.9554993765602132	-0.3678875029389760
0.9567072021682451	-0.3673504686598857
0.9579211484636024	-0.3668094789898171
0.9591412815118284	-0.3662644853382198
0.9603676684962995	-0.3657154382346095
0.9616003777442391	-0.3651622873072569
0.9628394787535078	-0.3646049812612207
0.9640850422201951	-0.3640434678557146
0.9653371400670515	-0.3634776938807651
0.9665958454727772	-0.3629076051331474
0.9678612329022150	-0.3623331463915678
0.9691333781374705	-0.3617542613910571
0.9704123583099988	-0.3611708927965626
0.9716982519336956	-0.3605829821756810
0.9729911389390280	-0.3599904699705294
0.9742911007082443	-0.3593932954686920
0.9755982201117160	-0.3587913967732301
0.9769125815454374	-0.3581847107717015
0.9782342709697424	-0.3575731731041547
0.9795633759492858	-0.3569567181300659
0.9808999856943311	-0.3563352788941574
0.9822441911034108	-0.3557087870910711
0.9835960848073970	-0.3550771730288371
0.9849557612150596	-0.3544403655910913
0.9863233165601584	-0.3537982921979952
0.9876988489501405	-0.3531508787657921
0.9890824584165059	-0.3524980496649531
0.9904742469669152	-0.3518397276768496
0.9918743186391104	-0.3511758339488824
0.9932827795567267	-0.3505062879480119
0.9946997379870800	-0.3498310074126114
0.9961253044010100	-0.3491499083025715
0.9975595915348748	-0.3484629047475836
0.9990027144547879	-0.3477699089935126
1.0004547906231982	-0.3470708313467788
1.0019159399679201	-0.3463655801166595
1.0033862849537216	-0.3456540615554105
1.0048659506565876	-0.3449361797961120
1.0063550648407831	-0.3442118367881312
1.0078537580388427	-0.3434809322300871
1.0093621636346277	-0.3427433635002109
1.0108804179495883	-0.3419990255839602
1.0124086603323919	-0.3412478109987715
1.0139470332520706	-0.3404896097158070
1.0154956823948635	-0.3397243090785441
1.0170547567649317	-0.3389517937180611
1.0186244087891354	-0.3381719454648481
1.0202047944260766	-0.3373846432569729
1.0217960732796210	-0.3365897630444164
1.0233984087171237	-0.3357871776893837
1.0250119679926000	-0.3349767568623794
1.0266369223750935	-0.3341583669338368
1.0282734472825168	-0.3333318708610556
1.0299217224212418	-0.3324971280702111
1.0315819319317578	-0.3316539943331648
1.0332542645407057	-0.3308023216388017
1.0349389137196481	-0.3299419580585907
1.0366360778509272	-0.3290727476060556
1.0383459604010123	-0.3281945300898195
1.0400687701017497	-0.3273071409598560
1.0418047211399517	-0.3264104111465720
1.0435540333558091	-0.3255041668923074
1.0453169324506213	-0.3245882295748127
1.0470936502043935	-0.3236624155222418
1.0488844247038718	-0.3227265358191544
1.0506895005816297	-0.3217803961029981
1.0525091292668798	-0.3208237963504935
1.0543435692487029	-0.3198565306533092
1.0561930863524631	-0.3188783869823679
1.0580579540302193	-0.3178891469400796
1.0599384536660059	-0.3168885854997387
1.0618348748969253	-0.3158764707312703
1.0637475159510561	-0.3148525635124522
1.0656766840032683	-0.3138166172246614
1.0676226955501151	-0.3127683774321325
1.0695858768050590	-0.3117075815436262
1.0715665641153995	-0.3106339584553285
1.0735651044023669	-0.3095472281736910
1.0755818556259729	-0.3084471014168420
1.0776171872763420	-0.3073332791930555
1.0796714808933749	-0.3062054523546693
1.0817451306167734	-0.3050633011256812
1.0838385437686084	-0.3039064946011211
1.0859521414708153	-0.3027346902161173
1.0880863593001988	-0.3015475331824071
1.0902416479837684	-0.3003446558898228
1.0924184741374672	-0.2991256772700847
1.0946173210516450	-0.2978902021199643
1.0968386895269329	-0.2966378203806326
1.0990830987645186	-0.2953681063696872
1.1013510873151977	-0.2940806179620360
1.1036432140920092	-0.2927748957154290
1.1059600594517152	-0.2914504619360343
1.1083022263509346	-0.2901068196789747
1.1106703415832877	-0.2887434516782479
1.1130650571046079	-0.2873598191998609
1.1154870514539568	-0.2859553608113815
1.1179370312790495	-0.2845294910603757
1.1204157329755793	-0.2830815990533954
1.1229239244509939	-0.2816110469262637
1.1254624070244332	-0.2801171681953730
1.1280320174758709	-0.2785992659785492
1.1306336302589941	-0.2770566110727078
1.1332681598940635	-0.2754884398740318
1.1359365635589276	-0.2738939521246935
1.1386398438985685	-0.2722723084681974
1.1413790520760869	-0.2706226277931933
1.1441552910909065	-0.2689439843430652
1.1469697193933071	-0.2672354045656719
1.1498235548282008	-0.2654958636742447
1.1527180789454783	-0.2637242818865554
1.1556546417193401	-0.2619195203049636
1.1586346667249565	-0.2600803763947193
1.1616596568276869	-0.2582055790117989
1.1647312004481292	-0.2562937829244381
1.1678509784757185	-0.2543435627641695
1.1710207719146704	-0.2523534063323631
1.1742424703591565	-0.2503217071766679
1.1775180814101085	-0.2482467563380277
1.1808497411644716	-0.2461267331526018
1.1842397259297543	-0.2439596949734093
1.1876904653431000	-0.2417435656531155
1.1912045571059215	-0.2394761226011684
1.1947847835836058	-0.2371549821943534
1.1984341305666224	-0.2347775832782907
1.2021558085465913	-0.2323411684465818
1.2059532769312573	-0.2298427627218140
1.2098302717093552	-0.2272791491853144
1.2137908371846815	-0.2246468410062794
1.2178393625344019	-0.2219420492003007
1.2219806241178193	-0.2191606452950889
1.2262198346794309	-0.2162981178876997
1.2305627008688809	-0.2133495218295911
1.2350154908605906	-0.2103094184553623
1.2395851143255268	-0.2071718048530440
1.2442792176259529	-0.2039300296233316
1.2491062979269236	-0.2005766918424267
1.2540758410258295	-0.1971035189567884
1.2591984892105503	-0.1935012179936759
1.2644862475411200	-0.1897592926142458
1.2699527398710644	-0.1858658159326911
1.2756135300850544	-0.1818071453165566
1.2814865300608813	-0.1775675600064748
1.2875925247805584	-0.1731287944429894
1.2939558584891009	-0.1684694281724441
1.3006053466637011	-0.1635640745947224
1.3075755117698542	-0.1583822811873074
1.3149082953444835	-0.1528870051603668
1.3226554918843412	-0.1470324455706898
1.3308823151186853	-0.1407608655885259
1.3396728154391511	-0.1339977635506391
1.3491384777503284	-0.1266442065096249
1.3594326293404431	-0.1185639791632723
1.3707763213113027	-0.1095604922199858
1.3835093169207373	-0.0993312772219904
1.3982044477218227	-0.0873658974423072
1.4159805020625280	-0.0726665220318520
1.4397311374169615	-0.0526498588851267
