0.5826438030332974	-0.2812981134351027
0.5828581569243083	-0.2812893941276655
0.5830727326596836	-0.2812806312343356
0.5832875306601218	-0.2812718246453351
0.5835025513475789	-0.2812629742510139
0.5837177951448773	-0.2812540799406748
0.5839332624763712	-0.2812451416037227
0.5841489537674317	-0.2812361591290372
0.5843648694445589	-0.2812271324050553
0.5845810099360680	-0.2812180613204951
0.5847973756705661	-0.2812089457626422
0.5850139670786554	-0.2811997856190867
0.5852307845915696	-0.2811905807769295
0.5854478286423419	-0.2811813311228431
0.5856650996649826	-0.2811720365431087
0.5858825980945241	-0.2811626969237438
0.5861003243676896	-0.2811533121501761
0.5863182789221190	-0.2811438821077142
0.5865364621968879	-0.2811344066811259
0.5867548746322676	-0.2811248857547840
0.5869735166697286	-0.2811153192126460
0.5871923887522594	-0.2811057069384687
0.5874114913237779	-0.2810960488154835
0.5876308248298082	-0.2810863447264668
0.5878503897169147	-0.2810765945538546
0.5880701864331880	-0.2810667981798194
0.5882902154277159	-0.2810569554859381
0.5885104771512498	-0.2810470663535771
0.5887309720555398	-0.2810371306635353
0.5889517005938334	-0.2810271482962481
0.5891726632206582	-0.2810171191318020
0.5893938603917811	-0.2810070430499003
0.5896152925643511	-0.2809969199297985
0.5898369601970060	-0.2809867496501856
0.5900588637495043	-0.2809765320897116
0.5902810036829086	-0.2809662671262923
0.5905033804599544	-0.2809559546374653
0.5907259945443871	-0.2809455945005840
0.5909488464014814	-0.2809351865922848
0.5911719364978685	-0.2809247307889368
0.5913952653015438	-0.2809142269665435
0.5916188332818549	-0.2809036750005757
0.5918426409096098	-0.2808930747660869
0.5920666886567798	-0.2808824261378329
0.5922909769970863	-0.2808717289899001
0.5925155064052757	-0.2808609831961949
0.5927402773578386	-0.2808501886300383
0.5929652903324590	-0.2808393451644652
0.5931905458082138	-0.2808284526717906
0.5934160442657519	-0.2808175110242158
0.5936417861870904	-0.2808065200933104
0.5938677720556548	-0.2807954797502491
0.5940940023562844	-0.2807843898658481
0.5943204775753254	-0.2807732503102961
0.5945471982006020	-0.2807620609534747
0.5947741647212704	-0.2807508216646736
0.5950013776280154	-0.2807395323130917
0.5952288374130856	-0.2807281927669168
0.5954565445699286	-0.2807168028944484
0.5956844995938534	-0.2807053625630529
0.5959127029813568	-0.2806938716399643
0.5961411552304879	-0.2806823299918202
0.5963698568409033	-0.2806707374847995
0.5965988083136652	-0.2806590939845706
0.5968280101513393	-0.2806473993564922
0.5970574628580984	-0.2806356534653299
0.5972871669395079	-0.2806238561753752
0.5975171229027837	-0.2806120073504269
0.5977473312565924	-0.2806001068540032
0.5979777925111586	-0.2805881545488272
0.5982085071783153	-0.2805761502973811
0.5984394757713243	-0.2805640939615749
0.5986706988051667	-0.2805519854029114
0.5989021767962631	-0.2805398244822776
0.5991339102625824	-0.2805276110601894
0.5993658997238397	-0.2805153449965558
0.5995981457011839	-0.2805030261509462
0.5998306487174015	-0.2804906543823129
0.6000634092968529	-0.2804782295491561
0.6002964279655967	-0.2804657515094286
0.6005297052512167	-0.2804532201206387
0.6007632416828633	-0.2804406352398435
0.6009970377914521	-0.2804279967234123
0.6012310941094492	-0.2804153044273887
0.6014654111708944	-0.2804025582072435
0.6016999895116828	-0.2803897579178506
0.6019348296691227	-0.2803769034136836
0.6021699321823121	-0.2803639945486950
0.6024052975919912	-0.2803510311761843
0.6026409264405185	-0.2803380131491051
0.6028768192720564	-0.2803249403197532
0.6031129766323428	-0.2803118125399390
0.6033493990687985	-0.2802986296610102
0.6035860871306581	-0.2802853915336737
0.6038230413687609	-0.2802720980081714
0.6040602623356972	-0.2802587489341646
0.6042977505857933	-0.2802453441607755
0.6045355066750748	-0.2802318835366605
0.6047735311612782	-0.2802183669098721
0.6050118246039432	-0.2802047941279197
0.6052503875643749	-0.2801911650377177
0.6054892206055467	-0.2801774794857214
0.6057283242922847	-0.2801637373177588
0.6059676991911618	-0.2801499383791187
0.6062073458704836	-0.2801360825145781
0.6064472649004145	-0.2801221695682767
0.6066874568528818	-0.2801081993838753
0.6069279223015935	-0.2800941718043531
0.6071686618221198	-0.2800800866722291
0.6074096759918084	-0.2800659438293240
0.6076509653898601	-0.2800517431170793
0.6078925305972744	-0.2800374843761838
0.6081343721969359	-0.2800231674468154
0.6083764907735717	-0.2800087921685121
0.6086188869137039	-0.2799943583802871
0.6088615612058128	-0.2799798659206113
0.6091045142401500	-0.2799653146272242
0.6093477466089960	-0.2799507043374244
0.6095912589063486	-0.2799360348877523
0.6098350517282680	-0.2799213061142846
0.6100791256725520	-0.2799065178523916
0.6103234813390518	-0.2798916699369592
0.6105681193294861	-0.2798767622021431
0.6108130402474998	-0.2798617944815998
0.6110582446986689	-0.2798467666082290
0.6113037332905682	-0.2798316784144660
0.6115495066326478	-0.2798165297320729
0.6117955653364000	-0.2798013203920676
0.6120419100152160	-0.2797860502250391
0.6122885412845380	-0.2797707190608146
0.6125354597617578	-0.2797553267286659
0.6127826660663298	-0.2797398730571440
0.6130301608195613	-0.2797243578742417
0.6132779446449531	-0.2797087810072966
0.6135260181679242	-0.2796931422829715
0.6137743820159427	-0.2796774415273180
0.6140230368185601	-0.2796616785657011
0.6142719832073226	-0.2796458532228687
0.6145212218159064	-0.2796299653228538
0.6147707532799834	-0.2796140146891288
0.6150205782373382	-0.2795980011444121
0.6152706973278769	-0.2795819245107739
0.6155211111935351	-0.2795657846097028
0.6157718204784123	-0.2795495812618596
0.6160228258286587	-0.2795333142873536
0.6162741278926394	-0.2795169835056138
0.6165257273207654	-0.2795005887352683
0.6167776247656405	-0.2794841297944279
0.6170298208820449	-0.2794676065003918
0.6172823163268264	-0.2794510186698135
0.6175351117591255	-0.2794343661186344
0.6177882078401752	-0.2794176486621059
0.6180416052334247	-0.2794008661147634
0.6182953046045409	-0.2793840182905278
0.6185493066213840	-0.2793671050024732
0.6188036119540701	-0.2793501260630187
0.6190582212748872	-0.2793330812839201
0.6193131352583957	-0.2793159704761360
0.6195683545814236	-0.2792987934499592
0.6198238799230675	-0.2792815500148996
0.6200797119646070	-0.2792642399797993
0.6203358513897170	-0.2792468631527457
0.6205922988843257	-0.2792294193410689
0.6208490551366153	-0.2792119083513738
0.6211061208371579	-0.2791943299894882
0.6213634966787951	-0.2791766840605808
0.6216211833566866	-0.2791589703689974
0.6218791815684090	-0.2791411887183153
0.6221374920138312	-0.2791233389114391
0.6223961153952109	-0.2791054207504043
0.6226550524171949	-0.2790874340365361
0.6229143037867783	-0.2790693785704111
0.6231738702133865	-0.2790512541517822
0.6234337524088611	-0.2790330605796445
0.6236939510874092	-0.2790147976522611
0.6239544669657345	-0.2789964651670089
0.6242153007629448	-0.2789780629205471
0.6244764532006335	-0.2789595907087349
0.6247379250027906	-0.2789410483266259
0.6249997168959646	-0.2789224355684564
0.6252618296091751	-0.2789037522276774
0.6255242638738626	-0.2788849980969385
0.6257870204240534	-0.2788661729680637
0.6260500999963265	-0.2788472766320393
0.6263135033296795	-0.2788283088790655
0.6265772311657632	-0.2788092694985099
0.6268412842487043	-0.2787901582788748
0.6271056633253037	-0.2787709750078898
0.6273703691448037	-0.2787517194723967
0.6276354024591514	-0.2787323914584062
0.6279007640228630	-0.2787129907511082
0.6281664545930515	-0.2786935171347882
0.6284324749294834	-0.2786739703929652
0.6286988257945564	-0.2786543503082069
0.6289655079533504	-0.2786346566622377
0.6292325221735523	-0.2786148892359638
0.6294998692255918	-0.2785950478093774
0.6297675498825230	-0.2785751321615891
0.6300355649201580	-0.2785551420708584
0.6303039151170294	-0.2785350773145225
0.6305726012543686	-0.2785149376690662
0.6308416241161612	-0.2784947229100297
0.6311109844891426	-0.2784744328121057
0.6313806831627972	-0.2784540671490779
0.6316507209294531	-0.2784336256937593
0.6319210985841776	-0.2784131082181276
0.6321918169248703	-0.2783925144931851
0.6324628767522297	-0.2783718442890500
0.6327342788698352	-0.2783510973749017
0.6330060240840562	-0.2783302735189589
0.6332781132041664	-0.2783093724885401
0.6335505470422831	-0.2782883940500138
0.6338233264134341	-0.2782673379687770
0.6340964521355508	-0.2782462040093078
0.6343699250294973	-0.2782249919350834
0.6346437459190238	-0.2782037015086831
0.6349179156308398	-0.2781823324916691
0.6351924349946585	-0.2781608846446379
0.6354673048431034	-0.2781393577272391
0.6357425260118137	-0.2781177514980848
0.6360180993394766	-0.2780960657148297
0.6362940256677041	-0.2780743001341708
0.6365703058411919	-0.2780524545117660
0.6368469407076932	-0.2780305286022748
0.6371239311180054	-0.2780085221593450
0.6374012779259954	-0.2779864349356291
0.6376789819886219	-0.2779642666827277
0.6379570441659627	-0.2779420171512795
0.6382354653212177	-0.2779196860908018
0.6385142463207014	-0.2778972732498582
0.6387933880338864	-0.2778747783759363
0.6390728913334476	-0.2778522012154789
0.6393527570951724	-0.2778295415138947
0.6396329861981218	-0.2778067990154901
0.6399135795245098	-0.2777839734635732
0.6401945379598228	-0.2777610646003087
0.6404758623927653	-0.2777380721668714
0.6407575537153317	-0.2777149959032819
0.6410396128227525	-0.2776918355484985
0.6413220406135913	-0.2776685908404212
0.6416048379896964	-0.2776452615158077
0.6418880058562688	-0.2776218473103081
0.6421715451218042	-0.2775983479585251
0.6424554566982229	-0.2775747631938770
0.6427397415007652	-0.2775510927487022
0.6430244004481105	-0.2775273363541998
0.6433094344623113	-0.2775034937404025
0.6435948444688683	-0.2774795646362576
0.6438806313967084	-0.2774555487695557
0.6441667961782368	-0.2774314458668932
0.6444533397493518	-0.2774072556537545
0.6447402630493845	-0.2773829778544408
0.6450275670212674	-0.2773586121920792
0.6453152526114126	-0.2773341583886176
0.6456033207697771	-0.2773096161648318
0.6458917724498930	-0.2772849852403063
0.6461806086089121	-0.2772602653334116
0.6464698302075428	-0.2772354561613393
0.6467594382101322	-0.2772105574400507
0.6470494335846726	-0.2771855688842892
0.6473398173028289	-0.2771604902075984
0.6476305903398987	-0.2771353211222659
0.6479217536749188	-0.2771100613393591
0.6482133082906160	-0.2770847105686914
0.6485052551734901	-0.2770592685188317
0.6487975953137221	-0.2770337348970904
0.6490903297053281	-0.2770081094095119
0.6493834593460817	-0.2769823917608866
0.6496769852376083	-0.2769565816546711
0.6499709083853210	-0.2769306787930927
0.6502652297984932	-0.2769046828770880
0.6505599504902778	-0.2768785936062367
0.6508550714777096	-0.2768524106788740
0.6511505937817502	-0.2768261337919800
0.6514465184272801	-0.2767997626412304
0.6517428464431064	-0.2767732969209733
0.6520395788620486	-0.2767467363242039
0.6523367167209054	-0.2767200805425857
0.6526342610604813	-0.2766933292664241
0.6529322129256100	-0.2766664821846873
0.6532305733651933	-0.2766395389849256
0.6535293434321975	-0.2766124993533668
0.6538285241837013	-0.2765853629748256
0.6541281166808760	-0.2765581295327408
0.6544281219890591	-0.2765307987091363
0.6547285411777418	-0.2765033701846530
0.6550293753206023	-0.2764758436384888
0.6553306254955036	-0.2764482187484530
0.6556322927845738	-0.2764204951908841
0.6559343782741471	-0.2763926726407266
0.6562368830548877	-0.2763647507714225
0.6565398082216968	-0.2763367292550110
0.6568431548738262	-0.2763086077620537
0.6571469241148646	-0.2762803859616126
0.6574511170527617	-0.2762520635213025
0.6577557347998604	-0.2762236401072257
0.6580607784728996	-0.2761951153840066
0.6583662491930884	-0.2761664890147421
0.6586721480860445	-0.2761377606610347
0.6589784762818992	-0.2761089299829410
0.6592852349152813	-0.2760799966390096
0.6595924251253644	-0.2760509602862434
0.6599000480558591	-0.2760218205800496
0.6602081048550574	-0.2759925771743539
0.6605165966758556	-0.2759632297214443
0.6608255246757904	-0.2759337778720709
0.6611348900170467	-0.2759042212753732
0.6614446938664773	-0.2758745595789141
0.6617549373956597	-0.2758447924286344
0.6620656217808715	-0.2758149194688762
0.6623767482031873	-0.2757849403423334
0.6626883178484079	-0.2757548546901049
0.6630003319072044	-0.2757246621516018
0.6633127915750352	-0.2756943623646003
0.6636256980522420	-0.2756639549652134
0.6639390525440396	-0.2756334395878827
0.6642528562605781	-0.2756028158653637
0.6645671104169214	-0.2755720834287288
0.6648818162331066	-0.2755412419073396
0.6651969749341876	-0.2755102909288222
0.6655125877502223	-0.2754792301191175
0.6658286559163202	-0.2754480591024054
0.6661451806726778	-0.2754167775011469
0.6664621632645750	-0.2753853849360166
0.6667796049424694	-0.2753538810259508
0.6670975069619350	-0.2753222653880897
0.6674158705837743	-0.2752905376378073
0.6677346970739859	-0.2752586973886678
0.6680539877038321	-0.2752267442524310
0.6683737437498506	-0.2751946778390365
0.6686939664938970	-0.2751624977565814
0.6690146572231409	-0.2751302036113517
0.6693358172301479	-0.2750977950077518
0.6696574478128615	-0.2750652715483441
0.6699795502746833	-0.2750326328338035
0.6703021259244403	-0.2749998784629257
0.6706251760764671	-0.2749670080326126
0.6709487020506096	-0.2749340211378410
0.6712727051723002	-0.2749009173716771
0.6715971867725028	-0.2748676963252515
0.6719221481878482	-0.2748343575877563
0.6722475907605705	-0.2748009007464277
0.6725735158386178	-0.2747673253865313
0.6728999247756416	-0.2747336310913381
0.6732268189310207	-0.2746998174421507
0.6735541996699352	-0.2746658840182431
0.6738820683633661	-0.2746318303969016
0.6742104263881447	-0.2745976561533496
0.6745392751269633	-0.2745633608607883
0.6748686159684508	-0.2745289440903634
0.6751984503071518	-0.2744944054111422
0.6755287795436268	-0.2744597443901193
0.6758596050844179	-0.2744249605921943
0.6761909283421398	-0.2743900535801536
0.6765227507354737	-0.2743550229146831
0.6768550736892378	-0.2743198681542998
0.6771878986343840	-0.2742845888554152
0.6775212270080861	-0.2742491845722538
0.6778550602537143	-0.2742136548568724
0.6781893998209136	-0.2741779992591424
0.6785242471656422	-0.2741422173267372
0.6788596037501753	-0.2741063086051075
0.6791954710431755	-0.2740702726374769
0.6795318505197033	-0.2740341089648326
0.6798687436612897	-0.2739978171258934
0.6802061519559320	-0.2739613966571174
0.6805440768981661	-0.2739248470926697
0.6808825199890937	-0.2738881679644111
0.6812214827364020	-0.2738513588018996
0.6815609666544409	-0.2738144191323486
0.6819009732642336	-0.2737773484806325
0.6822415040935160	-0.2737401463692673
0.6825825606768033	-0.2737028123183870
0.6829241445553983	-0.2736653458457451
0.6832662572774486	-0.2736277464666863
0.6836089003979940	-0.2735900136941208
0.6839520754789868	-0.2735521470385350
0.6842957840893501	-0.2735141460079570
0.6846400278050176	-0.2734760101079469
0.6849848082089659	-0.2734377388415826
0.6853301268912781	-0.2733993317094353
0.6856759854491513	-0.2733607882095624
0.6860223854869819	-0.2733221078374879
0.6863693286163756	-0.2732832900861777
0.6867168164562021	-0.2732443344460517
0.6870648506326622	-0.2732052404049131
0.6874134327792885	-0.2731660074479862
0.6877625645370163	-0.2731266350578836
0.6881122475542328	-0.2730871227145588
0.6884624834868083	-0.2730474698953396
0.6888132739981583	-0.2730076760748605
0.6891646207592665	-0.2729677407250780
0.6895165254487642	-0.2729276633152448
0.6898689897529381	-0.2728874433118890
0.6902220153658077	-0.2728470801787996
0.6905756039891647	-0.2728065733769970
0.6909297573326173	-0.2727659223647302
0.6912844771136397	-0.2727251265974504
0.6916397650576187	-0.2726841855277923
0.6919956228979186	-0.2726430986055601
0.6923520523759028	-0.2726018652776998
0.6927090552410067	-0.2725604849882895
0.6930666332507760	-0.2725189571785124
0.6934247881709353	-0.2724772812866383
0.6937835217754112	-0.2724354567480077
0.6941428358464031	-0.2723934829950135
0.6945027321744315	-0.2723513594570791
0.6948632125583892	-0.2723090855606357
0.6952242788055980	-0.2722666607290907
0.6955859327318497	-0.2722240843828395
0.6959481761614793	-0.2721813559392127
0.6963110109273958	-0.2721384748124785
0.6966744388711603	-0.2720954404137983
0.6970384618430187	-0.2720522521512223
0.6974030817019788	-0.2720089094296694
0.6977683003158444	-0.2719654116508977
0.6981341195612902	-0.2719217582134834
0.6985005413239093	-0.2718779485128032
0.6988675674982755	-0.2718339819410068
0.6992351999879851	-0.2717898578870034
0.6996034407057361	-0.2717455757364254
0.6999722915733754	-0.2717011348716245
0.7003417545219575	-0.2716565346716288
0.7007118314918188	-0.2716117745121291
0.7010825244326055	-0.2715668537654681
0.7014538353033710	-0.2715217718005880
0.7018257660726134	-0.2714765279830373
0.7021983187183390	-0.2714311216749248
0.7025714952281353	-0.2713855522349101
0.7029452975992277	-0.2713398190181608
0.7033197278385350	-0.2712939213763548
0.7036947879627500	-0.2712478586576307
0.7040704799983772	-0.2712016302065840
0.7044468059818276	-0.2711552353642190
0.7048237679594649	-0.2711086734679459
0.7052013679876802	-0.2710619438515388
0.7055796081329418	-0.2710150458451176
0.7059584904718947	-0.2709679787751155
0.7063380170913801	-0.2709207419642714
0.7067181900885533	-0.2708733347315748
0.7070990115709167	-0.2708257563922690
0.7074804836564110	-0.2707780062577893
0.7078626084734647	-0.2707300836357726
0.7082453881610835	-0.2706819878300081
0.7086288248689092	-0.2706337181404109
0.7090129207572922	-0.2705852738630073
0.7093976779973672	-0.2705366542898826
0.7097830987711244	-0.2704878587091755
0.7101691852714850	-0.2704388864050444
0.7105559397023680	-0.2703897366576317
0.7109433642787679	-0.2703404087430330
0.7113314612268410	-0.2702909019332789
0.7117202327839580	-0.2702412154962968
0.7121096811988028	-0.2701913486958812
0.7124998087314385	-0.2701413007916718
0.7128906176533811	-0.2700910710391080
0.7132821102476931	-0.2700406586894145
0.7136742888090447	-0.2699900629895543
0.7140671556438091	-0.2699392831822128
0.7144607130701295	-0.2698883185057512
0.7148549634180098	-0.2698371681941910
0.7152499090293937	-0.2697858314771597
0.7156455522582416	-0.2697343075798879
0.7160418954706278	-0.2696825957231418
0.7164389410448111	-0.2696306951232249
0.7168366913713196	-0.2695786049919128
0.7172351488530440	-0.2695263245364470
0.7176343159053288	-0.2694738529594805
0.7180341949560298	-0.2694211894590512
0.7184347884456496	-0.2693683332285477
0.7188360988273772	-0.2693152834566780
0.7192381285672073	-0.2692620393274198
0.7196408801440305	-0.2692086000200093
0.7200443560497060	-0.2691549647088742
0.7204485587891664	-0.2691011325636278
0.7208534908805049	-0.2690471027490042
0.7212591548550832	-0.2689928744248508
0.7216655532575930	-0.2689384467460617
0.7220726886461926	-0.2688838188625614
0.7224805635925677	-0.2688289899192549
0.7228891806820477	-0.2687739590559965
0.7232985425136981	-0.2687187254075469
0.7237086517004169	-0.2686632881035297
0.7241195108690375	-0.2686076462684008
0.7245311226604300	-0.2685517990214056
0.7249434897295906	-0.2684957454765349
0.7253566147457596	-0.2684394847424900
0.7257705003925206	-0.2683830159226311
0.7261851493678959	-0.2683263381149506
0.7266005643844585	-0.2682694504120224
0.7270167481694334	-0.2682123519009567
0.7274337034648208	-0.2681550416633633
0.7278514330274700	-0.2680975187753071
0.7282699396292278	-0.2680397823072642
0.7286892260570220	-0.2679818313240754
0.7291092951129766	-0.2679236648849029
0.7295301496145348	-0.2678652820431922
0.7299517923945559	-0.2678066818466138
0.7303742263014447	-0.2677478633370340
0.7307974541992562	-0.2676888255504480
0.7312214789678173	-0.2676295675169506
0.7316463035028336	-0.2675700882606859
0.7320719307160283	-0.2675103867997904
0.7324983635352423	-0.2674504621463588
0.7329256049045575	-0.2673903133063801
0.7333536577844305	-0.2673299392797069
0.7337825251518033	-0.2672693390599823
0.7342122100002331	-0.2672085116346142
0.7346427153400158	-0.2671474559847120
0.7350740441983126	-0.2670861710850336
0.7355061996192739	-0.2670246559039417
0.7359391846641796	-0.2669629094033443
0.7363730024115520	-0.2669009305386506
0.7368076559573044	-0.2668387182587089
0.7372431484148589	-0.2667762715057598
0.7376794829152974	-0.2667135892153739
0.7381166626074678	-0.2666506703164139
0.7385546906581606	-0.2665875137309573
0.7389935702522077	-0.2665241183742559
0.7394333045926489	-0.2664604831546737
0.7398738969008555	-0.2663966069736299
0.7403153504166861	-0.2663324887255483
0.7407576683986141	-0.2662681272977851
0.7412008541238881	-0.2662035215705861
0.7416449108886622	-0.2661386704170149
0.7420898420081585	-0.2660735727028993
0.7425356508168062	-0.2660082272867679
0.7429823406683996	-0.2659426330197919
0.7434299149362329	-0.2658767887457211
0.7438783770132829	-0.2658106933008190
0.7443277303123320	-0.2657443455138078
0.7447779782661467	-0.2656777442057955
0.7452291243276262	-0.2656108881902145
0.7456811719699652	-0.2655437762727611
0.7461341246868133	-0.2654764072513198
0.7465879859924398	-0.2654087799159089
0.7470427594218911	-0.2653408930486027
0.7474984485311704	-0.2652727454234702
0.7479550568973918	-0.2652043358065014
0.7484125881189534	-0.2651356629555441
0.7488710458157174	-0.2650667256202269
0.7493304336291707	-0.2649975225418944
0.7497907552226063	-0.2649280524535306
0.7502520142812955	-0.2648583140796915
0.7507142145126718	-0.2647883061364256
0.7511773596465060	-0.2647180273312078
0.7516414534350924	-0.2646474763628546
0.7521064996534277	-0.2645766519214595
0.7525725020993981	-0.2645055526883078
0.7530394645939708	-0.2644341773358054
0.7535073909813783	-0.2643625245273957
0.7539762851293156	-0.2642905929174864
0.7544461509291218	-0.2642183811513626
0.7549169922959960	-0.2641458878651113
0.7553888131691714	-0.2640731116855423
0.7558616175121350	-0.2640000512300971
0.7563354093128158	-0.2639267051067707
0.7568101925837947	-0.2638530719140322
0.7572859713625102	-0.2637791502407283
0.7577627497114633	-0.2637049386660074
0.7582405317184325	-0.2636304357592263
0.7587193214966813	-0.2635556400798655
0.7591991231851778	-0.2634805501774395
0.7596799409488111	-0.2634051645914040
0.7601617789786043	-0.2633294818510691
0.7606446414919464	-0.2632535004755032
0.7611285327328086	-0.2631772189734448
0.7616134569719748	-0.2631006358432012
0.7620994185072675	-0.2630237495725621
0.7625864216637852	-0.2629465586386948
0.7630744707941289	-0.2628690615080524
0.7635635702786430	-0.2627912566362723
0.7640537245256559	-0.2627131424680787
0.7645449379717140	-0.2626347174371820
0.7650372150818360	-0.2625559799661721
0.7655305603497548	-0.2624769284664226
0.7660249782981664	-0.2623975613379815
0.7665204734789870	-0.2623178769694651
0.7670170504735979	-0.2622378737379565
0.7675147138931180	-0.2621575500088918
0.7680134683786527	-0.2620769041359542
0.7685133186015671	-0.2619959344609631
0.7690142692637416	-0.2619146393137626
0.7695163250978534	-0.2618330170121050
0.7700194908676411	-0.2617510658615433
0.7705237713681860	-0.2616687841553083
0.7710291714261868	-0.2615861701741957
0.7715356959002416	-0.2615032221864448
0.7720433496811352	-0.2614199384476242
0.7725521376921336	-0.2613363172005027
0.7730620648892563	-0.2612523566749318
0.7735731362615970	-0.2611680550877202
0.7740853568316008	-0.2610834106425085
0.7745987316553775	-0.2609984215296408
0.7751132658230047	-0.2609130859260365
0.7756289644588338	-0.2608274019950605
0.7761458327218022	-0.2607413678863920
0.7766638758057567	-0.2606549817358884
0.7771830989397611	-0.2605682416654531
0.7777035073884286	-0.2604811457828990
0.7782251064522477	-0.2603936921818055
0.7787479014679094	-0.2603058789413845
0.7792718978086405	-0.2602177041263343
0.7797971008845515	-0.2601291657867014
0.7803235161429674	-0.2600402619577254
0.7808511490687842	-0.2599509906597045
0.7813800051848109	-0.2598613498978356
0.7819100900521326	-0.2597713376620707
0.7824414092704630	-0.2596809519269632
0.7829739684785112	-0.2595901906515082
0.7835077733543465	-0.2594990517789953
0.7840428296157737	-0.2594075332368410
0.7845791430207060	-0.2593156329364348
0.7851167193675517	-0.2592233487729727
0.7856555644955895	-0.2591306786252971
0.7861956842853700	-0.2590376203557272
0.7867370846591039	-0.2589441718098893
0.7872797715810617	-0.2588503308165515
0.7878237510579800	-0.2587560951874434
0.7883690291394730	-0.2586614627170899
0.7889156119184411	-0.2585664311826250
0.7894635055314939	-0.2584709983436184
0.7900127161593768	-0.2583751619418903
0.7905632500273972	-0.2582789197013298
0.7911151134058602	-0.2581822693277064
0.7916683126105101	-0.2580852085084819
0.7922228540029785	-0.2579877349126178
0.7927787439912286	-0.2578898461903839
0.7933359890300230	-0.2577915399731588
0.7938945956213759	-0.2576928138732330
0.7944545703150285	-0.2575936654836056
0.7950159197089215	-0.2574940923777826
0.7955786504496747	-0.2573940921095675
0.7961427692330760	-0.2572936622128524
0.7967082828045720	-0.2571928002014058
0.7972751979597658	-0.2570915035686578
0.7978435215449264	-0.2569897697874796
0.7984132604574951	-0.2568875963099650
0.7989844216466115	-0.2567849805672065
0.7995570121136288	-0.2566819199690667
0.8001310389126525	-0.2565784119039481
0.8007065091510777	-0.2564744537385624
0.8012834299901307	-0.2563700428176903
0.8018618086454292	-0.2562651764639444
0.8024416523875326	-0.2561598519775291
0.8030229685425178	-0.2560540666359891
0.8036057644925463	-0.2559478176939633
0.8041900476764545	-0.2558411023829306
0.8047758255903338	-0.2557339179109545
0.8053631057881349	-0.2556262614624232
0.8059518958822715	-0.2555181301977863
0.8065422035442320	-0.2554095212532862
0.8071340365052022	-0.2553004317406889
0.8077274025566969	-0.2551908587470098
0.8083223095511946	-0.2550807993342332
0.8089187654027854	-0.2549702505390329
0.8095167780878270	-0.2548592093724823
0.8101163556456107	-0.2547476728197690
0.8107175061790328	-0.2546356378398937
0.8113202378552744	-0.2545231013653808
0.8119245589064971	-0.2544100603019667
0.8125304776305439	-0.2542965115282975
0.8131380023916472	-0.2541824518956173
0.8137471416211507	-0.2540678782274511
0.8143579038182407	-0.2539527873192842
0.8149702975506852	-0.2538371759382402
0.8155843314555838	-0.2537210408227458
0.8162000142401311	-0.2536043786822022
0.8168173546823873	-0.2534871861966409
0.8174363616320580	-0.2533694600163834
0.8180570440112928	-0.2532511967616867
0.8186794108154848	-0.2531323930223970
0.8193034711140904	-0.2530130453575817
0.8199292340514526	-0.2528931502951687
0.8205567088476454	-0.2527727043315749
0.8211859047993173	-0.2526517039313331
0.8218168312805629	-0.2525301455267058
0.8224494977437921	-0.2524080255173034
0.8230839137206193	-0.2522853402696855
0.8237200888227676	-0.2521620861169689
0.8243580327429771	-0.2520382593584169
0.8249977552559371	-0.2519138562590324
0.8256392662192232	-0.2517888730491387
0.8262825755742519	-0.2516633059239588
0.8269276933472488	-0.2515371510431809
0.8275746296502327	-0.2514104045305274
0.8282233946820091	-0.2512830624733084
0.8288739987291832	-0.2511551209219748
0.8295264521671869	-0.2510265758896563
0.8301807654613180	-0.2508974233517048
0.8308369491677988	-0.2507676592452176
0.8314950139348496	-0.2506372794685630
0.8321549705037748	-0.2505062798808910
0.8328168297100719	-0.2503746563016441
0.8334806024845492	-0.2502424045100527
0.8341462998544661	-0.2501095202446282
0.8348139329446911	-0.2499759992026452
0.8354835129788741	-0.2498418370396174
0.8361550512806348	-0.2497070293687627
0.8368285592747786	-0.2495715717604624
0.8375040484885182	-0.2494354597417103
0.8381815305527266	-0.2492986887955537
0.8388610172032005	-0.2491612543605231
0.8395425202819464	-0.2490231518300581
0.8402260517384886	-0.2488843765519170
0.8409116236311935	-0.2487449238275825
0.8415992481286199	-0.2486047889116547
0.8422889375108836	-0.2484639670112355
0.8429807041710515	-0.2483224532853023
0.8436745606165501	-0.2481802428440713
0.8443705194706034	-0.2480373307483511
0.8450685934736871	-0.2478937120088849
0.8457687954850123	-0.2477493815856810
0.8464711384840268	-0.2476043343873357
0.8471756355719464	-0.2474585652703386
0.8478822999733051	-0.2473120690383738
0.8485911450375379	-0.2471648404416021
0.8493021842405805	-0.2470168741759376
0.8500154311865027	-0.2468681648823062
0.8507308996091624	-0.2467187071458960
0.8514486033738935	-0.2465684954953919
0.8521685564792139	-0.2464175244021997
0.8528907730585685	-0.2462657882796553
0.8536152673820976	-0.2461132814822186
0.8543420538584349	-0.2459599983046587
0.8550711470365365	-0.2458059329812185
0.8558025616075405	-0.2456510796847699
0.8565363124066576	-0.2454954325259514
0.8572724144150938	-0.2453389855522922
0.8580108827620045	-0.2451817327473191
0.8587517327264844	-0.2450236680296494
0.8594949797395903	-0.2448647852520673
0.8602406393863956	-0.2447050782005830
0.8609887274080860	-0.2445445405934755
0.8617392597040856	-0.2443831660803192
0.8624922523342253	-0.2442209482409916
0.8632477215209422	-0.2440578805846644
0.8640056836515250	-0.2438939565487741
0.8647661552803931	-0.2437291694979778
0.8655291531314169	-0.2435635127230851
0.8662946941002828	-0.2433969794399763
0.8670627952568946	-0.2432295627884938
0.8678334738478206	-0.2430612558313190
0.8686067472987862	-0.2428920515528257
0.8693826332172053	-0.2427219428579134
0.8701611493947647	-0.2425509225708155
0.8709423138100499	-0.2423789834338920
0.8717261446312189	-0.2422061181063911
0.8725126602187274	-0.2420323191631956
0.8733018791281039	-0.2418575790935388
0.8740938201127701	-0.2416818902997009
0.8748885021269206	-0.2415052450956775
0.8756859443284508	-0.2413276357058248
0.8764861660819421	-0.2411490542634761
0.8772891869617004	-0.2409694928095358
0.8780950267548538	-0.2407889432910411
0.8789037054645062	-0.2406073975597006
0.8797152433129528	-0.2404248473703997
0.8805296607449540	-0.2402412843796819
0.8813469784310732	-0.2400567001441953
0.8821672172710779	-0.2398710861191124
0.8829903983974076	-0.2396844336565145
0.8838165431787040	-0.2394967340037503
0.8846456732234140	-0.2393079783017525
0.8854778103834635	-0.2391181575833308
0.8863129767579948	-0.2389272627714229
0.8871511946971867	-0.2387352846773132
0.8879924868061455	-0.2385422139988155
0.8888368759488723	-0.2383480413184183
0.8896843852523085	-0.2381527571013913
0.8905350381104660	-0.2379563516938547
0.8913888581886348	-0.2377588153208061
0.8922458694276756	-0.2375601380841107
0.8931060960484063	-0.2373603099604440
0.8939695625560661	-0.2371593207991972
0.8948362937448786	-0.2369571603203339
0.8957063147027051	-0.2367538181122061
0.8965796508157943	-0.2365492836293194
0.8974563277736277	-0.2363435461900542
0.8983363715738707	-0.2361365949743368
0.8992198085274180	-0.2359284190212615
0.9001066652635549	-0.2357190072266589
0.9009969687352156	-0.2355083483406153
0.9018907462243646	-0.2352964309649361
0.9027880253474792	-0.2350832435505543
0.9036888340611592	-0.2348687743948804
0.9045932006678506	-0.2346530116390987
0.9055011538216955	-0.2344359432653988
0.9064127225345026	-0.2342175570941479
0.9073279361818560	-0.2339978407810000
0.9082468245093483	-0.2337767818139414
0.9091694176389539	-0.2335543675102654
0.9100957460755437	-0.2333305850134844
0.9110258407135403	-0.2331054212901680
0.9119597328437230	-0.2328788631267096
0.9128974541601843	-0.2326508971260204
0.9138390367674407	-0.2324215097041444
0.9147845131877057	-0.2321906870867985
0.9157339163683251	-0.2319584153058292
0.9166872796893830	-0.2317246801955885
0.9176446369714805	-0.2314894673892232
0.9186060224836921	-0.2312527623148781
0.9195714709517089	-0.2310145501918080
0.9205410175661647	-0.2307748160263981
0.9215146979911639	-0.2305335446080876
0.9224925483729998	-0.2302907205051988
0.9234746053490867	-0.2300463280606596
0.9244609060570962	-0.2298003513876284
0.9254514881443174	-0.2295527743650077
0.9264463897772318	-0.2293035806328493
0.9274456496513285	-0.2290527535876473
0.9284493070011482	-0.2288002763775115
0.9294574016105747	-0.2285461318972239
0.9304699738233754	-0.2282903027831696
0.9314870645540030	-0.2280327714081397
0.9325087152986606	-0.2277735198760051
0.9335349681466434	-0.2275125300162521
0.9345658657919592	-0.2272497833783804
0.9356014515452453	-0.2269852612261564
0.9366417693459815	-0.2267189445317169
0.9376868637750132	-0.2264508139695230
0.9387367800673940	-0.2261808499101529
0.9397915641255574	-0.2259090324139331
0.9408512625328251	-0.2256353412244018
0.9419159225672693	-0.2253597557615988
0.9429855922159309	-0.2250822551151759
0.9440603201894143	-0.2248028180373230
0.9451401559368628	-0.2245214229355041
0.9462251496613336	-0.2242380478649936
0.9473153523355801	-0.2239526705212134
0.9484108157182576	-0.2236652682318561
0.9495115923705659	-0.2233758179487928
0.9506177356733432	-0.2230842962397556
0.9517292998446228	-0.2227906792797891
0.9528463399576771	-0.2224949428424610
0.9539689119595537	-0.2221970622908253
0.9550970726901276	-0.2218970125681287
0.9562308799016873	-0.2215947681882523
0.9573703922790678	-0.2212903032258773
0.9585156694603546	-0.2209835913063681
0.9596667720581753	-0.2206746055953608
0.9608237616816003	-0.2203633187880472
0.9619867009586744	-0.2200497030981432
0.9631556535596006	-0.2197337302465312
0.9643306842205998	-0.2194153714495644
0.9655118587684688	-0.2190945974070198
0.9666992441458669	-0.2187713782896888
0.9678929084373495	-0.2184456837265909
0.9690929208961830	-0.2181174827917968
0.9702993519719642	-0.2177867439908473
0.9715122733390799	-0.2174534352467505
0.9727317579260302	-0.2171175238855461
0.9739578799456549	-0.2167789766214142
0.9751907149262929	-0.2164377595413165
0.9764303397439100	-0.2160938380891499
0.9776768326552351	-0.2157471770493932
0.9789302733319387	-0.2153977405302271
0.9801907428958985	-0.2150454919461103
0.9814583239555915	-0.2146903939997838
0.9827331006436595	-0.2143324086636879
0.9840151586556882	-0.2139714971607629
0.9853045852902583	-0.2136076199446112
0.9866014694903079	-0.2132407366789957
0.9879059018858701	-0.2128708062166446
0.9892179748382306	-0.2124977865773375
0.9905377824855748	-0.2121216349252402
0.9918654207901748	-0.2117423075454585
0.9932009875871906	-0.2113597598197778
0.9945445826351417	-0.2109739462015541
0.9958963076681323	-0.2105848201897202
0.9972562664498921	-0.2101923343018686
0.9986245648297193	-0.2097964400463726
1.0000013108004040	-0.2093970878935022
1.0013866145582175	-0.2089942272454909
1.0027805885650605	-0.2085878064055078
1.0041833476128630	-0.2081777725454863
1.0055950088903371	-0.2077640716727553
1.0070156920521878	-0.2073466485954227
1.0084455192908950	-0.2069254468864520
1.0098846154111802	-0.2065004088463704
1.0113331079072827	-0.2060714754645483
1.0127911270431778	-0.2056385863789811
1.0142588059358713	-0.2052016798345027
1.0157362806419157	-0.2047606926393560
1.0172236902473026	-0.2043155601200447
1.0187211769608935	-0.2038662160743759
1.0202288862115541	-0.2034125927226147
1.0217469667491847	-0.2029546206566500
1.0232755707498233	-0.2024922287870773
1.0248148539250359	-0.2020253442880911
1.0263649756358011	-0.2015538925400798
1.0279260990111214	-0.2010777970698019
1.0294983910715969	-0.2005969794880229
1.0310820228582194	-0.2001113594244772
1.0326771695666603	-0.1996208544600190
1.0342840106873346	-0.1991253800558094
1.0359027301515518	-0.1986248494793845
1.0375335164840753	-0.1981191737274352
1.0391765629624403	-0.1976082614451198
1.0408320677833911	-0.1970920188417187
1.0425002342368372	-0.1965703496024294
1.0441812708877416	-0.1960431547960837
1.0458753917663861	-0.1955103327785578
1.0475828165674905	-0.1949717790916297
1.0493037708586914	-0.1944273863570182
1.0510384862989197	-0.1938770441653260
1.0527872008672647	-0.1933206389595835
1.0545501591029300	-0.1927580539130743
1.0563276123569563	-0.1921891688010960
1.0581198190564145	-0.1916138598662880
1.0599270449818334	-0.1910319996771325
1.0617495635586760	-0.1904434569792002
1.0635876561637421	-0.1898480965386890
1.0654416124474408	-0.1892457789777626
1.0673117306729429	-0.1886363606011623
1.0691983180733031	-0.1880196932135260
1.0711016912277307	-0.1873956239268002
1.0730221764582668	-0.1867639949570881
1.0749601102482407	-0.1861246434102193
1.0769158396839733	-0.1854774010552752
1.0788897229213266	-0.1848220940852358
1.0808821296788211	-0.1841585428638489
1.0828934417591858	-0.1834865616577486
1.0849240536013698	-0.1828059583527626
1.0869743728652070	-0.1821165341532643
1.0890448210511223	-0.1814180832633199
1.0911358341574702	-0.1807103925482768
1.0932478633783298	-0.1799932411753144
1.0953813758448350	-0.1792664002313484
1.0975368554133944	-0.1785296323165317
1.0997148035044624	-0.1777826911114316
1.1019157399958812	-0.1770253209157829
1.1041402041751722	-0.1762572561565164
1.1063887557555980	-0.1754782208625403
1.1086619759612668	-0.1746879281035031
1.1109604686871055	-0.1738860793894907
1.1132848617400670	-0.1730723640283042
1.1156358081686488	-0.1722464584366148
1.1180139876884727	-0.1714080254009151
1.1204201082125527	-0.1705567132837402
1.1228549074957572	-0.1696921551701583
1.1253191549040440	-0.1688139679489695
1.1278136533201959	-0.1679217513224412
1.1303392411991287	-0.1670150867377050
1.1328967947873347	-0.1660935362321438
1.1354872305227319	-0.1651566411842046
1.1381115076331272	-0.1642039209600420
1.1407706309537113	-0.1632348714452312
1.1434656539865307	-0.1622489634494561
1.1461976822277651	-0.1612456409705462
1.1489678767919693	-0.1602243193024806
1.1517774583662499	-0.1591843829699561
1.1546277115317674	-0.1581251834697763
1.1575199894950505	-0.1570460367966224
1.1604557192775415	-0.1559462207276193
1.1634364074186956	-0.1548249718364563
1.1664636462560063	-0.1536814822035532
1.1695391208547847	-0.1525148957837469
1.1726646166716219	-0.1513243043870881
1.1758420280485715	-0.1501087432213840
1.1790733676506111	-0.1488671859368798
1.1823607769774063	-0.1475985391036767
1.1857065381024439	-0.1463016360407743
1.1891130868190249	-0.1449752299015887
1.1925830274044635	-0.1436179859038783
1.1961191492523566	-0.1422284725715290
1.1997244456696783	-0.1408051518307292
1.2034021351927615	-0.1393463677725908
1.2071556858467012	-0.1378503338567804
1.2109888428598858	-0.1363151182843537
1.2149056604538331	-0.1347386272102498
1.2189105384644030	-0.1331185853935646
1.2230082647218954	-0.1314525137924300
1.2272040643354378	-0.1297377034942762
1.2315036573062146	-0.1279711852235272
1.2359133262547686	-0.1261496934765820
1.2404399965179040	-0.1242696240832473
1.2450913314899443	-0.1223269836636401
1.2498758469071125	-0.1203173290101390
1.2548030488828337	-0.1182356938323771
1.2598836020129927	-0.1160764994969510
1.2651295359572781	-0.1138334452796817
1.2705545018277835	-0.1114993720868714
1.2761740938818464	-0.1090660913777609
1.2820062580550586	-0.1065241677952913
1.2880718177981620	-0.1038626392432942
1.2943951611714746	-0.1010686509406503
1.3010051540388967	-0.0981269688198116
1.3079363774545534	-0.0950193198631033
1.3152308419567695	-0.0917234777659271
1.3229404245157401	-0.0882119625634141
1.3311304391362535	-0.0844501344584658
1.3398850605736594	-0.0803932970468816
1.3493159315757051	-0.0759820981524758
1.3595765852493766	-0.0711348198934551
1.3708883497175812	-0.0657335240131344
1.3835913752826197	-0.0595967474032271
1.3982590584758421	-0.0524182415181754
1.4160110542014157	-0.0435992907546227
1.4397424152537210	-0.0315897889435000
