0.373671684418041835793492002977048270185388047100339456914006476	-0.08896231568893569828046092718452257819698422370016087284739442299
0.3467109968791634397176753597333357803848004993677574646672795947	-0.2739148752912348173495602221381792747477538250973723343650163577
0.3010534546123663938020036088800677804011339963412727765376066809	-0.4782769832230718099841828307226313537843110402128836872035719744
0.2515049621855905894555404478718900095428237014148124372001906708	-0.7051482024334953685861970504385768365925088223408284254870787101
0.2075145798130655795330686792528090675434578830185504073884693702	-0.9468448908663515472853621177822172293036691018831430809697865618
0.1692994030930436605438064692802787986095089753942994380769044783	-1.195608054135846807847460029671733713789664087364734725768938026
0.133252340245188023348782689183331048477488073302513757538492003	-1.447910626162038157994807397415596607732701351679603627487463088
0.0928223336702009451175819699089234479504316239438075743950226453	-1.703841172206135527001006936060433367764526852046619826404728318
-0.01532450476065008068390068122630652156036002067574250219471718394	-1.998411841858943243483795868185565268928321196767124255028635379
0.06326350512560599307041854973803947615409914113189993004957635527	-2.302644765158540496127753612498062689915446631886752819863559879
0.07655346288598616222699244004758942678740519775733675807379977984	-2.560826617381505700571821673666641829202962938051184467957496171
0.08259814464162899247280558795019159597751759004690718058111981972	-2.81544237260798779561811695120295240578544531026297355173451183
0.08572792206331741216236497106252507427886140864555912347282636219	-3.068694743931190171597761590173332139968885624029578243867064476
0.08739426237359949664425771196150006647458257086527509072980458411	-3.321230238432559244699194974444038809786142944448327886370357624
0.08823894076058751745528414816504744157521842944586606195783101891	-3.573320698307922546217728396493026894740751514379838370268845536
0.08859038712016865336254864743005300573325974990315046570727279362	-3.825105208145405895783593534939576616993861450596150611772623302
0.08863290245937937209000721310829348539525851666577950860119390449	-4.076664588675445040507177827408641968181863934390464980923134964
0.08847670657510741159962951197835023643950779038778347226731907036	-4.328050209552675275849267004189974209598913826097293453326092414
0.08819084812397537626287124744398350776337127513780740651065526149	-4.579296956899633027006230725351397075166966639301331412676213596
0.08782012413064599474191943375242602054106701339549939203713874917	-4.830429749071317222164632732315824913977975464780922089634359222
0.08739438826000293818426223124265688949221848309328940445924913914	-5.081467099508646547457768593453165169470343724260925925089597335
0.086933950286221304757893501449377561851860333061804582677071845	-5.332423200561469065047077123769948703540033201821807792893669175
0.08645284449817552684008883048219789534160922240452693047560270078	-5.583309211067705931740071326384419357358588900256469295908328745
0.08596087866409553562248639694165427892890547217917576138554491724	-5.834134089067616494013576679550043353902392690795853273250104888
0.08546495671751565787995782386596312116513426474220596048997858843	-6.084905151418977302066102203752125159884754320753946476296820011
0.08496995406942307592776018139183869288263298886240033968403352716	-6.335628462358345227352399846758791818615757750455553247187837553
0.08447930931203792766535660048084376812570779159656796646540297988	-6.586309110952870887013158660386149293957906355735913097009458402
0.08399543161522152309138860427535091051849774646218171934542406197	-6.836951414064626906341849482141448152586476003210484434993568832
0.08351998572972612705508644448707714426150583687581327117063468211	-7.087559067981449391599448201173298028302968116913762040977116997
0.08305409415429906728528874784299749046434475732570968690232969553	-7.338135263802167543731950360754231248816352441264329752850058226
0.08259848228979750096807043854021676033370940770558147086502752674	-7.588682776674740178465225601957057069968605102486895134842889165
0.08215358376369654651813986502883374151271058877951630695595926437	-7.839204035809562535576077551253838929254522146110509488047144917
0.08171961755666963560751440523792873232430999905044362839386760817	-8.089701180115384845568549375642328641124272833919512984041434018
0.08129664492697979161982993504827881120121487529006865003983763314	-8.340176102918125545878416821281247307993732255239450116992075247
0.08088461170591841972621457171140959683815056755777419777887259355	-8.590630488275786872211173822635095789022802904149829021165311813
0.08048337989818244809579024317065063416981828864764939905327446812	-8.841065840743641673891898609732060197298809263234651895300740467
0.08009275139588304980153081731801366328734038421902863640471682012	-9.091483509977240405463293150747609222633383401302811324983906011
0.07971248583251898702607655701358724730066837938804241305714954497	-9.34188471122513842360029641911793960454994597883725611087131967
0.07934231405277652849560206350554811348459417626509023160131468344	-9.592270542518283886202061282631552728054045440329930197880692283
0.07898194828246141984316171425797628104662213736827397835208817616	-9.842641999181841359171115513337990488682994416394186532853146284
0.07863108980154059204332041897012686572449907335583824069160811953	-10.0929999861595940739033151616007395655937514298169818533846124
0.07828943471926071671585718372229366521271744824962055051511721926	-10.34334532853837375250529111830174243272825832529691748830392352
0.07795667830109668410157285607443062488427326938335496194660240815	-10.59367878058139789002617277570635001601326120020082680787727257
0.07763251818727976238439393830419867614378003862642518551264341177	-10.84400103351870008095017130001483663089908010973785255233695817
0.07731665676096191760147409044227334051484418996496251505988326074	-11.09431272229553098352823944640769724115228064455027683662167134
0.07700880286299032854388716085117598082684896383738185045483428277	-11.34461443144242487934268948493403072678753535473199847761253528
0.07670867300430634270587506965091341264510688726971269335553392753	-11.5949067002011744491638067238854124370513461863473668783612409
0.07641599219220008031347621253634608563318294324084453129249580396	-11.84519002701745729097199674339623225968943898302914929119887463
0.07613049446018558198939993176772798610522060377160539032573325774	-12.09546487349198071887727135317216871075459574260239690224359102
0.07585192317102308301944023254868753443878542057729203221039495804	-12.34573166786675045476402708338240873325934916625234953493043304
0.07558003114686834129377387931174511343427111882166967220631872575	-12.59599080811065720032262872185878894579375672840210301184460416
0.07531458066853630693404797865225275264812074670664488820823945695	-12.84624266465842374411002021374116067511483628654453576783524983
0.0750553433765800582915826057221614911869183740521187867080625818	-13.09648758284860837103206680484698466903365274734272577673287396
0.07480210009967035626955379190890204915465610648204112085068025426	-13.34672588509946263187307939428410622459387963233101174757375136
0.07455464063013733369161253146989475841487791186619985853100826373	-13.5969578728557142756998133422609887811743083716868412620527681
0.07431276346214069464643643893062692402395009573023965582377126302	-13.84718382833456930446706419958657013153425349287327196799405774
0.07407627550449184610775943318461340338581075798660716234682262505	-14.09740401609522592451950042756225287007879965550601573237206105
0.07384499177744903433733568018948850644827245476692174208466625409	-14.34761868445282807713489887346651874231451338242460800927875228
0.07361873510068218216733047508591688213179943849597038491026370299	-14.59782806675494516680350505135494755845575972736498394775952331
0.07339733577793219681186704095753795974256256819695606982867491425	-14.84803238253625713395147254182514920375308186046945518281437333
0.07318063128257277628871349670652943734072319453055505874303440609	-15.09823183856507679897242776802924973696885996017877635036431509
0.07296846594724553867773883607137210888169855547273814059200838577	-15.34842662979359468831161679818825649657961447304006702781640568
0.07276069065992259426723374768542053302830671695957047852370811537	-15.598616940222236450309067833223632978926693410722959426165997
0.07255716256810825107299177002919740592762875358646826317417068882	-15.84880294368723930418477511018698467526009048216622830429511877
0.07235774479238708691870550671171144916543412023858617226947148931	-16.09898480457944859508304925199693102120820815964163757044604836
0.07216230615013054655131259444859979655412241321624355661973535292	-16.34916267850138100086623601253825543763055220679681797237093919
0.07197072088986595609562425505554070880369340287040874501130431659	-16.59933671286877443387216997331263241102488694967511975148484456
0.07178286843657252295373951325983326348350646914200519218941860431	-16.84950704746212716805031964810923096362086809530937867607994118
0.07159863314798433563622050821201608435087481058015264200082744587	-17.09967381493310426591261045876530792070394761411369183678663027
0.07141790408183933265102375557024048897780910256151966689993829052	-17.34983714127014460088631658202976763682761547305669970870684312
