0.3010534546123796	-0.4782769832230661
0.3010535236162860	-0.4782769367375401
0.3010537306281977	-0.4782767972803715
0.3010540756484879	-0.4782765648507674
0.3010545586778280	-0.4782762394470650
0.3010551797171886	-0.4782758210670204
0.3010559387677696	-0.4782753097076991
0.3010568358310527	-0.4782747053655520
0.3010578709088077	-0.4782740080364003
0.3010590440030628	-0.4782732177153692
0.3010603551161140	-0.4782723343970006
0.3010618042505240	-0.4782713580751316
0.3010633914091383	-0.4782702887429835
0.3010651165950667	-0.4782691263931202
0.3010669798116886	-0.4782678710174750
0.3010689810626373	-0.4782665226073313
0.3010711203518709	-0.4782650811532891
0.3010733976835328	-0.4782635466453575
0.3010758130621225	-0.4782619190728567
0.3010783664923692	-0.4782601984244615
0.3010810579792492	-0.4782583846882463
0.3010838875280497	-0.4782564778515765
0.3010868551443377	-0.4782544779011780
0.3010899608338793	-0.4782523848231922
0.3010932046027956	-0.4782501986030146
0.3010965864574466	-0.4782479192254659
0.3011001064044300	-0.4782455466746964
0.3011037644506532	-0.4782430809342020
0.3011075606032828	-0.4782405219868298
0.3011114948697581	-0.4782378698147859
0.3011155672577912	-0.4782351243995992
0.3011197777753591	-0.4782322857221735
0.3011241264307065	-0.4782293537627696
0.3011286132323540	-0.4782263285009465
0.3011332381891033	-0.4782232099156982
0.3011380013099967	-0.4782199979852843
0.3011429026043839	-0.4782166926873390
0.3011479420818566	-0.4782132939988661
0.3011531197522986	-0.4782098018961933
0.3011584356258404	-0.4782062163549945
0.3011638897129208	-0.4782025373503064
0.3011694820241982	-0.4781987648564825
0.3011752125706482	-0.4781948988472602
0.3011810813634916	-0.4781909392956776
0.3011870884142442	-0.4781868861741495
0.3011932337346422	-0.4781827394544402
0.3011995173367571	-0.4781784991076061
0.3012059392328890	-0.4781741651041137
0.3012124994356298	-0.4781697374137259
0.3012191979578275	-0.4781652160055572
0.3012260348126103	-0.4781606008480709
0.3012330100133636	-0.4781558919090692
0.3012401235737642	-0.4781510891556960
0.3012473755077621	-0.4781461925544001
0.3012547658295552	-0.4781412020710382
0.3012622945536229	-0.4781361176707600
0.3012699616947173	-0.4781309393180277
0.3012777672678829	-0.4781256669767142
0.3012857112883858	-0.4781203006099637
0.3012937937718128	-0.4781148401802754
0.3013020147340087	-0.4781092856495056
0.3013103741910577	-0.4781036369788009
0.3013188721593675	-0.4780978941286759
0.3013275086555759	-0.4780920570589903
0.3013362836966094	-0.4780861257289107
0.3013451972996818	-0.4780801000968992
0.3013542494822448	-0.4780739801208406
0.3013634402620355	-0.4780677657578756
0.3013727696570724	-0.4780614569645118
0.3013822376856341	-0.4780550536965441
0.3013918443662988	-0.4780485559091442
0.3014015897178616	-0.4780419635567820
0.3014114737594493	-0.4780352765932602
0.3014214965104112	-0.4780284949717006
0.3014316579903980	-0.4780216186445774
0.3014419582193306	-0.4780146475636630
0.3014523972173931	-0.4780075816800393
0.3014629750050525	-0.4780004209441212
0.3014736916030258	-0.4779931653056949
0.3014845470323259	-0.4779858147137918
0.3014955413142288	-0.4779783691168212
0.3015066744702898	-0.4779708284624347
0.3015179465223186	-0.4779631926976824
0.3015293574924163	-0.4779554617689235
0.3015409074029453	-0.4779476356217766
0.3015525962765365	-0.4779397142012221
0.3015644241361339	-0.4779316974515277
0.3015763910048876	-0.4779235853163008
0.3015884969062611	-0.4779153777384308
0.3016007418639880	-0.4779070746601533
0.3016131259020774	-0.4778986760229800
0.3016256490447966	-0.4778901817677297
0.3016383113166828	-0.4778815918345822
0.3016511127425774	-0.4778729061629654
0.3016640533475699	-0.4778641246916239
0.3016771331570149	-0.4778552473586258
0.3016903521965582	-0.4778462741013438
0.3017037104921159	-0.4778372048564249
0.3017172080698726	-0.4778280395598231
0.3017308449562792	-0.4778187781468393
0.3017446211780933	-0.4778094205519817
0.3017585367622881	-0.4777999667091685
0.3017725917361598	-0.4777904165515536
0.3017867861272777	-0.4777807700115499
0.3018011199634230	-0.4777710270209276
0.3018155932727323	-0.4777611875107487
0.3018302060835792	-0.4777512514113028
0.3018449584245905	-0.4777412186522247
0.3018598503247191	-0.4777310891624413
0.3018748818131218	-0.4777208628701298
0.3018900529192748	-0.4777105397028059
0.3019053636729395	-0.4777001195872179
0.3019208141041112	-0.4776896024494194
0.3019364042430987	-0.4776789882147627
0.3019521341204575	-0.4776682768078424
0.3019680037670228	-0.4776574681525720
0.3019840132139096	-0.4776465621721279
0.3020001624925007	-0.4776355587889648
0.3020164516344475	-0.4776244579248206
0.3020328806717220	-0.4776132595006780
0.3020494496364947	-0.4776019634368396
0.3020661585612622	-0.4775905696528266
0.3020830074787877	-0.4775790780674755
0.3020999964220940	-0.4775674885988758
0.3021171254245057	-0.4775558011643669
0.3021343945195807	-0.4775440156805991
0.3021518037411846	-0.4775321320634131
0.3021693531234477	-0.4775201502279878
0.3021870427007913	-0.4775080700887159
0.3022048725078781	-0.4774958915592522
0.3022228425796698	-0.4774836145525644
0.3022409529513945	-0.4774712389808073
0.3022592036585567	-0.4774587647554026
0.3022775947369389	-0.4774461917870642
0.3022961262225857	-0.4774335199857150
0.3023147981518640	-0.4774207492605413
0.3023336105613353	-0.4774078795200005
0.3023525634878932	-0.4773949106717877
0.3023716569687233	-0.4773818426227908
0.3023908910412060	-0.4773686752792323
0.3024102657430821	-0.4773554085464756
0.3024297811123247	-0.4773420423292195
0.3024494371871925	-0.4773285765313313
0.3024692340062187	-0.4773150110559241
0.3024891716082148	-0.4773013458054056
0.3025092500322648	-0.4772875806813291
0.3025294693177198	-0.4772737155845345
0.3025498295042363	-0.4772597504151033
0.3025703306317029	-0.4772456850722703
0.3025909727403146	-0.4772315194545514
0.3026117558705267	-0.4772172534597049
0.3026326800630856	-0.4772028869846808
0.3026537453590166	-0.4771884199256202
0.3026749517995960	-0.4771738521779516
0.3026962994263931	-0.4771591836362241
0.3027177882812537	-0.4771444141942953
0.3027394184062832	-0.4771295437452000
0.3027611898439081	-0.4771145721811620
0.3027831026367712	-0.4770994993936422
0.3028051568278105	-0.4770843252732836
0.3028273524602848	-0.4770690497099369
0.3028496895776690	-0.4770536725926813
0.3028721682237434	-0.4770381938097496
0.3028947884425654	-0.4770226132486283
0.3029175502784612	-0.4770069307959423
0.3029404537760336	-0.4769911463375466
0.3029634989801681	-0.4769752597584849
0.3029866859360190	-0.4769592709429763
0.3030100146890168	-0.4769431797744276
0.3030334852848805	-0.4769269861354263
0.3030570977695912	-0.4769106899077746
0.3030808521894224	-0.4768942909724241
0.3031047485908946	-0.4768777892095049
0.3031287870208503	-0.4768611844983330
0.3031529675263603	-0.4768444767174081
0.3031772901548233	-0.4768276657443716
0.3032017549538575	-0.4768107514560327
0.3032263619714183	-0.4767937337284044
0.3032511112556613	-0.4767766124366531
0.3032760028550956	-0.4767593874550998
0.3033010368184764	-0.4767420586571904
0.3033262131948263	-0.4767246259155913
0.3033515320334412	-0.4767070891020759
0.3033769933839454	-0.4766894480875877
0.3034025972961518	-0.4766717027422231
0.3034283438202211	-0.4766538529352224
0.3034542330065842	-0.4766358985349449
0.3034802649059096	-0.4766178394089474
0.3035064395691596	-0.4765996754239056
0.3035327570476030	-0.4765814064455521
0.3035592173927563	-0.4765630323388889
0.3035858206564148	-0.4765445529679627
0.3036125668906421	-0.4765259681959775
0.3036394561478110	-0.4765072778852571
0.3036664884805459	-0.4764884818972339
0.3036936639417432	-0.4764695800924932
0.3037209825845936	-0.4764505723307286
0.3037484444625617	-0.4764314584707244
0.3037760496293692	-0.4764122383704159
0.3038037981390446	-0.4763929118868176
0.3038316900458853	-0.4763734788760448
0.3038597254044409	-0.4763539391933965
0.3038879042695535	-0.4763342926931566
0.3039162266963544	-0.4763145392288075
0.3039446927402359	-0.4762946786528737
0.3039733024568873	-0.4762747108169582
0.3040020559022160	-0.4762546355718278
0.3040309531324962	-0.4762344527672836
0.3040599942042205	-0.4762141622521812
0.3040891791741559	-0.4761937638745457
0.3041185080993463	-0.4761732574813967
0.3041479810371659	-0.4761526429188772
0.3041775980451907	-0.4761319200321850
0.3042073591813029	-0.4761110886656206
0.3042372645036927	-0.4760901486624995
0.3042673140707710	-0.4760690998652145
0.3042975079412742	-0.4760479421152385
0.3043278461741777	-0.4760266752531019
0.3043583288287482	-0.4760052991183703
0.3043889559645251	-0.4759838135496774
0.3044197276413404	-0.4759622183846953
0.3044506439192882	-0.4759405134601169
0.3044817048587238	-0.4759186986117350
0.3045129105202903	-0.4758967736743290
0.3045442609649169	-0.4758747384817351
0.3045757562538172	-0.4758525928668235
0.3046073964484401	-0.4758303366614909
0.3046391816105231	-0.4758079696966143
0.3046711118021184	-0.4757854918021718
0.3047031870855123	-0.4757629028070799
0.3047354075232763	-0.4757402025393450
0.3047677731782449	-0.4757173908259474
0.3048002841135614	-0.4756944674928429
0.3048329403926170	-0.4756714323650544
0.3048657420790770	-0.4756482852665508
0.3048986892368960	-0.4756250260203270
0.3049317819302977	-0.4756016544483622
0.3049650202237651	-0.4755781703716281
0.3049984041820881	-0.4755545736100885
0.3050319338702744	-0.4755308639827073
0.3050656093536723	-0.4755070413073528
0.3050994306978710	-0.4754831054009326
0.3051333979687195	-0.4754590560793300
0.3051675112323684	-0.4754348931573507
0.3052017705552296	-0.4754106164488150
0.3052361760039867	-0.4753862257664555
0.3052707276455846	-0.4753617209219906
0.3053054255472672	-0.4753371017261123
0.3053402697765323	-0.4753123679883906
0.3053752604011623	-0.4752875195173862
0.3054103974892022	-0.4752625561206104
0.3054456811089590	-0.4752374776044777
0.3054811113290526	-0.4752122837743737
0.3055166882183252	-0.4751869744345597
0.3055524118459061	-0.4751615493882844
0.3055882822812193	-0.4751360084376620
0.3056242995939421	-0.4751103513837267
0.3056604638540101	-0.4750845780264966
0.3056967751316532	-0.4750586881647961
0.3057332334973621	-0.4750326815964277
0.3057698390218799	-0.4750065581180479
0.3058065917762732	-0.4749803175252101
0.3058434918317992	-0.4749539596124142
0.3058805392600494	-0.4749274841729758
0.3059177341328562	-0.4749008909991326
0.3059550765223378	-0.4748741798819593
0.3059925665008643	-0.4748473506114820
0.3060302041410902	-0.4748204029765244
0.3060679895159035	-0.4747933367648000
0.3061059226985041	-0.4747661517628656
0.3061440037623344	-0.4747388477561482
0.3061822327811173	-0.4747114245289504
0.3062206098288478	-0.4746838818643451
0.3062591349797442	-0.4746562195443421
0.3062978083083410	-0.4746284373497194
0.3063366298894318	-0.4746005350601064
0.3063755997980276	-0.4745725124539754
0.3064147181094969	-0.4745443693085745
0.3064539848993686	-0.4745161054000230
0.3064934002435119	-0.4744877205032337
0.3065329642180352	-0.4744592143919269
0.3065726768993063	-0.4744305868386325
0.3066125383639434	-0.4744018376146471
0.3066525486888821	-0.4743729664900789
0.3066927079512623	-0.4743439732338480
0.3067330162285113	-0.4743148576136391
0.3067734735983075	-0.4742856193959187
0.3068140801386272	-0.4742562583458927
0.3068548359276416	-0.4742267742275837
0.3068957410438440	-0.4741971668037698
0.3069367955659671	-0.4741674358359438
0.3069779995730040	-0.4741375810844080
0.3070193531441958	-0.4741076023081655
0.3070608563590480	-0.4740774992649845
0.3071025092973497	-0.4740472717113600
0.3071443120391125	-0.4740169194025425
0.3071862646646242	-0.4739864420924505
0.3072283672544150	-0.4739558395337861
0.3072706198893076	-0.4739251114779319
0.3073130226503341	-0.4738942576749915
0.3073555756188188	-0.4738632778737583
0.3073982788763276	-0.4738321718217276
0.3074411325046703	-0.4738009392651222
0.3074841365859163	-0.4737695799487820
0.3075272912024114	-0.4737380936163063
0.3075705964367197	-0.4737064800098827
0.3076140523716999	-0.4736747388704337
0.3076576590904048	-0.4736428699375348
0.3077014166761958	-0.4736108729493747
0.3077453252126367	-0.4735787476428638
0.3077893847835716	-0.4735464937535139
0.3078335954731119	-0.4735141110154764
0.3078779573655497	-0.4734815991615436
0.3079224705454959	-0.4734489579231545
0.3079671350977520	-0.4734161870303226
0.3080119511074340	-0.4733832862117194
0.3080569186598305	-0.4733502551945754
0.3081020378405269	-0.4733170937048161
0.3081473087353317	-0.4732838014668471
0.3081927314302851	-0.4732503782038027
0.3082383060117109	-0.4732168236372026
0.3082840325661256	-0.4731831374873530
0.3083299111803387	-0.4731493194729889
0.3083759419413536	-0.4731153693114744
0.3084221249364426	-0.4730812867187247
0.3084684602531062	-0.4730470714091684
0.3085149479790825	-0.4730127230958512
0.3085615882023604	-0.4729782414902443
0.3086083810111497	-0.4729436263024658
0.3086553264938898	-0.4729088772410864
0.3087024247392698	-0.4728739940132228
0.3087496758362259	-0.4728389763244822
0.3087970798739267	-0.4728038238789803
0.3088446369417143	-0.4727685363793478
0.3088923471292198	-0.4727331135267168
0.3089402105262914	-0.4726975550206324
0.3089882272230381	-0.4726618605591718
0.3090363973097449	-0.4726260298388577
0.3090847208769119	-0.4725900625547194
0.3091331980153362	-0.4725539584001727
0.3091818288160024	-0.4725177170670884
0.3092306133701035	-0.4724813382458580
0.3092795517690762	-0.4724448216251800
0.3093286441045904	-0.4724081668922616
0.3093778904685153	-0.4723713737326972
0.3094272909529264	-0.4723344418305104
0.3094768456501816	-0.4722973708680887
0.3095265546527713	-0.4722601605262543
0.3095764180534742	-0.4722228104841685
0.3096264359452323	-0.4721853204194138
0.3096766084212738	-0.4721476900079044
0.3097269355749123	-0.4721099189239838
0.3097774174998470	-0.4720720068402279
0.3098280542898104	-0.4720339534277178
0.3098788460388838	-0.4719957583557228
0.3099297928412633	-0.4719574212919058
0.3099808947914187	-0.4719189419022936
0.3100321519839747	-0.4718803198511692
0.3100835645137806	-0.4718415548011061
0.3101351324758950	-0.4718026464130008
0.3101868559655783	-0.4717635943460775
0.3102387350782903	-0.4717243982577656
0.3102907699096559	-0.4716850578038247
0.3103429605555428	-0.4716455726382296
0.3103953071119869	-0.4716059424132502
0.3104478096752315	-0.4715661667794118
0.3105004683417224	-0.4715262453853585
0.3105532832080393	-0.4714861778781382
0.3106062543710392	-0.4714459639028795
0.3106593819276896	-0.4714056031029748
0.3107126659752017	-0.4713650951200304
0.3107661066109395	-0.4713244395938058
0.3108197039324369	-0.4712836361622743
0.3108734580374438	-0.4712426844615624
0.3109273690238699	-0.4712015841259857
0.3109814369898066	-0.4711603347879515
0.3110356620335232	-0.4711189360781062
0.3110900442534765	-0.4710773876251489
0.3111445837482358	-0.4710356890559623
0.3111992806166520	-0.4709938399954662
0.3112541349576059	-0.4709518400667978
0.3113091468702671	-0.4709096888910935
0.3113643164539175	-0.4708673860876448
0.3114196438079678	-0.4708249312737603
0.3114751290320965	-0.4707823240648557
0.3115307722260005	-0.4707395640744220
0.3115865734896424	-0.4706966509139077
0.3116425329230909	-0.4706535841929174
0.3116986506265604	-0.4706103635190010
0.3117549267004754	-0.4705669884977140
0.3118113612453391	-0.4705234587326975
0.3118679543618365	-0.4704797738255305
0.3119247061507762	-0.4704359333757550
0.3119816167131359	-0.4703919369809098
0.3120386861500142	-0.4703477842365479
0.3120959145626547	-0.4703034747361278
0.3121533020524210	-0.4702590080710063
0.3122108487208164	-0.4702143838305622
0.3122685546695172	-0.4701696016020076
0.3123264200004000	-0.4701246609706847
0.3123844448149038	-0.4700795615191445
0.3124426292154805	-0.4700343028288599
0.3125009733041634	-0.4699888844784350
0.3125594771831315	-0.4699433060445918
0.3126181409548178	-0.4698975671018548
0.3126769647216757	-0.4698516672225618
0.3127359485862476	-0.4698056059769357
0.3127950926512881	-0.4697593829329912
0.3128543970195294	-0.4697129976565616
0.3129138617939206	-0.4696664497112511
0.3129734870774413	-0.4696197386584138
0.3130332729731721	-0.4695728640572844
0.3130932195842917	-0.4695258254647113
0.3131533270140712	-0.4694786224354194
0.3132135953658960	-0.4694312545217610
0.3132740247431720	-0.4693837212738534
0.3133346152494402	-0.4693360222395558
0.3133953669882572	-0.4692881569643386
0.3134562800633706	-0.4692401249914053
0.3135173545784299	-0.4691919258616329
0.3135785906373263	-0.4691435591135340
0.3136399883438747	-0.4690950242832589
0.3137015478020158	-0.4690463209046449
0.3137632691157690	-0.4689974485090380
0.3138251523891464	-0.4689484066255001
0.3138871977262320	-0.4688991947806019
0.3139494052312073	-0.4688498124985020
0.3140117750081949	-0.4688002593009849
0.3140743071614616	-0.4687505347072961
0.3141370017952397	-0.4687006382342684
0.3141998590137901	-0.4686505693962820
0.3142628789214914	-0.4686003277051232
0.3143260616226412	-0.4685499126701745
0.3143894072216042	-0.4684993237982203
0.3144529158227240	-0.4684485605936246
0.3145165875304158	-0.4683976225580335
0.3145804224490663	-0.4683465091906397
0.3146444206830481	-0.4682952199880698
0.3147085823367940	-0.4682437544442683
0.3147729075146660	-0.4681921120506443
0.3148373963210222	-0.4681402922960159
0.3149020488602844	-0.4680882946663884
0.3149668652367503	-0.4680361186453070
0.3150318455547750	-0.4679837637135741
0.3150969899186146	-0.4679312293493131
0.3151622984325737	-0.4678785150278639
0.3152277712008609	-0.4678256202220070
0.3152934083276414	-0.4677725444016538
0.3153592099170758	-0.4677192870340609
0.3154251760732353	-0.4676658475836794
0.3154913069001949	-0.4676122255121588
0.3155576025018466	-0.4675584202783652
0.3156240629821350	-0.4675044313384392
0.3156906884448871	-0.4674502581454694
0.3157574789938522	-0.4673959001499994
0.3158244347326953	-0.4673413567994441
0.3158915557650237	-0.4672866275385142
0.3159588421942705	-0.4672317118089421
0.3160262941238658	-0.4671766090495735
0.3160939116570703	-0.4671213186962733
0.3161616948970842	-0.4670658401820538
0.3162296439469292	-0.4670101729368689
0.3162977589095349	-0.4669543163877330
0.3163660398877611	-0.4668982699586501
0.3164344869842327	-0.4668420330706096
0.3165031003014985	-0.4667856051415943
0.3165718799419352	-0.4667289855864527
0.3166408260077772	-0.4666721738169842
0.3167099386011028	-0.4666151692419728
0.3167792178238186	-0.4665579712669856
0.3168486637776315	-0.4665005792945541
0.3169182765641224	-0.4664429927239501
0.3169880562846761	-0.4663852109514414
0.3170580030404258	-0.4663272333699385
0.3171281169323943	-0.4662690593691933
0.3171983980612885	-0.4662106883358634
0.3172688465277500	-0.4661521196531015
0.3173394624320421	-0.4660933527010749
0.3174102458742971	-0.4660343868564911
0.3174811969544328	-0.4659752214927401
0.3175523157720255	-0.4659158559800295
0.3176236024264138	-0.4658562896850966
0.3176950570168103	-0.4657965219713449
0.3177666796420071	-0.4657365521987958
0.3178384704005947	-0.4656763797241005
0.3179104293908757	-0.4656160039003739
0.3179825567108617	-0.4655554240773788
0.3180548524582603	-0.4654946396014307
0.3181273167304320	-0.4654336498151852
0.3181999496244839	-0.4653724540579869
0.3182727512371780	-0.4653110516654868
0.3183457216649825	-0.4652494419698754
0.3184188610039037	-0.4651876242996548
0.3184921693497121	-0.4651255979798792
0.3185656467977684	-0.4650633623318565
0.3186392934430762	-0.4650009166732562
0.3187131093802387	-0.4649382603181306
0.3187870947035215	-0.4648753925768032
0.3188612495067923	-0.4648123127558029
0.3189355738833992	-0.4647490201580690
0.3190100679264096	-0.4646855140826645
0.3190847317283901	-0.4646217938248856
0.3191595653814878	-0.4645578586762236
0.3192345689774207	-0.4644937079243475
0.3193097426073752	-0.4644293408530278
0.3193850863621622	-0.4643647567421771
0.3194606003320469	-0.4642999548677266
0.3195362846068862	-0.4642349345017976
0.3196121392758683	-0.4641696949124842
0.3196881644278936	-0.4641042353638107
0.3197643601511398	-0.4640385551159237
0.3198407265333628	-0.4639726534248034
0.3199172636617084	-0.4639065295425359
0.3199939716228117	-0.4638401827169411
0.3200708505027509	-0.4637736121917109
0.3201479003869124	-0.4637068172066276
0.3202251213602135	-0.4636397969970195
0.3203025135068970	-0.4635725507942248
0.3203800769105555	-0.4635050778251747
0.3204578116542500	-0.4634373773127009
0.3205357178203240	-0.4633694484752972
0.3206137954904195	-0.4633012905271367
0.3206920447455717	-0.4632329026780379
0.3207704656661684	-0.4631642841334758
0.3208490583317415	-0.4630954340945641
0.3209278228212790	-0.4630263517578961
0.3210067592129548	-0.4629570363157288
0.3210858675841738	-0.4628874869557503
0.3211651480116294	-0.4628177028612584
0.3212446005712194	-0.4627476832107792
0.3213242253381130	-0.4626774271784826
0.3214040223865683	-0.4626069339338352
0.3214839917901162	-0.4625362026417202
0.3215641336213834	-0.4624652324622680
0.3216444479522407	-0.4623940225510830
0.3217249348536071	-0.4623225720588564
0.3218055943955274	-0.4622508801316016
0.3218864266472114	-0.4621789459105596
0.3219674316768497	-0.4621067685321553
0.3220486095518212	-0.4620343471278673
0.3221299603384348	-0.4619616808243971
0.3222114841021286	-0.4618887687434735
0.3222931809072969	-0.4618156100019339
0.3223750508173735	-0.4617422037114930
0.3224570938946925	-0.4616685489789769
0.3225393102006588	-0.4615946449061073
0.3226216997955753	-0.4615204905895217
0.3227042627386189	-0.4614460851207080
0.3227869990878869	-0.4613714275860438
0.3228699089004240	-0.4612965170666899
0.3229529922320293	-0.4612213526386053
0.3230362491374924	-0.4611459333723539
0.3231196796703137	-0.4610702583334222
0.3232032838827764	-0.4609943265817498
0.3232870618260815	-0.4609181371720398
0.3233710135500352	-0.4608416891535698
0.3234551391032850	-0.4607649815700546
0.3235394385331529	-0.4606880134598744
0.3236239118856409	-0.4606107838558100
0.3237085592055067	-0.4605332917850552
0.3237933805360375	-0.4604555362692458
0.3238783759192347	-0.4603775163244339
0.3239635453956597	-0.4602992309608662
0.3240488890044502	-0.4602206791831540
0.3241344067834259	-0.4601418599901975
0.3242200987686729	-0.4600627723749593
0.3243059649950021	-0.4599834153246593
0.3243920054956453	-0.4599037878206977
0.3244782203027854	-0.4598238888389042
0.3245646094450552	-0.4597437173472206
0.3246511729524204	-0.4596632723106496
0.3247379108512990	-0.4595825526861125
0.3248248231668944	-0.4595015574248351
0.3249119099227791	-0.4594202854720245
0.3249991711408189	-0.4593387357667662
0.3250866068411014	-0.4592569072417567
0.3251742170419710	-0.4591747988236012
0.3252620017600406	-0.4590924094324609
0.3253499610099747	-0.4590097379822956
0.3254380948047399	-0.4589267833805011
0.3255264031552324	-0.4588435445282628
0.3256148860706477	-0.4587600203199603
0.3257035435580486	-0.4586762096437026
0.3257923756226385	-0.4585921113809756
0.3258813822675263	-0.4585077244064984
0.3259705634939301	-0.4584230475885253
0.3260599193007501	-0.4583380797884277
0.3261494496850773	-0.4582528198608526
0.3262391546415291	-0.4581672666536711
0.3263290341628587	-0.4580814190078024
0.3264190882393990	-0.4579952757573572
0.3265093168593158	-0.4579088357294139
0.3265997200084793	-0.4578220977440441
0.3266902976704295	-0.4577350606141830
0.3267810498263864	-0.4576477231457762
0.3268719764550757	-0.4575600841376589
0.3269630775329478	-0.4574721423811183
0.3270543530337727	-0.4573838966604715
0.3271458029290633	-0.4572953457526509
0.3272374271876066	-0.4572064884270725
0.3273292257755127	-0.4571173234458777
0.3274211986564761	-0.4570278495636513
0.3275133457914914	-0.4569380655274461
0.3276056671385569	-0.4568479700766888
0.3276981626532189	-0.4567575619432585
0.3277908322881222	-0.4566668398511786
0.3278836759930112	-0.4565758025166497
0.3279766937148154	-0.4564844486483676
0.3280698853974525	-0.4563927769468602
0.3281632509817738	-0.4563007861048741
0.3282567904058488	-0.4562084748069024
0.3283505036044057	-0.4561158417297568
0.3284443905091922	-0.4560228855419238
0.3285384510487368	-0.4559296049036957
0.3286326851482893	-0.4558359984671082
0.3287270927298920	-0.4557420648760622
0.3288216737122766	-0.4556478027659020
0.3289164280107165	-0.4555532107637096
0.3290113555368116	-0.4554582874880684
0.3291064561992615	-0.4553630315488674
0.3292017299026471	-0.4552674415475514
0.3292971765482736	-0.4551715160767790
0.3293927960335156	-0.4550752537206456
0.3294885882526021	-0.4549786530540717
0.3295845530951133	-0.4548817126435538
0.3296806904475491	-0.4547844310463569
0.3297770001920745	-0.4546868068109295
0.3298734822071411	-0.4545888384764633
0.3299701363670807	-0.4544905245731861
0.3300669625420569	-0.4543918636219412
0.3301639605983471	-0.4542928541344384
0.3302611303976775	-0.4541934946130263
0.3303584717978035	-0.4540937835505777
0.3304559846520068	-0.4539937194304907
0.3305536688091361	-0.4538933007265531
0.3306515241135224	-0.4537925259032141
0.3307495504050905	-0.4536913934148273
0.3308477475190215	-0.4535899017061915
0.3309461152858961	-0.4534880492121270
0.3310446535314378	-0.4533858343577105
0.3311433620766062	-0.4532832555578853
0.3312422407373334	-0.4531803112175664
0.3313412893247626	-0.4530769997314311
0.3314405076447278	-0.4529733194840712
0.3315398954981275	-0.4528692688496895
0.3316394526804390	-0.4527648461920237
0.3317391789818726	-0.4526600498645014
0.3318390741873893	-0.4525548782101044
0.3319391380763135	-0.4524493295606767
0.3320393704224548	-0.4523434022380304
0.3321397709940266	-0.4522370945527383
0.3322403395533387	-0.4521304048046240
0.3323410758570388	-0.4520233312826389
0.3324419796557868	-0.4519158722646171
0.3325430506946378	-0.4518080260186690
0.3326442887107990	-0.4516997907962847
0.3327456934379068	-0.4515911648457281
0.3328472646016887	-0.4514821463985326
0.3329490019225481	-0.4513727336774290
0.3330509051107919	-0.4512629248883636
0.3331529738759245	-0.4511527182335401
0.3332552079166080	-0.4510421118980670
0.3333576069259892	-0.4509311040566868
0.3334601705900370	-0.4508196928722433
0.3335628985879224	-0.4507078764953520
0.3336657905915352	-0.4505956530649698
0.3337688462655340	-0.4504830207073793
0.3338720652670453	-0.4503699775368883
0.3339754472461240	-0.4502565216553979
0.3340789918448230	-0.4501426511524931
0.3341826986977752	-0.4500283641048248
0.3342865674314673	-0.4499136585766719
0.3343905976647056	-0.4497985326194524
0.3344947890080991	-0.4496829842718545
0.3345991410639948	-0.4495670115595179
0.3347036534264427	-0.4494506124950357
0.3348083256809029	-0.4493337850779648
0.3349131574044821	-0.4492165272944432
0.3350181481652431	-0.4490988371175199
0.3351232975225250	-0.4489807125065677
0.3352286050266153	-0.4488621514073393
0.3353340702185735	-0.4487431517523514
0.3354396926302423	-0.4486237114598394
0.3355454717838477	-0.4485038284346393
0.3356514071921007	-0.4483835005673642
0.3357574983579099	-0.4482627257344775
0.3358637447743389	-0.4481415017987025
0.3359701459241161	-0.4480198266078341
0.3360767012818054	-0.4478976979969859
0.3361834103044584	-0.4477751137817868
0.3362902724489059	-0.4476520717704081
0.3363972871542782	-0.4475285697515345
0.3365044538505650	-0.4474046055005219
0.3366117719568252	-0.4472801767770131
0.3367192408806494	-0.4471552813264185
0.3368268600199781	-0.4470299168790853
0.3369346287539438	-0.4469040811480453
0.3370425464608329	-0.4467777718340489
0.3371506125005326	-0.4466509866207742
0.3372588262182059	-0.4465237231747123
0.3373671869534962	-0.4463959791498187
0.3374756940285550	-0.4462677521821046
0.3375843467563935	-0.4461390398940269
0.3376931444281710	-0.4460098398837202
0.3378020863348845	-0.4458801497455212
0.3379111717453712	-0.4457499670493147
0.3380203999167993	-0.4456192893505475
0.3381297700948370	-0.4454881141887524
0.3382392815030977	-0.4453564390830402
0.3383489333622178	-0.4452242615418806
0.3384587248706756	-0.4450915790524739
0.3385686552144449	-0.4449583890860603
0.3386787235640016	-0.4448246890968632
0.3387889290745615	-0.4446904765213547
0.3388992708861593	-0.4445557487791498
0.3390097481224384	-0.4444205032717843
0.3391203598915070	-0.4442847373832741
0.3392311052851229	-0.4441484484801377
0.3393419833802523	-0.4440116339111840
0.3394529932284319	-0.4438742910045798
0.3395641338775121	-0.4437364170746297
0.3396754043486420	-0.4435980094140517
0.3397868036478505	-0.4434590652983782
0.3398983307629912	-0.4433195819841373
0.3400099846635850	-0.4431795567093562
0.3401217643006379	-0.4430389866931168
0.3402336686060795	-0.4428978691360668
0.3403456964929256	-0.4427562012188133
0.3404578468544133	-0.4426139801035915
0.3405701185637135	-0.4424712029327735
0.3406825104778786	-0.4423278668309887
0.3407950214184421	-0.4421839688972392
0.3409076502055297	-0.4420395062229714
0.3410203956348142	-0.4418944758606030
0.3411332564690509	-0.4417488748646191
0.3412462314494464	-0.4416027002538803
0.3413593193130796	-0.4414559490366954
0.3414725187494713	-0.4413086181843485
0.3415858284477423	-0.4411607046779157
0.3416992470540851	-0.4410122054405021
0.3418127732083615	-0.4408631174053120
0.3419264055191050	-0.4407134374729558
0.3420401425549108	-0.4405631625126167
0.3421539828925885	-0.4404122893927461
0.3422679250434981	-0.4402608149501788
0.3423819675308418	-0.4401087359894018
0.3424961088262858	-0.4399560493186801
0.3426103473867852	-0.4398027517026115
0.3427246816338595	-0.4396488398940533
0.3428391099710507	-0.4394943106250549
0.3429536307598123	-0.4393391605975754
0.3430682423425402	-0.4391833864901858
0.3431829430311110	-0.4390269849803006
0.3432977311122611	-0.4388699527007184
0.3434126048395967	-0.4387122862735179
0.3435275624243816	-0.4385539822839923
0.3436426020532928	-0.4383950373151681
0.3437577218972087	-0.4382354479131448
0.3438729200758786	-0.4380752106056300
0.3439881946847656	-0.4379143219006160
0.3441035437717843	-0.4377527782670265
0.3442189653784946	-0.4375905761727532
0.3443344574814801	-0.4374277120599536
0.3444500180322203	-0.4372641823200781
0.3445656449714951	-0.4370999833510210
0.3446813361503412	-0.4369351115287693
0.3447970894513805	-0.4367695631849693
0.3449129026471742	-0.4366033346207631
0.3450287735222969	-0.4364364221521342
0.3451446998068651	-0.4362688220464966
0.3452606791970138	-0.4361005305347804
0.3453767093320380	-0.4359315438520738
0.3454927878231979	-0.4357618581926953
0.3456089122371505	-0.4355914697301573
0.3457250800975594	-0.4354203746140153
0.3458412888843760	-0.4352485689701330
0.3459575360413369	-0.4350760488967162
0.3460738189470746	-0.4349028104863084
0.3461901349415691	-0.4347288497619498
0.3463064813381581	-0.4345541627820320
0.3464228553855817	-0.4343787455361788
0.3465392542846275	-0.4342025940075754
0.3466556751883174	-0.4340257041523992
0.3467721152005138	-0.4338480719027836
0.3468885713742021	-0.4336696931654385
0.3470050407183567	-0.4334905638227470
0.3471215201593769	-0.4333106797424738
0.3472380066137654	-0.4331300367439797
0.3473544969050786	-0.4329486306493540
0.3474709878444641	-0.4327664572523191
0.3475874761145533	-0.4325835122898768
0.3477039584254102	-0.4323997915270242
0.3478204313759712	-0.4322152906695414
0.3479368915212934	-0.4320300054253807
0.3480533353352421	-0.4318439314213121
0.3481697592686828	-0.4316570643371503
0.3482861596869972	-0.4314693997869550
0.3484025328697131	-0.4312809333916925
0.3485188750638373	-0.4310916606820599
0.3486351824480232	-0.4309015772371349
0.3487514511277977	-0.4307106785925759
0.3488676771252184	-0.4305189602460156
0.3489838564088744	-0.4303264176875769
0.3490999848788578	-0.4301330463705585
0.3492160583435418	-0.4299388417841932
0.3493320725237440	-0.4297437992861854
0.3494480231621385	-0.4295479143184707
0.3495639057956921	-0.4293511822458825
0.3496797159372304	-0.4291535984258324
0.3497954490261369	-0.4289551582405268
0.3499111004467975	-0.4287558569636841
0.3500266654553881	-0.4285556899152413
0.3501421392396367	-0.4283546523657600
0.3502575169067266	-0.4281527396228975
0.3503727934841610	-0.4279499469020031
0.3504879638346922	-0.4277462694031905
0.3506030229251095	-0.4275417024086068
0.3507179654055587	-0.4273362410991762
0.3508327859135278	-0.4271298806663750
0.3509474790645845	-0.4269226162454688
0.3510620393133337	-0.4267144430298668
0.3511764609908139	-0.4265053561267029
0.3512907383866489	-0.4262953506901699
0.3514048656459590	-0.4260844218816529
0.3515188368538358	-0.4258725647373993
0.3516326458977089	-0.4256597744375957
0.3517462867532878	-0.4254460459505534
0.3518597529895948	-0.4252313745113863
0.3519730383348072	-0.4250157551095410
0.3520861362574502	-0.4247991828600542
0.3521990402104088	-0.4245816527173333
0.3523117433786297	-0.4243631599547158
0.3524242390265013	-0.4241436994596294
0.3525365201016727	-0.4239232663635745
0.3526485795083254	-0.4237018557830953
0.3527604101632171	-0.4234794626938791
0.3528720045281694	-0.4232560821797281
0.3529833553210466	-0.4230317094497075
0.3530944547873294	-0.4228063393618705
0.3532052952791351	-0.4225799671356105
0.3533158689493155	-0.4223525879096266
0.3534261676276120	-0.4221241967613721
0.3535361833994974	-0.4218947888336576
0.3536459076111641	-0.4216643593015413
0.3537553321376563	-0.4214329032476026
0.3538644483387697	-0.4212004159021649
0.3539732473353414	-0.4209668924879961
0.3540817203436459	-0.4207323282304239
0.3541898582496658	-0.4204967185377755
0.3542976517978865	-0.4202600584040753
0.3544050916192000	-0.4200223433347415
0.3545121682346326	-0.4197835688300309
0.3546188719667658	-0.4195437300792433
0.3547251928562766	-0.4193028226008291
0.3548311207496973	-0.4190608420655245
0.3549366456841837	-0.4188177836967267
0.3550417570418937	-0.4185736433340304
0.3551464444050841	-0.4183284166753737
0.3552506968496589	-0.4180820992002842
0.3553545036631157	-0.4178346867954600
0.3554578535475278	-0.4175861754332466
0.3555607350796119	-0.4173365609513351
0.3556631368074744	-0.4170858392514272
0.3557650473187847	-0.4168340064052077
0.3558664544125530	-0.4165810589544637
0.3559673458089740	-0.4163269928572764
0.3560677096300037	-0.4160718042943060
0.3561675331045543	-0.4158154900035157
0.3562668036604551	-0.4155580466474218
0.3563655084675679	-0.4152994706701482
0.3564636337345340	-0.4150397588075140
0.3565611668252957	-0.4147789082589556
0.3566580939913390	-0.4145169156599429
0.3567544012565280	-0.4142537790511195
0.3568500748646670	-0.4139894948806616
0.3569451007092569	-0.4137240609657281
0.3570394634851920	-0.4134574749554853
0.3571331492796084	-0.4131897350053149
0.3572261435322807	-0.4129208382283367
0.3573184302903736	-0.4126507839376111
0.3574099948112702	-0.4123795696712114
0.3575008213928684	-0.4121071943738948
0.3575908936677738	-0.4118336564020748
0.3576801964362461	-0.4115589556289537
0.3577687129199720	-0.4112830902419247
0.3578564266963266	-0.4110060609503798
0.3579433209642200	-0.4107278656110395
0.3580293791529504	-0.4104485059913736
0.3581145840186500	-0.4101679812421890
0.3581989179125234	-0.4098862930717204
0.3582823635643097	-0.4096034405960474
0.3583649027187735	-0.4093194265504495
0.3584465168163462	-0.4090342512942722
0.3585271889196442	-0.4087479169525418
0.3586068998478558	-0.4084604261345778
0.3586856308140329	-0.4081717795893425
0.3587633637125611	-0.4078819819552683
0.3588400772458069	-0.4075910367628764
0.3589157546500758	-0.4072989449275529
0.3589903757147279	-0.4070057127563986
0.3590639210779047	-0.4067113434083031
0.3591363691485457	-0.4064158438445867
0.3592077020436993	-0.4061192156852889
0.3592778983330782	-0.4058214673023399
0.3593469385156837	-0.4055226047940906
0.3594148015173553	-0.4052226337416672
0.3594814668236057	-0.4049215620619233
0.3595469150389511	-0.4046193969676497
0.3596111261654185	-0.4043161477798080
0.3596740746649891	-0.4040118227123723
0.3597357443425655	-0.4037064292587632
0.3597961148288998	-0.4033999798350560
0.3598551604663807	-0.4030924842102382
0.3599128636950371	-0.4027839516300054
0.3599692030965792	-0.4024743971188307
0.3600241597470177	-0.4021638315775247
0.3600777089151637	-0.4018522639974483
0.3601298308230251	-0.4015397151406997
0.3601805085971764	-0.4012261911089455
0.3602297197115288	-0.4009117144122402
0.3602774397563083	-0.4005962965460507
0.3603236521432822	-0.4002799536480520
0.3603683428352302	-0.3999627019914719
0.3604114772755974	-0.3996445659350939
0.3604530535425863	-0.3993255496556146
0.3604930400725064	-0.3990056842140139
0.3605314215837717	-0.3986849832676106
0.3605681808827244	-0.3983634642368092
0.3606033068614540	-0.3980411594964040
0.3606367628107551	-0.3977180808763883
0.3606685612345596	-0.3973942468936678
0.3606986531595485	-0.3970696938210914
0.3607270480882509	-0.3967444309735773
0.3607537140877088	-0.3964184927609483
0.3607786470225320	-0.3960918961645748
0.3608018242121508	-0.3957646586963950
0.3608232363951890	-0.3954368406537919
0.3608428903577582	-0.3951084180854135
0.3608607432363954	-0.3947794475717821
0.3608767921398061	-0.3944499605256213
0.3608910344555491	-0.3941199530922790
0.3609034791158867	-0.3937894683578243
0.3609140663067685	-0.3934585638797467
0.3609228359268488	-0.3931272168130253
0.3609297536105402	-0.3927954942653033
0.3609348297352314	-0.3924633839049014
0.3609380510686362	-0.3921309684254834
0.3609394019960797	-0.3917982005376146
0.3609389248767618	-0.3914651717476664
0.3609365306800327	-0.3911319186183985
0.3609323164123446	-0.3907984036635134
0.3609262305497627	-0.3904647021626823
0.3609182596780493	-0.3901308003166727
0.3609084396884082	-0.3897967544311594
0.3608986196987672	-0.3894627085456461
0.3608831445404797	-0.3891285453227054
0.3608676693821921	-0.3887943820997647
0.3608521942239046	-0.3884602188768240
0.3608312053364328	-0.3881254347437807
0.3608102164489609	-0.3877906506107374
0.3607892275614891	-0.3874558664776941
0.3607682386740173	-0.3871210823446509
0.3607472497865455	-0.3867862982116076
0.3607262608990737	-0.3864515140785643
0.3607052720116019	-0.3861167299455210
0.3606470748609937	-0.3857903572833138
0.3605888777103856	-0.3854639846211066
0.3605306805597775	-0.3851376119588995
0.3604724834091694	-0.3848112392966923
0.3604142862585613	-0.3844848666344851
0.3603560891079531	-0.3841584939722779
0.3602978919573450	-0.3838321213100707
0.3602396948067369	-0.3835057486478635
0.3601814976561288	-0.3831793759856563
0.3601233005055207	-0.3828530033234491
0.3600651033549125	-0.3825266306612419
0.3600069062043044	-0.3822002579990347
0.3599487090536963	-0.3818738853368275
0.3598905119030882	-0.3815475126746203
0.3598323147524801	-0.3812211400124131
0.3597741176018719	-0.3808947673502059
0.3597159204512638	-0.3805683946879987
0.3596577233006557	-0.3802420220257915
0.3595995261500476	-0.3799156493635843
0.3595413289994395	-0.3795892767013771
0.3594831318488313	-0.3792629040391699
0.3594249346982232	-0.3789365313769627
0.3593667375476151	-0.3786101587147555
0.3593085403970070	-0.3782837860525483
0.3592503432463989	-0.3779574133903411
0.3591921460957908	-0.3776310407281339
0.3591339489451826	-0.3773046680659267
0.3590757517945745	-0.3769782954037195
0.3590175546439664	-0.3766519227415123
0.3589593574933583	-0.3763255500793051
0.3589011603427502	-0.3759991774170979
0.3588429631926032	-0.3756728047600078
0.3587848058173863	-0.3753463822092518
0.3587266486415504	-0.3750199600050392
0.3586685065002719	-0.3746935507405766
