0.0	0.0
-0.000803166810988452570852418317863764	0.00127549745390361361793099175507845
-0.00160705010754183821961367417810034	0.00255117932619799882877397234633924
-0.00241165182566433045151993288993469	0.00382704574821109504358717136273311
-0.00321697390633932498622663291664085	0.00510309685082483381597783060567984
-0.0040230182955482090468288374349685	0.00637933276447086146603604100037873
-0.0048297869442892218250464491364864	0.00765575361912623729076402673913675
-0.00563728180859640665072794601671597	0.00893235954430910719699067889933782
-0.00644550484955865539753529570503246	0.0102091506690743525914726292754045
-0.00725445803333884566041148973268335	0.0114861271220092143615834863331524
-0.00806414333119307124420097686531856	0.0127632890312288917786819154875168
-0.00887456271948996650659243881569732	0.0140406365243721161549269205052916
-0.00968571817973012510238311763582947	0.015318169728596699082974855645645
-0.0104976116985656136799245499881539	0.0165958887705750550866472517769122
-0.0113102452678195810845013702544134	0.017873793776489698509301355438383
-0.0121236208845059636273180958506386	0.0191518848720287144652662376098498
-0.0129377405508492869827237908511083	0.0204301621823812036783263074215331
-0.0137526062743045652802915076704865	0.0217086258322327010298409424309283
-0.0145682200675772979623887236447468	0.0229872759457605676376835972781993
-0.0153845839486435649819269153990234	0.0242661126466293562857660509769707
-0.0162016999407702209190632474167906	0.0255451360579861500224832728561062
-0.0170195700725351885997453937964685	0.0268243463024558737449715998600806
-0.0178381963778478528031420684440829	0.0281037435021365785846173937095577
-0.0186575808959695546491872166612982	0.0293833277785946989077849540187169
-0.0194777256715341872616853311518604	0.0306630992528602817442510700727688
-0.0202986327545688933066793119723007	0.0319430580454221884543390652924694
-0.0211203042005148650100710101989755	0.0332232042762232684442373886307744
-0.0219427420702482472628083996297872	0.0345035380646555047374665988942317
-0.0227659484301011444263125335319233	0.0357840595295551312089238323277327
-0.0235899253518827314552123914591851	0.0370647687891977212863854002313536
-0.0244146749129004699588867350299587	0.0383456659612932479227858897737714
-0.0252401991959814298277795052162275	0.0396267511629811146410158937851809
-0.0260665002894937170549594445211932	0.0409080245108251574513901287660106
-0.0268935802873680083879358562711113	0.042189486120808617440333067582412
-0.0277214412891191934503210644855773	0.0434711361083290838272101655951304
-0.0285500853998681249775465593452827	0.0447529745881934072845991458360326
-0.0293795147303634778154943566686271	0.0460350016746125833156474781275816
-0.0302097313970037173355981201961481	0.0473172174811966054804989848039113
-0.031040737521859177924700451699512	0.0485996221209492882620942762326369
-0.0318725352326942522127238085332016	0.0498822157062630593599563051518354
-0.0327051266629896917060231275461458	0.0511649983489137211988635706044821
-0.0335385139519650194991387883843797	0.0524479701600551814375892388074267
-0.0343726992446010557425594121073677	0.0537311312502141522611445166016454
-0.0352076846916625565490355405622731	0.0550144817292848182382088482715078
-0.0360434724497209670259578598980021	0.0562980217065234725236577416557036
-0.0368800646811772891263277037182233	0.0575817512905431211843110958229505
-0.0377174635542850650159034874565639	0.0588656705893080554242206294101232
-0.0385556712431734766592048794636183	0.0601497797101283914839942232867185
-0.0393946899278705623321973039948909	0.0614340787596545779868175187703678
-0.0402345217943265507746631989137946	0.0627185678438718705019787763849075
-0.0410751690344373137004937228158914	0.0640032470680947730948316212684773
-0.0419166338460679373894057330384257	0.0652881165369614466302416988538144
-0.0427589184330764140889042525470114	0.0665731763544280835946572552834511
-0.0436020250053374539606707292483289	0.067858426623763249200020055967733
-0.0444459557787664183109625895272231	0.0691438674475421885307916753448779
-0.0452907129753433748500603268672719	0.0704294989276410994934108416564289
-0.0461362988231372757312950789099269	0.0717153211652313713255200105708254
-0.046982715556330259125732769420423	0.0730013342607737884203034766727219
-0.0478299654152420750941808671505221	0.0742875383140126992192649157933378
-0.0486780506463546365238210879727053	0.075573933423970149924739085173274
-0.0495269735023366959024563910781268	0.0768605196889399827813802914567539
-0.0503767362420686487090938504223435	0.0781472972064818986737989650648515
-0.0512273411306674642053668797344797	0.0794342660734154837854270477206578
-0.052078790439511744418131318924256	0.0807214263858142000615826994907291
-0.0529310864462669121094505222114992	0.0820087782389993392175748518762735
-0.0537842314349105285361152993425031	0.0832963217275339400305381609353987
-0.05463822769575774180682583147777	0.0845840569452166686515187333015331
-0.0554930775254868666511949984761015	0.0858719839850756616721403898642554
-0.0563487832271650964208164052716066	0.0871601029393623316779699757660338
-0.0572053471102743481487762779814992	0.0884484138995451350184680975673729
-0.0580627714907372415001768167235105	0.0897369169563033015211584425874761
-0.0589210586909432124524800486426517	0.0910256121995205258753742824670606
-0.0597802110397747625507762335421401	0.0923144997182786204086446511021606
-0.0606402308726338445894299534533393	0.0936035796008511289764647816522879
-0.0615011205314683855779606896750799	0.0948928519346969016838554508988367
-0.0623628823647989478554734850795789	0.0961823168064536301547536715226963
-0.0632255187277455292244697403056614	0.0974719743019313430628924506872127
-0.0640890319820545029814388400621335	0.0987618245061058616354198505176829
-0.0649534244961256987282586961700665	0.10005186750311221483807709354849
-0.065818698645039624855117979078442	0.101342103376238013948301701832554
-0.066684856810584833592415347229269	0.102632532207916786220144386986801
-0.0675519013812854295358919376712754	0.103923154079721267342387361694657
-0.0684198347524287225561133216505777	0.105213969072356652388726659675704
-0.0692886593260930260103366316191527	0.106504977265653804956331666254695
-0.0701583775111756011817782134969222	0.107796178738562424186521107584471
-0.0710289917234207488783375386975345	0.10908757356914416935869595219911
-0.0719005043854480491299348193484285	0.110379161834565741746045769482898
-0.0727729179267807499307834087155618	0.111670943611091923418895788069504
-0.0736462347838743059801442450167325	0.112962918974078572678886921964769
-0.0745204574001450683823989251080081	0.114255087997965575804480098700127
-0.075395588225999126274631096165543	0.115547450756269754785549043962375
-0.0762716297188613013573233564250347	0.116840007321577730722071959259906
-0.0771485843432042963112593950846636	0.118132757765538742559151978037573
-0.0780264545705779980912693183416897	0.119425702158857420827788602367528
-0.0789052428796389370950706519337374	0.120718840571286516057987204361277
-0.0797849517561799032131390362907099	0.122012173071619581527930817472172
-0.0806655836931597197732918014349461	0.12330569972768361001004753280486
-0.0815471411907331764014850953092932	0.124599420606331624171887540497896
-0.0824296267562811218282117188159679	0.125893335773435220286775898386598
-0.0833130429044407176778429784884361	0.127187445293877064906230147731607
-0.0841973921571358542862843958819804	0.128481749231543344143125603063161
-0.0850826770436077296004127115466682	0.129776247649316165211555190340331
-0.0859689001004455922209309986230025	0.13107094060906590986626476074926
-0.0868560638716176496585205722445613	0.13236582817164353938144852849388
-0.0877441709085021428814834694910713	0.133660910396872850705562327575687
-0.0886332237699185882414583120299249	0.134956187343542683425654408247565
-0.0895232250221591878722560893027367	0.136251659069399077171524147656241
-0.0904141772390204096654015618097859	0.137547325631137379086797975858835
-0.0913060830018347379345813376362951	0.138843187084394300990758658155373
-0.0921989448995025958898919851295923	0.140139243483739925851478463248105
-0.0930927655285244410515515833178074	0.14143549488266966318748831526785
-0.0939875474930330347415866605664925	0.14273194133359615301186340270222
-0.0948832934048258868009343210748814	0.144028582887841117929220520519214
-0.095780005883397876688407306866863	0.145325419595627162992703270329297
-0.0966776875559740521270585975603925	0.146622451506069522924577749458998
-0.0975763410575426064726527280158875	0.147919678667167756300573130604206
-0.098475969030888035988204130677071	0.149217101125797386294578171604093
-0.0993765741266244782178793199391586	0.150514718927701487576745797097893
-0.100278159003229232662980474438281	0.151812532117482218954463052555772
-0.101180726327076464972233793410549	0.153110540738592301342012533389119
-0.102084278772471095868197768421616	0.154408744833326440641083419266091
-0.102988819021682876041285094679221	0.15570714444281269511058507278047
-0.103894349764980648252658229451635	0.15700573960700378680047336323676
-0.104800873700666797897113481359036	0.158304530364668356620519016037435
-0.105708393535111893287012886035194	0.159603516753382162611127925948564
-0.10661691198278951692835790356426	0.160902698809519220979465062706872
-0.107526431766311289070225084136464	0.162202076568242889460235888631319
-0.108436955616462084819002223878853	0.163501650063496892556541642942526
-0.109348486272235446119175116660617	0.16480141932799628821224696332801
-0.110261026480869189912820754348322	0.166101384393218375463279642919891
-0.111174578997881213800463702770057	0.167401545289393542611222385235416
-0.11208914658710550053654935972167	0.168701902045496055458454739607306
-0.113004732020728322703481871934881	0.170002454689234785139959487827673
-0.113921338079324648918966648425146	0.171303203247043875082721115476818
-0.114838967551894752942288667757916	0.172604147744073346619414138649674
-0.115757623235901027056149157680498	0.173905288204179642778805461995247
-0.116677307937305001111775760020622	0.175206624649916109770977104046012
-0.117598024470604568636216026247206	0.176508157102523415681113020971436
-0.118519775658871421412022075999784	0.177809885581919905881185863623096
-0.119442564333788693950936560625348	0.179111810106691894664425781675938
-0.120366393335688819294697786895873	0.180413930694083892602953302490104
-0.121291265513591597587696065526642	0.181716247359988769124411313649594
-0.122217183725242478877935160262978	0.183018760118937849798836712459281
-0.123144150837151061614583244176493	0.184321468984090947822369791229841
-0.124072169724629808322338151227552	0.185624373967226329179708334826037
-0.125001243271832979944883086875168	0.186927475078730610962473140113314
-0.125931374371795790361872488428152	0.188230772327588592315861641458987
-0.126862565926473782596164574085374	0.189534265721373017481125950501753
-0.12779482084678242824040847280228	0.190837955266234270396520292385123
-0.128728142052636951644600882446947	0.192141840966890000314419937048829
-0.129662532472992380418851172150677	0.193445922826614677887318667468214
-0.130597995045883823818335951244104	0.194750200847229081170363973281449
-0.131534532718466980590285610752092	0.196054675029089710982987876160254
-0.132472148447058877875827457452564	0.197359345371078135067035942313588
-0.133410845197178842772614072817902	0.198664211870590260473586968934014
-0.134350625943589708177392722246709	0.199969274523525533605390387867192
-0.135291493670339254541023311196973	0.201274533324276067336526945240575
-0.136233451370801889181929846518993	0.202579988265715694625520015306269
-0.137176502047720564817574941048317	0.203885639339188948032689306429528
-0.138120648713248938987279940357383	0.205191486534499964547045023967401
-0.139065894388993776053576111087455	0.206497529839901315122468066464
-0.140012242106057593483266384900097	0.207803769242082758317309836489876
-0.140959694905081554123503791211853	0.209110204726159917425873024405007
-0.141908255836288606202453342122948	0.210416836275662880484501541502397
-0.142857927959526872798500177344681	0.211723663872524722529212897769242
-0.143808714344313292536499675111442	0.213030687497069949475948988319757
-0.14476061806987751328423644349815	0.214337907128002862988600710757164
-0.145713642225206040637070098758987	0.215645322742395845693977312425752
-0.14666778990908664299369800401989	0.216952934315677566096842080447424
-0.147623064230153015041060191132171	0.218260741821621102542021146793431
-0.14857946830692970148165104666052	0.219568745232331985564410982922641
-0.149537005267877282851887553690392	0.220876944518236157961461790375115
-0.150495678251437825295716506401573	0.222185339648067851916397630788026
-0.151455490406080596173324734551996	0.223493930588857382494048945573463
-0.152416444890348047400648589149293	0.224802717305918856824718245101748
-0.153378544872902068431363366510172	0.226111699762837798284974341304811
-0.154341793532570510809171622567252	0.227420877921458684977673686112859
-0.15530619405839398623450310896358	0.228730251741872401806838279180477
-0.156271749649672940106190023047453	0.23003982118240360543627732803931
-0.157238463516015002515291101049746	0.231349586199598001414023476028626
-0.158206338877382618685008513289829	0.232659546748209532737763039615992
-0.159175378964140960867574278358247	0.233969702781187479129472385977226
-0.160145587017106123726079756618806	0.2352800542496634662804283901546
-0.161116966287593605246484489687853	0.236590601102938384320638882010346
-0.162089520037467075242471020555025	0.237901343288469214759538156659283
-0.16306325153918743353341217889421	0.239212280751855765137511994889252
-0.16403816407586215989348848975289	0.240523413436827310620455225520394
-0.165014260941294957887937725050583	0.241834741285229141762121649240666
-0.165991545440035694730538052266023	0.243146264237009017651500108773884
-0.166970020887430639314722651992351	0.24445798223020352365484059472912
-0.167949690609673000589199007169374	0.245769895200924332954259467227637
-0.168930557943853768467602266369762	0.247082003083344371077072082912075
-0.169912626238012859480551129559065	0.248394305809683882602133262923602
-0.170895898851190569397498599038317	0.249706803310196399221510022579933
-0.171880379153479335064980706623599	0.251019495513154608327765695250848
-0.172866070526075807727266020684173	0.252332382344836121288998893284336
-0.173852976361333240114999428284501	0.25364546372950914056555351405409
-0.174841100062814189607217478181545	0.254958739589418024813996059601466
-0.175830445045343539792091584959871	0.256272209844768751115542718068887
-0.176821014735061842771931783933275	0.257585874413714273457609761871895
-0.177812812569478984578359667373772	0.258899733212339776588555642357254
-0.178805841997528176084136828239428	0.260213786154647824356980477633955
-0.179800106479620271818916817618839	0.261528033152543401638147196239375
-0.180795609487698419117176543363842	0.262842474115818848941187153757745
-0.181792354505293040047779483982079	0.264157108952138688781750304165734
-0.18279034502757714859603037567397	0.265471937567024342895654686274172
-0.183789584561422005590701491380319	0.266786959863838739359880763634269
-0.184790076625453113890346637273323	0.26810217574377080867794170060631
-0.185791824750106556365272941524249	0.269417585105819867877239616045713
-0.186794832477685679233814828877429	0.270733187846779891656488858226823
-0.187799103362418123334051718612013	0.272048983861223669611648999770536
-0.188804640970513205934833438926809	0.273364973041486848559061149332626
-0.189811448880219655712927634069798	0.274681155277651858964619887499602
-0.190819530681883703546284098866333	0.275997530457531724477838207264961
-0.191828889978007531796824587084269	0.277314098466653753559572803525982
-0.192839530383308084779815815318705	0.278630859188243112181970419206702
-0.193851455524776243140770764814582	0.279947812503206276568871204560362
-0.194864669041736364884951644348969	0.281264958290114364934460646017965
-0.195879174585906195828919725319741	0.28258229642518634716739601477654
-0.196894975821457152268195436200105	0.28389982678227213139694489403484
-0.197912076425074978679959381940478	0.285217549232835526366860565638791
-0.198930480086020783304844143356836	0.286535463645937078531780247176342
-0.199950190506192454477240655323405	0.287853569888216782779865721216071
-0.200971211400186460599174539093854	0.289171867823876665674210117679707
-0.201993546495360036678699887305503	0.290490357314663240094207802480167
-0.203017199531893760379913620235623	0.291809038219849830146624770314174
-0.204042174262854520558115635284222	0.293127910396218765204512891826207
-0.205068474454258881280331582094696	0.294446973698043441920381055010779
-0.206096103885136844358379274363279	0.295766227977070253048167871846821
-0.207125066347596013448899595433827	0.297085673082500381896552371918797
-0.208155365646886162802291405972063	0.298405308860971461223989126925926
-0.209187005601464213770290595167821	0.299725135156539095373560668446642
-0.210219990043059622210019248414456	0.301045151810658244433300973803342
-0.211254322816740179950705190765517	0.302365358662164469195057271387154
-0.212290007780978233517938203830456	0.303685755547255035672221499275389
-0.213327048807717323339290342505493	0.305006342299469877923775452780448
-0.214365449782439246684387377163511	0.306327118749672417919052962087403
-0.215405214604231547622079879088511	0.307648084726030241164426305293164
-0.216446347185855437307229317369332	0.308969240053995626799770409958769
-0.217488851453814147939800252968019	0.310290584556285930859045122341635
-0.218532731348421723769437853115084	0.31161211805286382137566079152538
-0.219577990823872252549514104075466	0.312933840360917363999453458088684
-0.220624633848309540875749915455818	0.314255751294839956778090854266108
-0.221672664403897236875967473239047	0.31557785066621011274155698290313
-0.22272208648688940374930144678631	0.316900138283771088914018981161337
-0.223772904107701547685302769417622	0.318222613953410360362862993751093
-0.224825121290982103725808522916334	0.319545277478138937879993547383457
-0.225878742075684383165229841864676	0.320868128658070527875621066587522
-0.226933770515138986118030641649157	0.322191167290400533049712299452033
-0.227990210677126682915637341564541	0.323514393169384892391046093049869
-0.2290480666439517680288376294063	0.324837806086318759038399698961539
-0.230107342512515890245898775100581	0.32616140582951501452278608936199
-0.231168042394392362871167178915473	0.327485192184282617893868076179838
-0.232230170415900957743804917785944	0.328809164932904788217687764559907
-0.233293730718183186911580267664325	0.330133323854617018916667413403111
-0.234358727457278075830261820943746	0.331457668725584922406457457111783
-0.235425164804198431995174230967031	0.332782199318881903467626561036941
-0.236493046945007612947862200960876	0.334106915404466659773404395283062
-0.237562378080896797637582549177419	0.335431816749160507977697533172219
-0.238633162428262765154506539329586	0.336756903116624533750399685756815
-0.239705404218786184889070737096861	0.338082174267336564129606503833397
-0.240779107699510422209869069652006	0.339407629958567960542719502380137
-0.24185427713292086379083621529488	0.340733269944360230830580333844148
-0.242930916797024766757237684054364	0.342059093975501458590712656355042
-0.244009030985431635859159778242145	0.343385101799502548137461165614524
-0.245088624007434132920787916994992	0.344711293160573283358302893811991
-0.246169700188089522853779506137621	0.346037667799598198726861487627286
-0.247252263868301660563482633146374	0.347364225454112260714177674906034
-0.248336319404903523117629429984279	0.348690965858276357820575282377539
-0.249421871170740291588448102872994	0.35001788874285259743100869223317
-0.250508923554752987020895572709738	0.351344993835179407677081191053412
-0.251597480962062665021918665071108	0.352672280859146442468980887363196
-0.252687547814055173508311164950047	0.353999749535169287840388319415907
-0.253779128548466478193852208008592	0.355327399580163967728964055733018
-0.254872227619468560439993886705293	0.356655230707521247294321967340139
-0.255966849497755892138418146699889	0.357983242627080731854430828359226
-0.257062998670632492338310648990222	0.359311435045104759500159831501224
-0.258160679642099570376207961854395	0.36063980766425208542618878205584
-0.259259896932943760311769983450739	0.361968360183551355994737396416358
-0.260360655080825951518817715537059	0.363297092298374370526526459512517
-0.261462958640370720327463322001116	0.364626003700409128791062711587861
-0.262566812183256367660150800728342	0.365955094077632662145735300745581
-0.263672220298305567651927640024976	0.367284363114283646250320455167119
-0.264779187591576632293286666989997	0.368613810490834793260308637820179
-0.265887718686455397182459150998593	0.369943435883965021378990724102804
-0.26699781822374773352311140855001	0.371273238966531399624462502813048
-0.268109490861772691553004056636476	0.372603219407540865643625791932747
-0.269222741276456280639322154929569	0.373933376872121714380875365986393
-0.270337574161425891327082321991658	0.375263711021494855384459327275512
-0.271453994228105364678276153252105	0.376594221512944836508482067150736
-0.272572006205810714291224642021481	0.377924907999790631743179034549816
-0.273691614841846506442002631501793	0.379255770131356190880426565853113
-0.274812824901602903842752517759723	0.380586807552940748695453369737652
-0.275935641168653378565249484433974	0.381918019905788891299388167494403
-0.277060068444853099732213575608774	0.38324940682706037729060565364008
-0.278186111550438001633594093768079	0.384580967949799711305815478875416
-0.27931377532412453798038643025016	0.385912702902905467544471406367363
-0.280443064623210128064487877937861	0.387244611311099360812355114110072
-0.281573984323674300649664719795625	0.388576692794895062602106192884957
-0.282706539320280541475895511402741	0.389908946970566759700021522888406
-0.283840734526678850317182660704873	0.391241373450117452779628122526378
-0.284976574875509013591393935887603	0.392573971841246992413338387213888
-0.286114065318504598579815288302905	0.39390674174731984990391992681378
-0.287253210826597675373874352629513	0.395239682767332620307548434246932
-0.288394016390024272726938278440148	0.396572794495881254989855554091527
-0.289536487018430574050208361769182	0.397906076523128021025628859108957
-0.290680627740979859853535597524316	0.399239528434768184721661984690814
-0.29182644360646020299447419035137	0.400573149811996416510683824438954
-0.292973939683392923162082782409051	0.401906940231472914432310469252665
-0.29412312106014180708588433550633	0.403240899265289243384556197158636
-0.295273992845023101025014012407833	0.404575026480933887296604114788333
-0.296426560166416282157928925842672	0.405909321441257511340266738697493
-0.297580828172875615559133271385687	0.407243783704437931263855510475889
-0.298736802033242503516196260668348	0.408578412823944786898019486976463
-0.299894486936758634007917676042449	0.409913208348503916848500655748464
-0.301053888093179935232836153330058	0.41124816982206143135567981045031
-0.302215010732891343146387968658101	0.412583296783747480265245889217195
-0.30337786010702238903491878997692	0.413918588767839713018306229416022
-0.304542441487563614225437315305908	0.415254045303726427532758312995626
-0.305708760167483819101487851752215	0.416589665915869404810758143200847
-0.306876821460848153667818719648002	0.417925450123766426069639166703477
-0.308046630702937056979645058448966	0.419261397441913469155651279649944
-0.309218193250366052826258466966107	0.420597507379766580961394457665332
-0.310391514481206409133532371635441	0.421933779441703422528808333864349
-0.311566599795106668625521666404829	0.423270213126984483480039898147125
-0.312743454613415058361868734003985	0.424606807929713962378438563492303
-0.313922084379302785845116314559561	0.42594356333880030958131317168205
-0.315102494557888229470301855673466	0.427280478837916429104920993872901
-0.316284690636362031168379130564141	0.428617553905459535980436191285558
-0.317468678124113099175092372650263	0.429954788014510665537356175020689
-0.318654462552855528937927425842426	0.431292180632793831007940342663607
-0.319842049476756450255695086704582	0.432629731222634825802828135653396
-0.321031444472564808828175713851212	0.433967439240919666763943477377253
-0.322222653139741090477083259480551	0.435305304139052674656151496453899
-0.323415681100587996384403259924637	0.436643325362914188113881945867954
-0.324610534000382077779935295136882	0.437981502352817907213062681478022
-0.325807217507506338596638448691082	0.43931983454346786279220659711195
-0.32700573731358381470015099910547	0.440658321363915007599357008713535
-0.328206099133612138387645753043024	0.441996962237513425293809961422025
-0.32940830870609909694100307058175	0.443335756581876153283087466795889
-0.330612371793199194110147890795363	0.444674703808830615326523266735721
-0.331818294180851223494318282565603	0.446013803324373659787032205633349
-0.333026081678916862882024745500175	0.447353054528626199362155345115602
-0.334235740121320298704535380822458	0.448692456815787448074295078381322
-0.335447275366188889852896043789241	0.4500320095740887512481670221495
-0.336660693295994880204780771936401	0.451371712185747004150887535870358
-0.337875999817698169304880447152838	0.452711564026917654916776312838947
-0.339093200862890150741091282582656	0.454051564467647287324871396273897
-0.340312302387938627858474017378652	0.455391712871825778942317799479698
-0.341533310374133816553834547464363	0.456732008597138030091189067919606
-0.342756230827835444995842220193377	0.458072450995015259039921834884211
-0.343981069780620960218868487085059	0.459413039410585858763374718003261
-0.345207833289434851643211567232067	0.46075377318262581055755260825555
-0.346436527436739101680087966864136	0.462094651643508649736253140563705
-0.347667158330664773686735090270121	0.463435674119154978577281323130451
-0.348899732105164747645196949466517	0.464776839928981521625428148749117
-0.350134254920167614047873546909991	0.466118148385849718398106508782306
-0.351370732961732736583720509433709	0.467459598796013848477369654922884
-0.352609172442206494331105868122426	0.468801190459068683908990359110304
-0.353849579600379714276782620627736	0.470142922667896663765339136300152
-0.355091960701646305095236232523656	0.471484794708614585663953516712626
-0.356336322038163103238833129837243	0.472826805860519808967923248453751
-0.357582669929010942506747350700946	0.474168955396035964327514104758779
-0.358831010720356958379595956438562	0.475511242580658164154801047040854
-0.360081350785618138527087902796439	0.476853666672897708554464993323255
-0.361333696525626131017804450987475	0.478196226924226281164311248337645
-0.362588054368793321883500729181812	0.479538922579019629288476397878457
-0.36384443077128019381506687839816	0.480881752874500722634688527058453
-0.365102832217163977893532743673734	0.482224717040682384894317096215452
-0.36636326521860861038726198815846	0.48356781430030939233027753606328
-0.367625736316036006775779779766063	0.484911043868800033463125167465209
-0.36889025207829866529153307594689	0.486254404954187123869866693697424
-0.37015681910285361240331454837935	0.487597896757058470033118252528451
-0.371425444015937702799111174242702	0.488941518470496776100229560486575
-0.37269613347274428656178759896275	0.490285269280018987332856446044372
-0.373968894157601256368303972528053	0.49162914836351506394718116559832
-0.375243732784150487682119808716133	0.492973154891186178963533133848724
-0.376520656095528685049071554983667	0.494317288025482333601533575030261
-0.37779967086454964774935434628319	0.495661546921039383673057293037346
-0.379080783893887968202310524161185	0.497005930724615470340254123784812
-0.380364002016264176666551933085324	0.498350438575026848519582200541539
-0.381649332094631345925543088323534	0.499695069603083106125255126321959
-0.382936781022363169798171707517658	0.501039822931521767256675359913779
-0.384226355723443529465055814501795	0.502384697674942272344296090076644
-0.38551806315265756175440700670992	0.503729692939739328176902748962205
-0.386811910295784243686212224421602	0.505074807824035620640511894289645
-0.388107904169790507730336524098469	0.506420041417613882904927897396162
-0.389406051823026902392912352862335	0.507765392801848311698454765109925
-0.390706360335424812906092426676846	0.509110861049635324214309171767139
-0.392008836818695256958929682773959	0.510456445225323648093898671103091
-0.393313488416529270571835436606905	0.511802144384643736832292989750421
-0.394620322304799899383782737738509	0.513147957574636502849902767060462
-0.395929345691765810790193289433261	0.514493883833581360371565183743603
-0.39724056581827654254030087036352	0.515839922190923570149895282122095
-0.398553989957979403575750072099907	0.517186071667200877963870667547473
-0.399869625417528043067294848733084	0.518532331273969438716150506095728
-0.401187479536792703783735784614182	0.519878700013729017843561670776614
-0.402507559689072176106707462477123	0.521225176879847461644489462224886
-0.403829873281307469186627623405838	0.522571760856484428014561009222599
-0.405154427754297215919078151727472	0.523918450918514368967979244017415
-0.406481230582914828607134931351808	0.525265246031448756206126778765058
-0.407810289276327422363730391456509	0.526612145151357540877584132191085
-0.409141611378216523499050628495816	0.527959147224789838554467128584295
-0.410475204467000580331270358718373	0.529306251188693830328954973408139
-0.411811076156059294054646088972947	0.530653455970335870811024050808444
-0.41314923409395978749715373690486	0.532000760487218793683692919031531
-0.414489685964684629800504910524747	0.533348163646999405345490802764999
-0.4158324394878617352585400873754	0.534695664347405157041354060921568
-0.417177502418996154755711428560836	0.536043261476149985752701060326478
-0.418524882549703778455667841540369	0.537390953910849313985003467485026
-0.419874587707946968600875599897941	0.538738740518934198456728470412685
-0.421226625758272141497785291621872	0.540086620157564617557038569031316
-0.422581004602049317978326582548512	0.541434591673541887301069443942988
-0.423937732177713661847513269024769	0.542782653903220195370927545924987
-0.425296816461009026048709920151704	0.544130805672417242687722345752742
-0.426658265465233526502686196502985	0.545479045796323981814937925007849
-0.428022087241487163804004363684381	0.546827373079413441346218416227864
-0.429388289878921513188588852477997	0.548175786315348625281154709791872
-0.430756881504991503419553790803669	0.549524284286889476240878169616739
-0.432127870285709305474555674925482	0.550872865765798891221152501530415
-0.433501264425900352157134786515097	0.552221529512747778424168373023739
-0.434877072169461509996752235779137	0.553570274277219143551347168407938
-0.436255301799621425047561875040981	0.554919098797411193778109944979706
-0.437635961639203064444420666640768	0.556268001800139447467724074223573
-0.439019060050888475826280926948092	0.557616982000737837514961309078551
-0.440404605437485786991967376404011	0.558966038102958796041344462690959
-0.441792606242198468411465934401031	0.560315168798872307992182097524135
-0.443183070948896881477285207338433	0.561664372768763921011347406122101
-0.444576008082392135645241808138007	0.563013648681031698792803819564505
-0.445971426208712277882213886370407	0.564362995192082104928169998308739
-0.447369333935380838110051112127065	0.565712410946224804087104107115154
-0.448769739911697754609972128953951	0.567061894575566367181924172581352
-0.450172652829022703630471180856151	0.568411444699902866979619530957772
-0.451578081421060857724043970691542	0.5697610599266113504331986824754
-0.452986034464151097623979314847003	0.571110738850540173810111171380901
-0.454396520777556702762099074074624	0.572460480053898186498224394088988
-0.455809549223758545821716186551203	0.573810282106142749169478560634987
-0.457225128708750817017272214417987	0.575160143563866571777831511983452
-0.458643268182339304093165243653124	0.576510062970683356661385880407095
-0.460063976638442254339240662898043	0.577860038857112231808609343977861
-0.461487263115393845229346525961451	0.579210069740460959135258641472968
-0.462913136696250290602307946942065	0.580560154124707902401942734145254
-0.46434160650909860962170820710896	0.581910290500382739182152140902882
-0.465772681727368086072035752498321	0.583260477344445901066981090193594
-0.467206371570144445874124690977798	0.584610713120166726065616703272244
-0.468642685302486781032441308523758	0.585960996277000306929903828021794
-0.47008163223574724856071097317857	0.587311325250463018896853137873113
-0.47152322172789357327069995809584	0.588661698462006710104780312086134
-0.472967463183834383651727503619733	0.590012114318891537696780972799194
-0.474414366055747410415748113929733	0.591362571214057432379393835041101
-0.475863939843410577634676873383948	0.592713067525994173954516282727781
-0.477316194094536016753096679519309	0.594063601618610060088844137697283
-0.478771138405107034120651929155614	0.595414171841099150327241304123908
-0.480228782419718063054365580149608	0.596764776527807067094434529764823
-0.48168913583191763181188389307139	0.598115413998095335163201704666557
-0.483152208384554379232324830367335	0.599466082556204240796705561736443
-0.484618009870126150182052415444212	0.600816780491114191497743638945159
-0.486086550131132203328391772099722	0.602167506076405557018363812896282
-0.48755783906042856415511061666968	0.603518257570116971999455110220928
-0.489031886601586556529496319370121	0.604869033214602080321486900523373
-0.490508702749254546532128081566819	0.606219831236384700954455559831406
-0.491988297549522932667057240595841	0.60757064984601239479722435913601
-0.493470681100292416982142335349217	0.608921487237908411693726246934167
-0.494955863551645592046817659172137	0.610272341590221996505855372101164
-0.496443855106221879157684119471778	0.611623211064677032810215064016356
-0.497934666019595853571080076440214	0.612974093806419002468129365484261
-0.499428306600658992996299460397504	0.614324987943860238995372268580852
-0.500924787212004886023458156587131	0.615675891588523452329832022920998
-0.502424118270317937606251981320517	0.617026802834883502261714046736385
-0.503926310246765609172086454689184	0.618377719760207397451800104680348
-0.505431373667394231390377242168716	0.619728640424392496618626773629778
-0.506939319113528428094309191267117	0.621079562869802888125124235248258
-0.50845015722217419032209131508955	0.622430485121103923839166697458924
-0.509963898686425639920846264934074	0.623781405185094882780525955030758
-0.511480554255875522639818612558225	0.625132321050539739698785526863652
-0.513000134737029471129670908550226	0.626483230687996013352758266885032
-0.514522650993724078761355755060274	0.627834132049641668881747148640557
-0.516048113947548825681503292530451	0.629185023069100048272486842366443
-0.5175765345782718990315453447807	0.63053590166126280253269042877587
-0.519107923924269949775010344821877	0.631886765722110798782686695577786
-0.520642293082961829101669007644966	0.633237613128532975070552346918038
-0.522179653211246347908593068083802	0.634588441738143115303301322160656
-0.523720015525944103396813440739757	0.635939249389094516266969218313911
-0.525263391304243417368236728878577	0.637290033899892518281701194893795
-0.526809791884150431360908647544685	0.638640793069204870604091025879753
-0.52835922866494340432170989268263	0.63999152467566990224789907881359
-0.529911713107631259084246294591788	0.641342226477702468445767440167538
-0.53146725673541642449616453447611	0.642692896213297642518518180617163
-0.533025871134162020624502883933342	0.644043531599832122454930343790155
-0.53458756795286343506009079985397	0.645394130333863321033404545260046
-0.536152358904124338942561098324419	0.646744690090926107837500349265596
-0.537720255764637191936355076297129	0.648095208525327171029827427033953
-0.539291270375668286005307526298645	0.649445683269936966253040731186042
-0.540865414643547378459120250153601	0.650796111935979219522583589681259
-0.542442700540161965379396585495653	0.652146492112817950463188924134949
-0.544023140103456247176044821784238	0.653496821367741981719833018006531
-0.545606745437934838676896489735149	0.654847097245746899843680721718616
-0.547193528715171276814459766159193	0.656197317269314432414404981200089
-0.548783502174321379643974206686581	0.65754747893818920561194332539458
-0.55037667812264151110648845609669	0.65889757972915284589310251161251
-0.551973068936011806639687475975631	0.660247617095795388861269759698727
-0.553572687059465714722721834602605	0.661597588468283906889034179750551
-0.555175545007716652530932428858326	0.662947491253128209515077189860638
-0.556781655365710984706739567686276	0.664297322832945120675443186275454
-0.55839103078915299488694726394728	0.665647080566218493649521140056108
-0.56000368400507257594553084959737	0.666996761787049500138453324910895
-0.56161962781236007755649954436607	0.668346363804930505637682122396335
-0.563238875082342638452228602354369	0.669695883904468613902889436451436
-0.564861438759342807763166921993843	0.671045319345159811977356821665486
-0.56648733186124351106598843791903	0.672394667361118320850655771284885
-0.568116567480074104567905812065525	0.673743925160827841707910969847058
-0.569749158782585428936167308197828	0.67509308992687066632452008721904
-0.571385119010838045932020675231897	0.676442158815681298641581931474065
-0.573024461482795322839093434451448	0.677791128957254318218355512427145
-0.574667199592926039722929819901734	0.679139997454896404605650418453396
-0.576313346812803942727982435535335	0.680488761384945044603568940387297
-0.577962916691721206300684614459283	0.681837417796484014629954968581019
-0.579615922857304018592213989928133	0.683185963711070659572892494437376
-0.581272379016134096253939199601679	0.684534396122453333816629018306968
-0.582932298954386710894517877871081	0.685882711996276343197417550288463
-0.584595696538449643989277253595511	0.687230908269790851368693435453406
-0.586262585715578012058476826907454	0.688578981851569400534089079461809
-0.587932980514537933195200707538208	0.689926929621194900132187354184088
-0.589606895046258439401462974376239	0.691274748428965723128721665183128
-0.591284343504497894892136915733195	0.692622435095583872906497505637506
-0.592965340166502304586370202984592	0.693969986411855328663947163683782
-0.594649899393691352286733676561805	0.695317399138362156905402763456906
-0.596338035632327807267076695204039	0.696664670005161363469499676828968
-0.598029763414213172620351852005076	0.698011795711447838188384761298039
-0.599725097357377082893773403510887	0.699358772925238897746272263882944
-0.601424052166779220192207446386604	0.700705598283041276715103416281824
-0.60312664263502546658642704017492	0.702052268389515552224563996103998
-0.604832883643074337986820117058655	0.703398779817139139211703953601955
-0.606542790160960199857200605309057	0.704745129105865875557846734007661
-0.608256377248535709874106564313716	0.706091312762775782943815445759872
-0.609973660056188127082814277466144	0.707437327261727798428967325985672
-0.611694653825605665479317774079269	0.708783169042995555112439731284875
-0.613419373890520457012434394081308	0.710128834512920597534145205119099
-0.615147835677470647928167103597522	0.711474320043533843493710743601357
-0.616880054706563666085848574477262	0.712819621972193149313423689346792
-0.618616046592261456709809656332782	0.714164736601210933572787948776229
-0.620355827044157671091779787205318	0.715509660197465404423226493328837
-0.622099411867772045046845999692514	0.716854388992024438754730268154448
-0.623846816965352179907606379269544	0.718198919179758049716758516993049
-0.625598058336676859479908091820713	0.719543246918936075310540806787507
-0.627353152079880464479484334634869	0.720887368330831973370800427185788
-0.629112114392272730729017472457993	0.722231279499324148749666423368919
-0.630874961571171067946872924721217	0.723574976470477670530311199619904
-0.632641710014750027502606309968125	0.724918455252132686262455894358455
-0.634412376222885280268434015762569	0.726261711813482896082171797498417
-0.636186976798019427597410478041823	0.72760474208465089397747948787968
-0.637965528446025615572664485865109	0.728947541956257367804491635814152
-0.63974804797708927444641344508685	0.730290107278976462371350999944748
-0.641534552306595228211054518457244	0.731632433863102342523903864994335
-0.643325058456022244589373596391734	0.732974517478092723009185668634441
-0.645119583553850093500057381761291	0.734316353852113194703062637045634
-0.646918144836476411735477207962046	0.735657938671584440510662739636876
-0.648720759649137100978763129135474	0.73699926758070235979923166586166
-0.650527445446846984625263531883547	0.738340336180978102456901616182921
-0.652338219795342557939170727964524	0.739681140030744660761559163570711
-0.654153100372034222690664146363314	0.741021674644683192092155798264661
-0.655972104966972584389223765171103	0.742361935493316801432557959084032
-0.657795251483824981567555905929937	0.743701918002525165615993138942336
-0.659622557940859447511743258969617	0.745041617553023120739684824731773
-0.661454042471941911865229089060595	0.746381029479859212310113263619228
-0.663289723327538452700436275047467	0.747720149071892583639065359068995
-0.665129618875739798642461288808184	0.749058971571262476104690550860312
-0.666973747603281425196702757650133	0.750397492172859821562699832611258
-0.668822128116589979988888096743715	0.751735706023773001831856962459932
-0.670674779142828140675800213497836	0.753073608222759718103502505636286
-0.672531719530960685604453571751417	0.754411193819667515697282188822451
-0.674392968252823758140033647325314	0.755748457814887938888850768912681
-0.676258544404208022344490959192332	0.757085395158775523796790064570219
-0.678128467205964238658448539274888	0.758422000751065522513101356231824
-0.680002756005100131071937782788483	0.759758269440295621995828357004819
-0.681881430275908407722600257567956	0.761094196023203424348025691343742
-0.683764509621093435431958345498108	0.762429775244122460117156728321906
-0.685652013772922855481659553311875	0.76376500179436869668470324241507
-0.687543962594375915952717311436552	0.765099870311629020287232664193118
-0.689440376080321304786512705085209	0.766434375379318850948941369369242
-0.691341274358696829001115303338737	0.767768511525948938974263201143013
-0.693246677691703369671629664491882	0.769102273224481330531883215053264
-0.695156606477014035040778482300895	0.770435654891669623915103475978766
-0.697071081248994987955327316285325	0.771768650887393538438887336470183
-0.698990122679949606503090096924867	0.77310125551398092101690117163646
-0.700913751581353315326520697078178	0.774433463015534243819643698457901
-0.702841988905127003220583842529793	0.775765267577222965369292604536134
-0.704774855744906412128831053883662	0.777096663324588276950973681349988
-0.706712373337343392801774374734538	0.778427644322826200651650847234576
-0.708654563063398167927816175427003	0.77975820457606596430388842689287
-0.71060144644966769475238069844824	0.781088338026632444283419019267059
-0.712553045169719916658065593555316	0.78241803855430471527357699715977
-0.714509381045436977455787579334151	0.783747299975556909430232608854654
-0.716470476048385202450578737687736	0.785076116042802152021919450847365
-0.718436352301192192025518554704649	0.786404480443598218508258863479596
-0.720407032078945923077679995848477	0.787732386799875141917118791181246
-0.722382537810596290599263810512502	0.789059828667128859750021996361397
-0.724362892080392489243300194126561	0.790386799533613706565528340538949
-0.726348117629317832217749251522774	0.791713292819512485920018595932931
-0.728338237356555374216049432838907	0.793039301876110682608470982945121
-0.730333274320954490364622862276827	0.794364819984945123306966695499168
-0.732333251742530215714574730310472	0.795689840356948427107983331633916
-0.734338193003971708616050970373878	0.79701435613157293047951307872138
-0.736348121652164263851590178178863	0.798338360375909133152946760998736
-0.738363061399737061896977174707528	0.799661846083788536346634356635993
-0.74038303612662319921366889950787	0.800984806174878561771780131131234
-0.742408069881636432884410043643185	0.802307233493749403831583557481669
-0.744438186884069823927583270775184	0.803629120808944699752340449040059
-0.746473411525312845866687746687802	0.804950460812030333454617517233484
-0.748513768370482458449898067983861	0.806271246116626045320330640738137
-0.750559282160075129221544074853412	0.807591469257431103138717781072287
-0.752609977811641522239732715801566	0.808911122689228132446285137089644
-0.754665880421478484936519051729304	0.810230198785875070456327913966036
-0.756727015266330887329048676986837	0.811548689839285673221114714956231
-0.758793407805132606081118906770668	0.812866588058390051817914554423669
-0.760865083680748402824779043809767	0.814183885568078370350617414384428
-0.762942068721753050024953358799807	0.815500574408132794152913770615175
-0.765024388944212602475929487854186	0.816816646532147702524191927335224
-0.767112070553504137482908295624968	0.818132093806421569297063411108183
-0.769205139946144709575615842816922	0.819446908008841143806499153044378
-0.77130362371164850528900722642268	0.820761080827748737005675592244226
-0.773407548634401000134467402063452	0.822074603860790525385363881930098
-0.775516941695559728116618705151492	0.823387468613745002332530226973839
-0.777631830074969185664114455687128	0.82469966649933987453020243909268
-0.779752241153116621661092442487274	0.826011188836043217334024221450255
-0.781878202513083756912244915605875	0.827322026846843776208573379249294
-0.784009741942541780720695521200524	0.828632171658011943044378438538147
-0.786146887435765983477184327091948	0.829941614297835204411153852335978
-0.788289667195674768599256222912949	0.83125034569533336803091693437092
-0.790438109635879214145754292091294	0.83255835667898067183778453543947
-0.792592243382784346125493633345691	0.833865637975361910935062749129059
-0.794752097277686142648296786371449	0.835172180207852413821791640039281
-0.796917700378912672715188787612638	0.836477973895245344911405744650269
-0.799089081963986553578468746824669	0.837783009450377802646166255225798
-0.801266271531807645002370110815461	0.839087277178736757700009929996186
-0.803449298804868259536405053328192	0.840390767277017547839788919608737
-0.805638193731490592598756747508897	0.841693469831697383556248471651148
-0.80783298648809974998946066743126	0.842995374817555330765909261950075
-0.810033707481509027061256932802488	0.844296472096191718040150452183578
-0.812240387351243858152446429115939	0.845596751414509528952025360491269
-0.814453056971900542718878737148825	0.846896202403173831305705908375321
-0.816671747455509662373983539445365	0.848194814575060129602913270389373
-0.818896490153952360951989672731853	0.849492577323660695404847638596995
-0.82112731666139625050183076947902	0.850789479921492378683009003650784
-0.823364258816758368588732460587895	0.852085511518431920829577656728072
-0.825607348706201184074306688159216	0.853380661140082012839531844306185
-0.82785661866566476604435094175669	0.854674917686071847475252702497084
-0.830112101283415665402207156656519	0.85596826992834545916289262325561
-0.832373829402644877260440020354136	0.857260706509427809115110517868186
-0.834641836124079134959350695382076	0.858552215940648129797320954930435
-0.836916154808642649902219750457413	0.859842786600357269422040416711221
-0.839196819080138463798210159917384	0.861132406732076235354517021394848
-0.841483862827965048034988260921902	0.862421064442685137860225393984187
-0.843777320209880299549672472211603	0.863708747700498435981222857995451
-0.846077225654767908501985215762311	0.864995444333386309704095842302629
-0.848383613865480867132492771255764	0.866281142026809657716011372694771
-0.850696519821682768564174013231039	0.867565828321862746519652839418487
-0.853015978782750599987516544293772	0.868849490613239834329487616698938
-0.85534202629069105446829061390466	0.870132116147238607894127644527489
-0.857674698173116774273065194338545	0.871413692019661279588934915118264
-0.860014030546244334487794149321089	0.872694205173710550643354892489838
-0.862360059817931957713752123108724	0.87397364239786585492592646514968
-0.864712822690763475623132967099046	0.875251990323701612519047681832861
-0.867072356165156830227793840723688	0.876529235423689825830904908980333
-0.86943869754252986716565661008714	0.877805364008943839279808840258016
-0.871811884428491030682692654389586	0.87908036222695235237156525355576
-0.874191954736078771904989967448467	0.88035421605924591652910460923074
-0.876578946689036298695905450509041	0.881626911319070887446465143719133
-0.878972898825138542468607555180595	0.882898433648966412442027675909111
-0.881373849999550449816343909033171	0.884168768518351348315623524121062
-0.883781839388226306447012784750656	0.885437901221052119641754515539015
-0.886196906491373175957084954980785	0.886705816872780969680417567953275
-0.888619091136927310664017314733745	0.887972500408601953774343331923932
-0.891048433484110946880800948775045	0.889237936580311459950029788275526
-0.893484974026996221753062789279134	0.890502109953821153941112807771689
-0.895928753598153471910208192500068	0.891765004906466216352163916056885
-0.898379813372317713255135848730187	0.893026605624289304193112450662133
-0.900838194870115064741124395007411	0.894286896099257746542642753524695
-0.903303939961841547567954270811142	0.895545860126455368484884687659871
-0.905777090871278829102674315295793	0.896803481301223301501739779224457
-0.908257690179571397118716567546106	0.898059743016237768553200998719855
-0.910745780829148856238761920020881	0.89931462845856112232231892975557
-0.913241406127696065756998715492585	0.900568120606629057259536245072176
-0.915744609752188834703789528151698	0.901820202227195850836248490769594
-0.918255435752966372738455401037172	0.903070855872215601007318216873237
-0.920773928557867611858078100590089	0.904320063875692496157870754258808
-0.923300132976420527103177398692768	0.905567808350454090875654200878308
-0.925834094204082717663421954171615	0.906814071184894894392052466912631
-0.928375857826549016486788973951893	0.908058834039633879897505736586153
-0.930925469824100152229694885232925	0.909302078344152576223908373070145
-0.933482976576024209315798497870275	0.910543785293351295661098102260705
-0.936048424865092395649123714486837	0.911783935844044055487371336898966
-0.938621861882088139341946149744317	0.913022510711421885725788590146085
-0.941203335230407257739957865311799	0.914259490365422903275748492248988
-0.943792892930719762940691501237833	0.915494855027051952970588595741825
-0.946390583425680574899893598450665	0.916728584664661435733087727527657
-0.948996455584720419430895104920373	0.917960658990131848914835837403266
-0.951610558708898026529569777416929	0.919191057455001118062328905434648
-0.954232942535806977335887155079375	0.920419759246543028985378553617595
-0.956863657244568114579291195198824	0.921646743283751361319843536164258
-0.959502753460872318114214005039118	0.922871988213282756665140786638174
-0.962150282262104369025423790089178	0.924095472405300707036416308673524
-0.964806295182534679136134587642571	0.925317173949273828577933507038655
-0.967470844218575354896189259976861	0.926537070649688023402953427292488
-0.970143981834120903175226210976495	0.927755140021684101441763169476512
-0.972825760965952683582494790461941	0.928971359286626867074534607074338
-0.975516235029223081331727684684137	0.930185705367588781066651498116159
-0.978215457923017010451038555971683	0.931398154884767168685302529490399
-0.980923484035986091335781596954888	0.932608684150802328712560092619651
-0.983640368252068532508668205589599	0.933817269166036196401139234257715
-0.986366165956281509783758283564629	0.935023885613671145871633561292128
-0.989100933040603877711762844682537	0.936228508854855003824527475408493
-0.991844725909933204829501196902198	0.937431113923670930545409043596294
-0.99459760148813401900746512140244	0.938631675522044489010812664880962
-0.997359617224168607429607359241504	0.939830168014556564168628280606232
-1.00013083109831177148056156426891	0.94102656542318538092436079965813
-1.00291130162846408965768881348114	0.942220841421913910958711114644386
-1.00570108787654569886767186606667	0.943412969331285920540688464769379
-1.00850024945498874689516039482867	0.944602922112828647278418791856057
-1.01130884653331474319531472291461	0.945790672363418762462767322155348
-1.01412693984481965144545805776682	0.94697619230949737257744768653799
-1.01695459069334590089319347665509	0.948159453801222074772562950371506
-1.01979186096015278941397061087515	0.949340428306502701791066697764292
-1.02263881311089523200403790564711	0.95051908690491750103056773216175
-1.0254955102026995895843089618837	0.951695400281533604175998832392858
-1.02836201589133810011657833084139	0.952869338720629240068354965824329
-1.03123839443852158713943558490342	0.954040872099262984760848044046248
-1.0341247107192833478836935207402	0.955209969880771449243023270337493
-1.03702103022949336968281747437609	0.95637660110811897748953285628357
-1.03992741909346153390810198240528	0.957540734397148740336845340557596
-1.04284394407167546276317593924059	0.958702337929683690956586684828142
-1.04577067256863821660786768229121	0.959861379446540701573769853541793
-1.04870767264083411823627231593352	0.961017826240378346050505251228596
-1.05165501300480561462167299635954	0.962171645148449876569044067779718
-1.05461276304536134485043471440123	0.963322802545188752422305420830026
-1.05758099282390868334425684187064	0.964471264334688869846885607855936
-1.06055977308690411569965650560757	0.965616995943028078723613398707409
-1.06354917527443812057205429996699	0.96675996231046118904410981301306
-1.06654927152896229021920272809674	0.967900127883463216799893988579124
-1.06956013470412831237791937769193	0.969037456606628352490050990290251
-1.07258183837378865678314421320934	0.970171911914418995433357214053366
-1.07561445684112097737855450141885	0.971303456722757676866227751680756
-1.07865806514789801126311433940917	0.972432053420474786224824755586218
-1.08171273908390878316050099334497	0.973557663860586544366979471207001
-1.08477855519651954000050018231819	0.974680249351408602492873861884199
-1.08785559080039264595017188608208	0.975799770647515638691363726452631
-1.09094392398735969517941367858173	0.976916187940517982058901994190875
-1.09404363363644357700443008861244	0.978029460849681348886544755163789
-1.09715479942405054378610978121637	0.979139548412353552425415413572032
-1.10027750183432203669428851118405	0.98024640907421675918010959722017
-1.10341182216965163343385474433577	0.981350000679366968157732184128749
-1.1065578425613810380208605715459	0.982450280460181848935454294527123
-1.10971564598065509067747907543011	0.98354720502702430861639652103849
-1.11288531624946944156954369512152	0.984640730357731494611259438088268
-1.11606693805189415711427160121799	0.985730811786902980823607362906624
-1.11926059694547825834585020987819	0.986817403995000039833624044507805
-1.12246637937285146712028585800067	0.987900460997214391009830145722585
-1.12568437267350968003832533755915	0.988979936132147141683596271508076
-1.12891466509580788031001541867389	0.990055782050250909496088349253856
-1.13215734580915195471345148121052	0.991127950702054794399337205563803
-1.13541250491638703018956027275061	0.992196393326165085173182331157141
-1.13868023346641129560950011436823	0.993261060437034289464211394167016
-1.14196062346699817794658296253823	0.99432190181247540690400966398855
-1.14525376789783272748951948204806	0.995378866480965730426488578957507
-1.14855976072378152578919907995856	0.996431902708670406497623187541328
-1.15187869690839465749718700787547	0.997480957986222341034585622224657
-1.15521067242762648166576667998979	0.9985259790152567689599242350558
-1.15855578428382141085273469144399	0.999566911694654510212162735438008
-1.16191413051992353472933509155104	1.00060370110653394679562340001786
-1.16528581023395033956490592198627	1.0016362915019572855880285854293
-1.16867092359371980535967394489309	1.00266462628635598624814201833457
-1.17206957185184617490236488529363	1.00368864800465432294817046154041
-1.17548185736099398803004186867494	1.00470829832611977455138689329094
-1.17890788358942048344830823697506	1.00572351802887789572682146430253
-1.18234775513679581441627879548969	1.00673424698414325157569811636269
-1.18580157775031047112524329725099	1.00774042414011838962911373918579
-1.18926945834108260074447309913969	1.00874198750556660135413685992432
-1.19275150500086888923896193055322	1.00973887413305717561152030146078
-1.19624782701908191903976351268838	1.01073102010186224934831177099041
-1.19975853490013210522377282737642	1.01171836050051320030999165478253
-1.20328374038109468612396341196112	1.01270082940898846189756876318744
-1.20682355644970383139450105025208	1.01367835988054679809752591126931
-1.21037809736270487745865256177375	1.01465088392316814385018137831937
-1.21394747866454403771445820861928	1.01561833248063175751348104801735
-1.21753181720642310099421049130748	1.0165806354131789160633906572927
-1.22113123116573193069550605675478	1.01753772147779364175212850176844
-1.22474584006584109465174199261002	1.01848951830805240794774786460477
-1.22837576479631062203843638311691	1.01943595239355139171253084952272
-1.23202112763346792397655012164056	1.02037694905892035100612966634595
-1.23568205226142331182807120935029	1.0213124324423607706404540553863
-1.23935866379348350726834884608907	1.02224232547375598547719869160159
-1.2430510887940105212508143156451	1.02316654985229080856960057180716
-1.24675945530071928983984508104725	1.02408502602360522582399530515304
-1.25048389284742615015188163064725	1.02499767315646040783271132490823
-1.25422453248727386427284439598853	1.02590440911888073150707741155506
-1.25798150681642554320169700161701	1.02680515045379725452853405387651
-1.26175494999826520217949674631366	1.02769981235414803586908591665191
-1.26554499778808534998576700582538	1.0285883086374438018650309282455
-1.2693517875583168712315749322794	1.02947055171977157150144563582817
-1.27317545832427569283504771914313	1.03034645258921081297033653590468
-1.27701615077047608728797143911363	1.03121592077867717448257442681028
-1.28087400727749418974835776214145	1.03207886433816123947767285706339
-1.28474917194941994512991227017901	1.0329351898063275579912778010544
-1.28864179064191269354716443471501	1.03378480218149493537035635873561
-1.29255201099086366894661379148917	1.03462760489194851744307224445233
-1.29647998244169223696116276356166	1.03546349976558865356856476439683
-1.30042585627929906564835797213379	1.03629238699887560390256335686677
-1.30438978565868897833636838836528	1.03711416512507077003613961629028
-1.30837192563627891743949921824934	1.03792873098174106588722986686761
-1.31237243320192036414553838607288	1.03873597967751602250567786598252
-1.31639146731165576710142178827692	1.03953580455806714862624310930503
-1.32042918892122557551684695753334	1.0403280971712923857150416871437
-1.32448576102035264408497854291212	1.04111274723168300400497906508466
-1.32856134866782462418087197813863	1.04188964258384813879763998800998
-1.33265611902740633405581978608382	1.04265866916517035581892917737641
-1.33677024140460062223814005307548	1.04341971096756570083843752658317
-1.34090388728427690177384078727279	1.04417264999834080009022969859796
-1.3450572303692153005288249485979	1.04491736624008383124038228421907
-1.34923044661957505875158981492254	1.04565373760958832944835683002677
-1.35342371429331967378904884433668	1.04638163991578367052126413719498
-1.35763721398764688990555555715358	1.04710094681661186490281180036933
-1.36187112868142569828744098958302	1.0478115297748595540650814566664
-1.36612564377869837405151338475878	1.0485132580128747391362220483619
-1.37040094715326221149104524784009	1.04920599846615923960778138482072
-1.37469722919439086640919253201342	1.04988961573579122064359179956632
-1.37901468285369952621884050347646	1.0505639720396488366568913724919
-1.38335350369321576924714782082806	1.05122892716237824454652512681861
-1.387713889934695293563693026839	1.0518843384040960572423591385029
-1.39209604251020231453322525147025	1.05253006052774952570496053695169
-1.39650016511402298629614523610585	1.05316594570513498902467640418536
-1.40092646425593892161700428933169	1.05379184346148269972452179964033
-1.40537514931591630401883924859875	1.05440760061860026238926350765449
-1.40984643260024829308990580748104	1.05501306123650308517074935731029
-1.41434052939921484744715801078356	1.05560806655349725875679406803011
-1.41885765804629343519649599925936	1.05619245492465582925267017374813
-1.42339803997899397260066902494428	1.05676606175862323136338432151713
-1.42796189980135625216592395372463	1.05732871945272333672206225683846
-1.43254946534817798291224494111808	1.05788025732627112208785418093002
-1.43716096775103445002889828336196	1.05842050155206587184150990960942
-1.44179664150614881990342117746394	1.05894927508597570753288321940751
-1.44645672454417996354645927328415	1.05946639759454875245678784605904
-1.45114145830198733386660441916835	1.05997168538061610812373386784742
-1.45585108779647444410043400942597	1.06046495130674852414565748122811
-1.46058586170053952063674107467842	1.0609460047165688645202107111871
-1.46534603242124938394466743945639	1.06141465135378009701513683325004
-1.47013185618029749493944733501883	1.06187069327886402851144910409709
-1.47494359309683748676407043037684	1.06231392878334019616677471390165
-1.47978150727277171304891708256583	1.06274415230152338173900835647511
-1.48464586688059899942962599685635	1.06316115431966681883237993030695
-1.48953694425390574419719737796188	1.06356472128239051067456718541929
-1.49445501598060320959065558356044	1.06395463549631414091606014187887
-1.49940036299901668899862964353354	1.06433067503077441341314971681887
-1.50437327069693354953314763487214	1.06469261361551394967148035178713
-1.50937402901372607685040607790534	1.06504022053523376409420898135238
-1.51440293254565815552148455097345	1.0653732605208852443338580582256
-1.51946028065451563197149138955056	1.06569149363757547427274295272647
-1.52454637757967130076510337209122	1.06599467516895275556115385654522
-1.52966153255373432536376271902021	1.06628255549793229903279308941306
-1.53480605992191869219982911767659	1.06655487998361679668999565866052
-1.53998027926527455576545010716876	1.0668113888342754871430041122539
-1.54518451552795356029994928060551	1.06705181697618396788954373007133
-1.55041909914864410531841013203456	1.06727589391820841762333960107144
-1.55568436619636850013605627353459	1.06748334361191415075477545865793
-1.5609806585108200454208676481094	1.06767388430704345271704558278536
-1.56630832384739799095450250395833	1.06784722840216186958056034351038
-1.57166771602717523152632220779326	1.06800308229026149287319656669644
-1.57705919509196698971420698248884	1.06814114619913541226765278610973
-1.58248312746474862706786712854512	1.06826111402625312287143260595001
-1.58793988611561355024762730600828	1.06836267316797555582065701335086
-1.59342985073353319232056220823842	1.06844550434278065109529357511555
-1.59895340790416275368133843399245	1.06850928140831043073529586543026
-1.60451095129393463681948644155409	1.06855367117192615980894517312969
-1.61010288184073895970213073823563	1.06857833319450963123943261656327
-1.61572960795146095853038378727301	1.06858291958719473920043189989375
-1.62139154570668766669157498130999	1.06856707480072171834175650875484
-1.62708911907289232196957070778791	1.06853043540707812074008212844868
-1.63282276012243833640283152729445	1.06847262987307904136558827107975
-1.63859290926175825315025945492776	1.06839327832551710015992080532612
-1.64440001546806579313391491752301	1.06829199230747697588218056167073
-1.65024453653500042732821999554033	1.06816837452543654578947936140035
-1.65612693932762516572230335373508	1.06802201858669141029955355683038
-1.66204770004718559956009240767643	1.06785250872664787455123299320439
-1.6680073045061202627238595620316	1.06765941952552959902481966506553
-1.67400624841378355951003309712605	1.06744231561394632064523763014519
-1.68004503767339276847154138489105	1.067200751366821687737771015556
-1.68612418869075601782104982430899	1.06693427058508312323181499497276
-1.69224422869532673104698600693152	1.06664240616453242828850223467842
-1.69840569607420842423811971571962	1.06632467975123657557044412754301
-1.70460914071973108614074951423966	1.06598060138278346711152298422396
-1.71085512439128014804256598396519	1.0656096691146760658172771055303
-1.71714422109209827780224066071435	1.06521136863110278390577475857972
-1.72347701746179949576209806121656	1.06478517283928631232850873687368
-1.72985411318541697777676215936251	1.06433054144655829894116681863544
-1.73627612141981761644472810637987	1.06384692051924614312941716285949
-1.74274366923840184724528685198911	1.06333374202241469185704127811386
-1.74925739809502330991304318731297	1.06279042333943456971464073553643
-1.75581796430817947613352886843482	1.06221636677030708840702201310591
-1.76242603956651477122544798612694	1.06161095900756202270209033015932
-1.76908231145682037656497828987472	1.0609735705885131191407939876435
-1.77578748401573164979409299484488	1.06030355532256954151076862430701
-1.78254227830643396210717482485132	1.05960024969218052916149496610787
-1.78934743302177120135177546654148	1.05886297222594536000229210804629
-1.79620370511522072705430147570051	1.05809102284228584428332492777251
-1.80311187046132205886297974187848	1.0572836821619938526718392107146
-1.81007272454724771057722716921019	1.05644021078782962852429747261058
-1.81708708319730374002196771453988	1.05555984854923968666275897366628
-1.82415578333229710220961758855994	1.05464181371012668935380228363387
-1.83127968376580650428854320337794	1.05368530213742340588637925816878
-1.83845966603957753967185530434841	1.0526894864281399858361658076222
-1.84569663530039181830578885950329	1.05165351499227794781338814206282
-1.85299152122092907885870969715295	1.05057651108892820277198663788198
-1.86034527896735034849279883170472	1.04945757181258382558841874772782
-1.86775889021648898378606508906491	1.04829576702651584522580168202248
-1.87523336422579820155664596442381	1.04709013823983701615795333597626
-1.88276973895940317383078212595011	1.04583969742458488078278294478631
-1.89036908227386971326535076429992	1.04454342576889229141851458989766
-1.89803249316760116506296369101627	1.04320027236202190029077023160912
-1.90576110309803962955163406507072	1.04180915280667028222010311555692
-1.91355607737122147232780649355284	1.04036894775362767507267508799647
-1.92141861660855850219020619993605	1.03887850135342268783563648767525
-1.92934995829614040574842351435456	1.0373366196192192032808534172439
-1.93735137842227549333224198366603	1.03574206869468353854550816356149
-1.94542419320944755165553978170587	1.03409357302004941912384897764005
-1.95356976094741329604592893902396	1.03238981338904859168201102050425
-1.96178948393470679439665811470784	1.03062942488870749267856692844248
-1.97008481053646285100465137243957	1.02881099471332321255381281241048
-1.97845723736714789033715700486764	1.02693305984319927432818543058973
-1.98690831160755665465293205491551	1.02499410457782734678266321954103
-1.99543963346626010408265651333468	1.02299255791230109062661882013238
-2.00405285879663074473686893795944	1.02092679074469668679078862693821
-2.01274970188156675709391195844821	1.01879511290103766816982596283948
-2.0215319383992162143613777939306	1.01659576996314881564742590277786
-2.03040140858420508886008074918838	1.01432693988335287709176707203444
-2.03936002060032059401524947233857	1.01198672936834692487131416128139
-2.04840975414210890401888698163335	1.00957317001289111369178504728
-2.05755266428463682987973469698401	1.00708421416195524505543386180831
-2.06679088560251082569045764606227	1.00451773047786414142123277765068
-2.07612663658152318822035985557833	1.00187149918646032080384609995025
-2.08556222434857744419950033987436	0.999143206973665328274649507848978
-2.09510004974839938099428262707312	0.996330441500695324378230498981357
-2.1047426127984419611485582653472	0.993430685502788308229181791709205
-2.1144925185569540840851123258323	0.990441310432392702774013308168241
-2.12435248344294002915236036841277	0.987359569603397553405773335883035
-2.13432534205116708232609080109857	0.98418259078804109226067299570696
-2.14441405451030968131784448779863	0.980907368212493841372696064518458
-2.15462171443790974304943058056479	0.977530753890736612947609468921267
-2.16495155755221984685728382344425	0.9740494482291272766002176078001
-2.17540697100827002174375141759043	0.970459989825679032061099273350229
-2.18599150353377350831093087409536	0.966758744378691554533715569861743
-2.19670887644999746531087734525202	0.962941892608431360462320404051489
-2.20756299567362303946205575172101	0.959005417083089204031544996123774
-2.21855796480814167983262689892329	0.95494508782588740100863809842154
-2.22969809944782178497808510500654	0.950756446563506828158998911084097
-2.24098794283398892073489084794786	0.94643478945681365855576642539373
-2.25243228302277442019784207855452	0.941975148132436543076909893105365
-2.26403617174609146276582248947062	0.937372268807634259970051426841666
-2.27580494517393044703155244600031	0.932620589270485165553098685349694
-2.28774424681694574996965511184585	0.927714213441509387186596227411294
-2.29986005284459163002926758247821	0.922646883200867498017752211286721
-2.31215870013680001751883812505756	0.917411947115428419607326734061106
-2.32464691743784973907570877535557	0.912002325641093169442483471762098
-2.33733186004118073053696841301204	0.906410472305547291212161796681134
-2.35022114850571129873290484413447	0.900628330292722130332683261038301
-2.36332291199010834862916781051813	0.894647283749605860443192754045201
-2.37664583689498125645968701306332	0.888458103014625736287934919649693
-2.39019922162802058691666681537379	0.882050882819808143311191493336868
-2.40399303845911212356727188961803	0.875414972339973854618105852419413
-2.41803800361814307126014643364902	0.86853889574312626221705172308809
-2.43234565701625361083404140227616	0.861410261626738844154018746753731
-2.44692845325306134896423167522255	0.854015659391016685072490864392843
-2.46179986592263892051599026810991	0.846340540184734049376867882558327
-2.47697450766928341802135016295087	0.838369079538488510116877392717996
-2.49246826899640252597731124563825	0.83008401814266688952993998419497
-2.5082984795328488730074888009705	0.821466476391417011494253777619439
-2.52448409635809648359157162163941	0.812495737242013035027032803018451
-2.54104592514516060943199782461098	0.803148990553627148746511311045135
-2.55800688138758018066229328192943	0.793401030261994706145761329100068
-2.57539230095888721820862377137984	0.783223893365811786285182779806037
-2.59323031188720622605690287052275	0.772586426531406009745853652521538
-2.61155228276816464516978735938096	0.761453761855621740907268944955534
-2.6303933680574068161605274041188	0.74978667751149839276210109467511
-2.64979317712919337960506184365933	0.737540810968689507274469493434995
-2.66979660328811525076096846693303	0.724665681221890665517052166971015
-2.69045486214934051949898440147727	0.71110346042569368898453878927345
-2.71182680795415233422715129455933	0.696787412090567623124131353480586
-2.73398062466439893838353376668836	0.681639878636382330344088147823671
-2.75699603135344856557589316184317	0.665569649195029434390938456087746
-2.78096720741225135285644698511319	0.648468458204480088980934707358711
-2.80600674803623809254531674242578	0.630206237480032288778002940360748
-2.83225113268107004790958074593808	0.610624534509194400341712688246769
-2.8598684822365876128010790315156	0.589527152330250459209923093253289
-2.88906990083125845212114967143727	0.566666431884685210710436663167816
-2.92012666846660007270742478789014	0.541722414217322572653641221636819
-2.95339747161242781258099223689816	0.514269777333845950882765408857054
-2.98937394896178357475843127985139	0.483722456984413958608442859374666
-3.02876237129298482224757025352942	0.449234238094784861215610714937442
-3.07264434381919648983694929784227	0.409503097007646768894037484531162
-3.12283692954379216262690021922311	0.36233287158769092572680158234207
-3.18287790306490050089174917877961	0.303435319621356095341453953543735
-3.26189984674668290634956604682521	0.221728276204827042853495829914291
