0.5826438030332974	-0.2812981134351027
0.5824296705673010	-0.2813067892657534
0.5822157591080460	-0.2813154217287142
0.5820020682385217	-0.2813240109324019
0.5817885975427329	-0.2813325569850417
0.5815753466058884	-0.2813410599945254
0.5813623150145391	-0.2813495200682667
0.5811495023562169	-0.2813579373134477
0.5809369082198104	-0.2813663118367536
0.5807245321950231	-0.2813746437448534
0.5805123738729473	-0.2813829331435335
0.5803004328458828	-0.2813911801387755
0.5800887087070640	-0.2813993848358233
0.5798772010510488	-0.2814075473400064
0.5796659094734834	-0.2814156677555281
0.5794548335709302	-0.2814237461872402
0.5792439729413130	-0.2814317827389637
0.5790333271836784	-0.2814397775144995
0.5788228958979582	-0.2814477306171608
0.5786126786856338	-0.2814556421498879
0.5784026751488761	-0.2814635122155458
0.5781928848907859	-0.2814713409164464
0.5779833075163170	-0.2814791283545990
0.5777739426308073	-0.2814868746315253
0.5775647898411089	-0.2814945798490536
0.5773558487548645	-0.2815022441076120
0.5771471189811663	-0.2815098675090927
0.5769386001292557	-0.2815174501527352
0.5767302918113569	-0.2815249921387013
0.5765221936385259	-0.2815324935671444
0.5763143052241850	-0.2815399545374621
0.5761066261827956	-0.2815473751487890
0.5758991561293282	-0.2815547554998890
0.5756918946802390	-0.2815620956892638
0.5754848414528252	-0.2815693958146246
0.5752779960655496	-0.2815766559749039
0.5750713581379570	-0.2815838762667522
0.5748649272903952	-0.2815910567877313
0.5746587031444900	-0.2815981976346120
0.5744526853232764	-0.2816052989038673
0.5742468734488599	-0.2816123606929063
0.5740412671474150	-0.2816193830964794
0.5738358660440189	-0.2816263662106968
0.5736306697651866	-0.2816333101308736
0.5734256779385515	-0.2816402149527426
0.5732208901936484	-0.2816470807692995
0.5730163061596996	-0.2816539076784497
0.5728119254659418	-0.2816606957705545
0.5726077477460270	-0.2816674451417873
0.5724037726314063	-0.2816741558858055
0.5721999997570443	-0.2816808280944078
0.5719964287564135	-0.2816874618617980
0.5717930592654565	-0.2816940572805271
0.5715898909209677	-0.2817006144431230
0.5713869233603234	-0.2817071334411857
0.5711841562223446	-0.2817136143677383
0.5709815891458651	-0.2817200573131890
0.5707792217723752	-0.2817264623689852
0.5705770537428280	-0.2817328296266539
0.5703750847002369	-0.2817391591756256
0.5701733142869342	-0.2817454511081504
0.5699717421480875	-0.2817517055134194
0.5697703679286171	-0.2817579224812071
0.5695691912746428	-0.2817641021015219
0.5693682118336802	-0.2817702444631752
0.5691674292534112	-0.2817763496562204
0.5689668431836502	-0.2817824177686701
0.5687664532731700	-0.2817884488871150
0.5685662591737747	-0.2817944431030826
0.5683662605370684	-0.2818004005027139
0.5681664570160277	-0.2818063211740524
0.5679668482639020	-0.2818122052043160
0.5677674339355721	-0.2818180526809251
0.5675682136861632	-0.2818238636906458
0.5673691871725229	-0.2818296383205580
0.5671703540517661	-0.2818353766543115
0.5669717139832440	-0.2818410787818927
0.5667732666219002	-0.2818467447863449
0.5665750116340954	-0.2818523747532223
0.5663769486761253	-0.2818579687693491
0.5661790774109955	-0.2818635269189194
0.5659813975016145	-0.2818690492865866
0.5657839086112882	-0.2818745359567802
0.5655866104048706	-0.2818799870140849
0.5653895025470673	-0.2818854025421295
0.5651925847041986	-0.2818907826239855
0.5649958565448719	-0.2818961273444764
0.5647993177345983	-0.2819014367867705
0.5646029679428149	-0.2819067110312035
0.5644068068400119	-0.2819119501632655
0.5642108340964433	-0.2819171542642541
0.5640150493834534	-0.2819223234168046
0.5638194523733150	-0.2819274577022686
0.5636240427384944	-0.2819325572028034
0.5634288201534494	-0.2819376219998198
0.5632337842934121	-0.2819426521737358
0.5630389348328004	-0.2819476478073412
0.5628442714506305	-0.2819526089793179
0.5626497938191376	-0.2819575357700612
0.5624555016222561	-0.2819624282603442
0.5622613945351099	-0.2819672865308043
0.5620674722389570	-0.2819721106606746
0.5618737344140390	-0.2819769007294476
0.5616801807418238	-0.2819816568165679
0.5614868109049785	-0.2819863790009460
0.5612936245852359	-0.2819910673605444
0.5611006214675986	-0.2819957219740669
0.5609078012369231	-0.2820003429222660
0.5607151635775518	-0.2820049302800483
0.5605227081781098	-0.2820094841236785
0.5603304347231380	-0.2820140045354547
0.5601383429015194	-0.2820184915906540
0.5599464324018275	-0.2820229453665458
0.5597547029133896	-0.2820273659392709
0.5595631541268120	-0.2820317533858763
0.5593717857339803	-0.2820361077841451
0.5591805974245181	-0.2820404292087655
0.5589895888925176	-0.2820447177342901
0.5587987598323146	-0.2820489734399408
0.5586081099312883	-0.2820531964005231
0.5584176388985786	-0.2820573866869139
0.5582273464175315	-0.2820615443791244
0.5580372321886745	-0.2820656695503131
0.5578472959090243	-0.2820697622754307
0.5576575372766149	-0.2820738226283688
0.5574679559910676	-0.2820778506832016
0.5572785517499449	-0.2820818465154491
0.5570893242572078	-0.2820858101947822
0.5569002732081338	-0.2820897418004857
0.5567113983091599	-0.2820936414048176
0.5565226992619583	-0.2820975090738003
0.5563341757689869	-0.2821013448878913
0.5561458275351014	-0.2821051489170998
0.5559576542647049	-0.2821089212343661
0.5557696556636346	-0.2821126619118726
0.5555818314386762	-0.2821163710202690
0.5553941812940448	-0.2821200486329311
0.5552067049408446	-0.2821236948224383
0.5550194020862825	-0.2821273096584759
0.5548322724386661	-0.2821308932111150
0.5546453157079129	-0.2821344455523652
0.5544585316064877	-0.2821379667537957
0.5542719198443032	-0.2821414568857078
0.5540854801338145	-0.2821449160180945
0.5538992121873502	-0.2821483442220560
0.5537131157202363	-0.2821517415669356
0.5535271904431726	-0.2821551081197340
0.5533414360753777	-0.2821584439547026
0.5531558523273292	-0.2821617491356415
0.5529704389240170	-0.2821650237335831
0.5527851955704428	-0.2821682678259768
0.5526001219929082	-0.2821714814705977
0.5524152179072981	-0.2821746647391557
0.5522304830329462	-0.2821778177010577
0.5520459170890725	-0.2821809404231633
0.5518615197983663	-0.2821840329756419
0.5516772908772921	-0.2821870954240037
0.5514932300546491	-0.2821901278359648
0.5513093370432928	-0.2821931302795959
0.5511256115789180	-0.2821961028198299
0.5509420533749336	-0.2821990455258991
0.5507586621605710	-0.2822019584652660
0.5505754376601388	-0.2822048417030555
0.5503923795992272	-0.2822076953063449
0.5502094877050496	-0.2822105193412868
0.5500267617035615	-0.2822133138727990
0.5498442013243839	-0.2822160789670356
0.5496618062953985	-0.2822188146885429
0.5494795763475964	-0.2822215211109821
0.5492975112054602	-0.2822241982874080
0.5491156106053752	-0.2822268462846911
0.5489338742759851	-0.2822294651753129
0.5487523019495165	-0.2822320550193772
0.5485708933580145	-0.2822346158816032
0.5483896482357651	-0.2822371478264964
0.5482085663154346	-0.2822396509182620
0.5480276473304480	-0.2822421252218318
0.5478468910176375	-0.2822445707969432
0.5476662971153691	-0.2822469877156125
0.5474858653509548	-0.2822493760274276
0.5473055954748023	-0.2822517358087337
0.5471254872135384	-0.2822540671171001
0.5469455403087773	-0.2822563700157251
0.5467657545005115	-0.2822586445676794
0.5465861295266256	-0.2822608908362531
0.5464066651277443	-0.2822631088816245
0.5462273610453217	-0.2822652987671408
0.5460482170235696	-0.2822674605503970
0.5458692327902835	-0.2822695943079205
0.5456904081157827	-0.2822717000775295
0.5455117427103707	-0.2822737779457036
0.5453332363399820	-0.2822758279574091
0.5451548887437062	-0.2822778501782596
0.5449766996658190	-0.2822798446694044
0.5447986688511604	-0.2822818114911217
0.5446207960485616	-0.2822837507049356
0.5444430809994667	-0.2822856623685890
0.5442655234592921	-0.2822875465493465
0.5440881231724689	-0.2822894032981618
0.5439108798824022	-0.2822912326755868
0.5437337933458285	-0.2822930347506864
0.5435568633089719	-0.2822948095754050
0.5433800895236370	-0.2822965572105674
0.5432034717400599	-0.2822982777156404
0.5430270097101818	-0.2822999711497792
0.5428507031856582	-0.2823016375739907
0.5426745519196186	-0.2823032770401836
0.5424985556642369	-0.2823048896137219
0.5423227141827357	-0.2823064753499260
0.5421470272082094	-0.2823080343122428
0.5419714945194243	-0.2823095665502792
0.5417961158583292	-0.2823110721275707
0.5416208909849967	-0.2823125510997733
0.5414458196554600	-0.2823140035257541
0.5412709016288026	-0.2823154294618989
0.5410961366628196	-0.2823168289673316
0.5409215245116534	-0.2823182020983869
0.5407470649356159	-0.2823195489069208
0.5405727577036283	-0.2823208694594107
0.5403986025663936	-0.2823221638128400
0.5402245992834366	-0.2823234320014369
0.5400507476215813	-0.2823246741070017
0.5398770473409379	-0.2823258901779685
0.5397034982033658	-0.2823270802685921
0.5395300999734464	-0.2823282444340693
0.5393568524114566	-0.2823293827350104
0.5391837552855971	-0.2823304952207138
0.5390108083607575	-0.2823315819499021
0.5388380113975660	-0.2823326429770283
0.5386653641575160	-0.2823336783624887
0.5384928664195406	-0.2823346881492829
0.5383205179425709	-0.2823356724018608
0.5381483184963338	-0.2823366311719434
0.5379762678479147	-0.2823375645153337
0.5378043657648049	-0.2823384724836020
0.5376326120185325	-0.2823393551328468
0.5374610063753691	-0.2823402125159308
0.5372895486124246	-0.2823410446900698
0.5371182384844382	-0.2823418517075884
0.5369470757862789	-0.2823426336210170
0.5367760602600538	-0.2823433904827327
0.5366051917014569	-0.2823441223475379
0.5364344698756400	-0.2823448292683037
0.5362638945549091	-0.2823455112988987
0.5360934655128282	-0.2823461684906990
0.5359231825255127	-0.2823468008986473
0.5357530453670335	-0.2823474085678580
0.5355830538114303	-0.2823479915671402
0.5354132076239493	-0.2823485499411090
0.5352435066081037	-0.2823490837210345
0.5350739505208774	-0.2823495929880100
0.5349045391398727	-0.2823500777833283
0.5347352722469561	-0.2823505381587550
0.5345661496181691	-0.2823509741652427
0.5343971710338554	-0.2823513858542193
0.5342283362693703	-0.2823517732762217
0.5340596451184615	-0.2823521364876023
0.5338910973464960	-0.2823524755331125
0.5337226927226002	-0.2823527904662157
0.5335544310715521	-0.2823530813403410
0.5333863121305865	-0.2823533482008145
0.5332183357025635	-0.2823535911013159
0.5330505015668366	-0.2823538100918237
0.5328828095049035	-0.2823540052219913
0.5327152593033210	-0.2823541765437181
0.5325478507450638	-0.2823543241018870
0.5323805836119812	-0.2823544479519599
0.5322134576902079	-0.2823545481427323
0.5320464727741785	-0.2823546247334840
0.5318796286440702	-0.2823546777486764
0.5317129250812590	-0.2823547072496426
0.5315463618762779	-0.2823547132931092
0.5313799388173341	-0.2823546959232016
0.5312136556929165	-0.2823546551873269
0.5310475122913523	-0.2823545911387028
0.5308815084011554	-0.2823545038203282
0.5307156438159017	-0.2823543932830702
0.5305499183206763	-0.2823542595723106
0.5303843316960641	-0.2823541027484741
0.5302188837632735	-0.2823539228298870
0.5300535742685091	-0.2823537199109699
0.5298884030423944	-0.2823534940026228
0.5297233698628218	-0.2823532451638533
0.5295584745230741	-0.2823529734418500
0.5293937168168359	-0.2823526788854633
0.5292290965385188	-0.2823523615388764
0.5290646134841663	-0.2823520214512001
0.5289002674402591	-0.2823516586676488
0.5287360581999164	-0.2823512732533494
0.5285719855678513	-0.2823508652240704
0.5284080493543251	-0.2823504346471221
0.5282442493270170	-0.2823499815620444
0.5280805852956874	-0.2823495060187019
0.5279170570545052	-0.2823490080618722
0.5277536644060024	-0.2823484877400808
0.5275904071421301	-0.2823479450941872
0.5274272850710920	-0.2823473801663915
0.5272642979753940	-0.2823467930303982
0.5271014456685035	-0.2823461836871271
0.5269387279483455	-0.2823455522138903
0.5267761446173272	-0.2823448986545942
0.5266136954663521	-0.2823442230451014
0.5264513803040503	-0.2823435254340501
0.5262891989296218	-0.2823428058671397
0.5261271511452518	-0.2823420643887073
0.5259652367574345	-0.2823413010490565
0.5258034555634139	-0.2823405158850033
0.5256418073749887	-0.2823397089473119
0.5254802919847810	-0.2823388802757333
0.5253189091789118	-0.2823380299126688
0.5251576588198952	-0.2823371579018385
0.5249965406643590	-0.2823362643003049
0.5248355545321800	-0.2823353491410615
0.5246747002270955	-0.2823344124728480
0.5245139775611672	-0.2823334543370135
0.5243533863338645	-0.2823324747832476
0.5241929263575774	-0.2823314738451414
0.5240325974401749	-0.2823304515695727
0.5238723993613061	-0.2823294080221515
0.5237123319905022	-0.2823283431934325
0.5235523950816180	-0.2823272571719377
0.5233925884684482	-0.2823261499901307
0.5232329119553856	-0.2823250216903415
0.5230733653528346	-0.2823238723115589
0.5229139484720903	-0.2823227018986640
0.5227546611258214	-0.2823215104972713
0.5225955031202112	-0.2823202981422600
0.5224364742587523	-0.2823190648877921
0.5222775743720049	-0.2823178107740651
0.5221188032663207	-0.2823165358320878
0.5219601607520452	-0.2823152401020203
0.5218016466420794	-0.2823139236429824
0.5216432607535438	-0.2823125864899030
0.5214850028966207	-0.2823112286810018
0.5213268728879341	-0.2823098502592058
0.5211688705335479	-0.2823084512742762
0.5210109956745302	-0.2823070317542101
0.5208532480871449	-0.2823055917384950
0.5206956276169444	-0.2823041312976665
0.5205381340874293	-0.2823026504377023
0.5203807669833366	-0.2823011502579922
0.5202235270458920	-0.2822996276715171
0.5200664131827435	-0.2822980858451559
0.5199094255181528	-0.2822965237790330
0.5197525638697127	-0.2822949415124390
0.5195958280528421	-0.2822933390880507
0.5194392178765526	-0.2822917165339033
0.5192827331950181	-0.2822900739179763
0.5191263737525745	-0.2822884112463441
0.5189701394787918	-0.2822867286078885
0.5188140304925267	-0.2822850267967171
0.5186580448514088	-0.2822833052430529
0.5185021854780454	-0.2822815610002785
0.5183464498419494	-0.2822797987417158
0.5181908384232257	-0.2822780166769864
0.5180353510464164	-0.2822762148619918
0.5178799875300673	-0.2822743933187766
0.5177247477002808	-0.2822725521095136
0.5175696313668806	-0.2822706912458149
0.5174146383854957	-0.2822688107545032
0.5172597668519940	-0.2822669115508816
0.5171050211961864	-0.2822649925290711
0.5169503977180796	-0.2822630521523416
0.5167958963277036	-0.2822610936691172
0.5166415173926117	-0.2822591157736274
0.5164872607392245	-0.2822571185071136
0.5163331262161033	-0.2822551019145201
0.5161791136168578	-0.2822530660135061
0.5160252228066752	-0.2822510108920286
0.5158714535739999	-0.2822489365388600
0.5157178057679693	-0.2822468429739100
0.5155642758450024	-0.2822447304106122
0.5154108737419238	-0.2822425985113081
0.5152575891773239	-0.2822404476615231
0.5151044253561440	-0.2822382777881290
0.5149513820944173	-0.2822360889235285
0.5147984592456488	-0.2822338811041277
0.5146456566151139	-0.2822316543733255
0.5144929740280759	-0.2822294087642605
0.5143404113868272	-0.2822271443077518
0.5141879663119834	-0.2822248619763079
0.5140356450226139	-0.2822225590471227
0.5138834410147307	-0.2822202383007101
0.5137313562282322	-0.2822178988603520
0.5135793904860005	-0.2822155407701254
0.5134275436293982	-0.2822131640573924
0.5132758154993805	-0.2822107687652005
0.5131242059337368	-0.2822083549148504
0.5129727147408339	-0.2822059225601216
0.5128213417612306	-0.2822034717739828
0.5126700854628365	-0.2822010043916358
0.5125189542385536	-0.2821985179856364
0.5123679305569503	-0.2821960088233996
0.5122170288371242	-0.2821934844697841
0.5120662445100588	-0.2821909418320873
0.5119155774270190	-0.2821883809290563
0.5117650274319505	-0.2821858018051333
0.5116145943241841	-0.2821832045150170
0.5114642779412809	-0.2821805890635890
0.5113140781998663	-0.2821779555063038
0.5111639945772651	-0.2821753062601299
0.5110140266852730	-0.2821726352524001
0.5108641768378345	-0.2821699464537360
0.5107144418073629	-0.2821672407836008
0.5105648225634760	-0.2821645171649929
0.5104153189423342	-0.2821617756515926
0.5102659307963968	-0.2821590162826687
0.5101166579419627	-0.2821562390728493
0.5099675001988732	-0.2821534440223247
0.5098184575230970	-0.2821506312942187
0.5096695292158869	-0.2821478039045495
0.5095207092715726	-0.2821449542808884
0.5093720176533263	-0.2821420866908766
0.5092234332921038	-0.2821392032008975
0.5090749631272335	-0.2821363021145246
0.5089266069873286	-0.2821333834806493
0.5087783647630444	-0.2821304473021232
0.5086302361947775	-0.2821274936406102
0.5084822213147964	-0.2821245225790507
0.5083343197321862	-0.2821215339632067
0.5081865337437584	-0.2821185294956075
0.5080388511965205	-0.2821155032368235
0.5078912803629331	-0.2821124706010447
0.5077438446792498	-0.2821094062948979
0.5075965078939704	-0.2821063311453763
0.5074492836015799	-0.2821032387838867
0.5073021716594102	-0.2821001292358424
0.5071551718603240	-0.2820970024921294
0.5070082841551151	-0.2820938586376577
0.5068615082499333	-0.2820906977175611
0.5067148454982248	-0.2820875224410521
0.5065682870670899	-0.2820843299412263
0.5064218259700973	-0.2820811188807981
0.5062755123475599	-0.2820778951389045
0.5061292970834629	-0.2820746518709251
0.5059831939729664	-0.2820713751501439
0.5058371969767637	-0.2820680954967638
0.5056913106752691	-0.2820647990175409
0.5055455348739170	-0.2820614858196193
0.5053998694606707	-0.2820581557207748
0.5052543120744062	-0.2820548139293736
0.5051088674588684	-0.2820514441829272
0.5049635033446120	-0.2820480793389825
0.5048182793929684	-0.2820446774051157
0.5046731770023297	-0.2820412700052479
0.5045281675986714	-0.2820378304341435
0.5043832893202315	-0.2820343788102782
0.5042385014839713	-0.2820309158663982
0.5040937955662121	-0.2820274207952109
0.5039492527150236	-0.2820239405571416
0.5038047900804250	-0.2820204275090508
0.5036604388962780	-0.2820168994631279
0.5035161671148632	-0.2820133517158732
0.5033720277483876	-0.2820098029828193
0.5032280079889458	-0.2820062505555460
0.5030841119074420	-0.2820026213382427
0.5029403001704549	-0.2819990111846588
0.5027965961105478	-0.2819953848690734
0.5026529996851387	-0.2819917422358222
0.5025095107431962	-0.2819880835775797
0.5023661351109530	-0.2819844121314947
0.5022228541287265	-0.2819807211657820
0.5020796885080252	-0.2819770110188347
0.5019365959430979	-0.2819732834386425
0.5017936281096623	-0.2819695570069661
0.5016508116164052	-0.2819658484752542
0.5015080839346842	-0.2819620236696186
0.5013653644968746	-0.2819582301880080
0.5012229207529555	-0.2819544344537129
0.5010804983267900	-0.2819506162586107
0.5009381864453263	-0.2819467808250462
0.5007959685933124	-0.2819429452422315
0.5006538582511153	-0.2819390496519817
0.5005118367289010	-0.2819352129168814
0.5003699095391051	-0.2819313174705015
0.5002280926002135	-0.2819273594812108
0.5000864708835623	-0.2819233896931722
0.4999449184961992	-0.2819195030112553
0.4998033521871981	-0.2819156625036577
0.4996620738196214	-0.2819115684528567
0.4995208103020313	-0.2819075731257021
0.4993796382826717	-0.2819035685690544
0.4992385889271855	-0.2818995556286111
0.4990976008828020	-0.2818955151787490
0.4989567681194871	-0.2818914829761264
0.4988159949685791	-0.2818874221042538
0.4986752871774965	-0.2818833998341529
0.4985348971997428	-0.2818791281785891
0.4983943689511000	-0.2818751825730955
0.4982540219749798	-0.2818711187430272
0.4981138752381921	-0.2818668350494000
0.4979737314531373	-0.2818626537301939
0.4978337228274251	-0.2818585075990798
0.4976938095309839	-0.2818543635224128
0.4975539737435929	-0.2818501356759061
0.4974142312892196	-0.2818459024758933
0.4972745731358847	-0.2818416522457071
0.4971351125936322	-0.2818374423208121
0.4969955480783309	-0.2818331055878010
0.4968564838489341	-0.2818290730186325
0.4967172232024794	-0.2818245626161272
0.4965781364580248	-0.2818202410156045
0.4964391658322125	-0.2818159219904719
0.4963001735935202	-0.2818115321106888
0.4961613533550277	-0.2818072063601064
0.4960227068146267	-0.2818029856659601
0.4958841340382769	-0.2817984614755590
0.4957455508510833	-0.2817939367329131
0.4956070066241525	-0.2817898078683923
0.4954688384641417	-0.2817853953111012
0.4953307403217531	-0.2817808094629309
0.4951926565610887	-0.2817763346750935
0.4950546805410978	-0.2817718929020555
0.4949166178759548	-0.2817673955393946
0.4947789624583969	-0.2817629043113591
0.4946411181937795	-0.2817583108189494
0.4945037241032946	-0.2817539898663612
0.4943661016689490	-0.2817493776263914
0.4942285096576574	-0.2817448491567708
0.4940912593665535	-0.2817399848957500
0.4939543178525280	-0.2817355762872674
0.4938172034786789	-0.2817309647132611
0.4936802412977676	-0.2817263693680627
0.4935432766462626	-0.2817217243608081
0.4934064718539792	-0.2817170745733912
0.4932699076283262	-0.2817124827381123
0.4931332432620322	-0.2817075781878050
0.4929966702193670	-0.2817031286088846
0.4928601330649374	-0.2816983633833640
0.4927238975873314	-0.2816933682207531
0.4925877760045024	-0.2816888912524997
0.4924516350077087	-0.2816841622087272
0.4923156140146299	-0.2816793942248499
0.4921796907925667	-0.2816747389005718
0.4920438623475772	-0.2816698253332248
0.4919080954598538	-0.2816650178334454
0.4917726216341795	-0.2816601470924505
0.4916370601110581	-0.2816556896779958
0.4915015889665126	-0.2816501945895917
0.4913661477038486	-0.2816457593124405
0.4912310208057763	-0.2816408159674132
0.4910958764318074	-0.2816359485028054
0.4909607905240228	-0.2816310306356978
0.4908258440103077	-0.2816261799678619
0.4906909514274181	-0.2816211777004918
0.4905562562268757	-0.2816161390107490
0.4904214370184662	-0.2816110950765789
0.4902868197066119	-0.2816060938049215
0.4901526636790798	-0.2816012131396513
0.4900179205334453	-0.2815964947144751
0.4898838983736138	-0.2815913715423976
0.4897497080867500	-0.2815863430106459
0.4896156019633966	-0.2815814159259412
0.4894815964621732	-0.2815763559201496
0.4893476954855745	-0.2815710904648439
0.4892139728483902	-0.2815661657890229
0.4890799566526980	-0.2815613800027907
0.4889466616726860	-0.2815561340837514
0.4888132829163109	-0.2815506704210110
0.4886796945675412	-0.2815457684501531
0.4885463347765666	-0.2815405617396954
0.4884131131586200	-0.2815354743188269
0.4882799608171928	-0.2815301176247204
0.4881467315682512	-0.2815251294270059
0.4880137382134979	-0.2815197705393456
0.4878811210900019	-0.2815143626055733
0.4877482597344076	-0.2815092191444850
0.4876158208212263	-0.2815038793030904
0.4874832989459877	-0.2814991067995309
0.4873501491356524	-0.2814935332409992
0.4872181961474766	-0.2814884353498180
0.4870859170520241	-0.2814830875248140
0.4869536786789284	-0.2814777685361532
0.4868215306538549	-0.2814725885401900
0.4866894466205642	-0.2814673506336358
0.4865575657467781	-0.2814612523674832
0.4864258810985876	-0.2814562012911972
0.4862938591685581	-0.2814509819169279
0.4861622910262370	-0.2814455006377096
0.4860299532739846	-0.2814412953900679
0.4858900575183866	-0.2814363089599407
0.4857679493244419	-0.2814294550312421
0.4856367447692839	-0.2814242963245236
0.4855054573072786	-0.2814184957387579
0.4853743395367149	-0.2814130151735936
0.4852437004345515	-0.2814072492949951
0.4851123712651068	-0.2814021978085299
0.4849810552262878	-0.2813965568996127
0.4848512521423076	-0.2813912783897383
0.4847201548490775	-0.2813853806607886
0.4845895454093745	-0.2813802243489437
0.4844450440639287	-0.2813739927254995
0.4843288630321921	-0.2813693690048449
0.4841985538636667	-0.2813637151085531
0.4840679017056103	-0.2813579212501484
0.4839383655470897	-0.2813521685123102
0.4838089691262612	-0.2813469320776983
0.4836783563757898	-0.2813415312275031
0.4835477336620717	-0.2813353378036394
0.4834187270280885	-0.2813304066174648
0.4832890333003624	-0.2813241397379466
0.4831445319549165	-0.2813179081145025
0.4830300905374587	-0.2813127539171519
0.4829005351002667	-0.2813070892014903
0.4827710543658216	-0.2813016281847402
0.4826425830037547	-0.2812957798861727
0.4825131576255328	-0.2812896539143273
0.4823838865536123	-0.2812849939077625
0.4822549395497068	-0.2812784895433929
0.4821257895311558	-0.2812722261326566
0.4819885211913503	-0.2812680551269496
0.4818440198459044	-0.2812618235035055
0.4816995185004587	-0.2812555918800613
0.4816110384050183	-0.2812497133250833
0.4814830571846474	-0.2812430379799143
0.4813542104479821	-0.2812375449755718
0.4812271333885179	-0.2812325384740216
0.4810981260506768	-0.2812246875291078
0.4809706320667919	-0.2812211631342765
0.4808422671377728	-0.2812133134207842
0.4806880090823382	-0.2812119705159525
0.4805435077368924	-0.2812057388925084
0.4803990063914466	-0.2811995072690643
0.4802545050460008	-0.2811932756456202
0.4802037307842628	-0.2811848511254131
0.4800760717620070	-0.2811782049539346
0.4799486849898758	-0.2811720865418261
0.4798212440053290	-0.2811671439145094
0.4796945445426172	-0.2811598082094069
0.4795670479763739	-0.2811521312026674
0.4793874969733261	-0.2811558859049555
0.4792429956278803	-0.2811496542815114
0.4790984942824345	-0.2811434226580672
0.4789539929369887	-0.2811371910346231
0.4788094915915429	-0.2811309594111790
0.4786649902460971	-0.2811247277877349
0.4785204889006514	-0.2811184961642908
0.4783759875552055	-0.2811122645408467
0.4782314862097597	-0.2811060329174025
0.4780869848643139	-0.2810998012939585
0.4780869848643139	-0.2810998012939585
0.4779424835188681	-0.2810935696705143
0.4777979821734223	-0.2810873380470702
0.4776534808279767	-0.2810811064236261
0.4775089794825308	-0.2810748748001820
0.4773644781370850	-0.2810686431767379
0.4772199767916392	-0.2810624115532938
0.4770754754461934	-0.2810561799298497
0.4769309741007476	-0.2810499483064055
0.4767864727553018	-0.2810437166829614
0.4767864727553018	-0.2810437166829614
0.4766419714098560	-0.2810374850595173
0.4764974700644103	-0.2810312534360732
0.4763529687189645	-0.2810250218126291
0.4762084673735186	-0.2810187901891850
0.4760639660280729	-0.2810125585657408
0.4759194646826271	-0.2810063269422967
0.4757749633371813	-0.2810000953188526
0.4756304619917355	-0.2809938636954085
0.4754859606462897	-0.2809876320719644
0.4754859606462897	-0.2809876320719644
0.4753414593008439	-0.2809814004485203
0.4751969579553981	-0.2809751688250761
0.4750524566099524	-0.2809689372016320
0.4749079552645066	-0.2809627055781879
0.4747634539190608	-0.2809564739547438
0.4746189525736150	-0.2809502423312997
0.4744744512281692	-0.2809440107078556
0.4743299498827234	-0.2809377790844114
0.4741854485372776	-0.2809315474609673
0.4741854485372776	-0.2809315474609673
0.4740409471918318	-0.2809253158375232
0.4738964458463861	-0.2809190842140791
0.4737519445009403	-0.2809128525906350
0.4736074431554945	-0.2809066209671909
0.4734629418100487	-0.2809003893437467
0.4733184404646029	-0.2808941577203026
0.4731739391191571	-0.2808879260968585
0.4730294377737113	-0.2808816944734144
0.4728849364282655	-0.2808754628499703
0.4728849364282655	-0.2808754628499703
0.4727404350828197	-0.2808692312265261
0.4725959337373739	-0.2808629996030820
0.4724514323919282	-0.2808567679796379
0.4723069310464824	-0.2808505363561938
0.4721624297010366	-0.2808443047327497
0.4720179283555908	-0.2808380731093056
0.4718734270101450	-0.2808318414858615
0.4717289256646992	-0.2808256098624173
0.4715844243192534	-0.2808193782389732
0.4715844243192534	-0.2808193782389732
0.4714399229738075	-0.2808131466155291
0.4712954216283618	-0.2808069149920850
0.4711509202829161	-0.2808006833686409
0.4710064189374703	-0.2807944517451968
0.4708619175920244	-0.2807882201217526
0.4707174162465787	-0.2807819884983085
0.4705729149011328	-0.2807757568748644
0.4704284135556871	-0.2807695252514203
0.4702839122102413	-0.2807632936279762
0.4702839122102413	-0.2807632936279762
0.4701394108647955	-0.2807570620045320
0.4699949095193497	-0.2807508303810879
0.4698504081739040	-0.2807445987576438
0.4697059068284581	-0.2807383671341998
0.4695614054830123	-0.2807321355107556
0.4694169041375665	-0.2807259038873115
0.4692724027921208	-0.2807196722638674
0.4691279014466750	-0.2807134406404233
0.4689834001012292	-0.2807072090169792
0.4689834001012292	-0.2807072090169792
0.4688388987557834	-0.2807009773935350
0.4686943974103376	-0.2806947457700909
0.4685498960648918	-0.2806885141466468
0.4684053947194460	-0.2806822825232027
0.4682608933740002	-0.2806760508997586
0.4681163920285544	-0.2806698192763145
0.4679718906831087	-0.2806635876528704
0.4678273893376629	-0.2806573560294262
0.4676828879922171	-0.2806511244059821
0.4676828879922171	-0.2806511244059821
0.4675383866467713	-0.2806448927825380
0.4673938853013255	-0.2806386611590939
0.4672493839558797	-0.2806324295356498
0.4671048826104339	-0.2806261979122057
0.4669603812649881	-0.2806199662887615
0.4668158799195423	-0.2806137346653174
0.4666713785740966	-0.2806075030418733
0.4665268772286508	-0.2806012714184292
0.4663823758832050	-0.2805950397949851
0.4663823758832050	-0.2805950397949851
0.4662378745377592	-0.2805888081715409
0.4660933731923134	-0.2805825765480968
0.4659488718468676	-0.2805763449246527
0.4658043705014218	-0.2805701133012086
0.4656598691559760	-0.2805638816777645
0.4655153678105303	-0.2805576500543204
0.4653708664650845	-0.2805514184308763
0.4652263651196386	-0.2805451868074321
0.4650818637741929	-0.2805389551839880
0.4650818637741929	-0.2805389551839880
0.4649373624287470	-0.2805327235605439
0.4647928610833013	-0.2805264919370998
0.4646483597378555	-0.2805202603136557
0.4645038583924097	-0.2805140286902116
0.4643593570469638	-0.2805077970667674
0.4642148557015181	-0.2805015654433233
0.4640703543560723	-0.2804953338198792
0.4639258530106266	-0.2804891021964351
0.4637813516651808	-0.2804828705729910
0.4637813516651808	-0.2804828705729910
0.4636368503197349	-0.2804766389495469
0.4634923489742891	-0.2804704073261027
0.4633478476288434	-0.2804641757026586
0.4632033462833975	-0.2804579440792145
0.4630588449379518	-0.2804517124557704
0.4629143435925061	-0.2804454808323263
0.4627698422470602	-0.2804392492088822
0.4626253409016144	-0.2804330175854380
0.4624808395561686	-0.2804267859619939
0.4624808395561686	-0.2804267859619939
0.4623363382107228	-0.2804205543385498
0.4621918368652771	-0.2804143227151057
0.4620473355198313	-0.2804080910916616
0.4619028341743855	-0.2804018594682175
0.4617583328289397	-0.2803956278447733
0.4616138314834939	-0.2803893962213292
0.4614693301380481	-0.2803831645978851
0.4613248287926023	-0.2803769329744410
0.4611803274471565	-0.2803707013509969
0.4611803274471565	-0.2803707013509969
0.4610358261017107	-0.2803644697275527
0.4608913247562649	-0.2803582381041086
0.4607468234108192	-0.2803520064806646
0.4606023220653734	-0.2803457748572205
0.4604578207199276	-0.2803395432337763
0.4603133193744818	-0.2803333116103322
0.4601688180290360	-0.2803270799868881
0.4600243166835902	-0.2803208483634440
0.4598798153381444	-0.2803146167399999
0.4598798153381444	-0.2803146167399999
0.4597353139926986	-0.2803083851165558
0.4595908126472529	-0.2803021534931116
0.4594463113018071	-0.2802959218696675
0.4593018099563613	-0.2802896902462234
0.4591573086109155	-0.2802834586227793
0.4590128072654697	-0.2802772269993352
0.4588683059200239	-0.2802709953758911
0.4587238045745781	-0.2802647637524469
0.4585793032291323	-0.2802585321290028
0.4585793032291323	-0.2802585321290028
0.4584348018836865	-0.2802523005055587
0.4582903005382407	-0.2802460688821146
0.4581457991927950	-0.2802398372586705
0.4580012978473492	-0.2802336056352264
0.4578567965019034	-0.2802273740117822
0.4577122951564576	-0.2802211423883381
0.4575677938110118	-0.2802149107648940
0.4574232924655660	-0.2802086791414499
0.4572787911201202	-0.2802024475180058
0.4572787911201202	-0.2802024475180058
0.4571342897746744	-0.2801962158945616
0.4569897884292287	-0.2801899842711175
0.4568452870837829	-0.2801837526476734
0.4567007857383371	-0.2801775210242293
0.4565562843928913	-0.2801712894007852
0.4564117830474455	-0.2801650577773411
0.4562672817019997	-0.2801588261538970
0.4561227803565539	-0.2801525945304528
0.4559782790111081	-0.2801463629070087
0.4559782790111081	-0.2801463629070087
0.4558337776656623	-0.2801401312835646
0.4556892763202166	-0.2801338996601205
0.4555447749747707	-0.2801276680366764
0.4554002736293249	-0.2801214364132323
0.4552557722838791	-0.2801152047897881
0.4551112709384334	-0.2801089731663440
0.4549667695929875	-0.2801027415428999
0.4548222682475418	-0.2800965099194558
0.4546777669020960	-0.2800902782960117
0.4546777669020960	-0.2800902782960117
0.4545332655566502	-0.2800840466725675
0.4543887642112044	-0.2800778150491234
0.4542442628657587	-0.2800715834256793
0.4540997615203128	-0.2800653518022352
0.4539552601748670	-0.2800591201787911
0.4538107588294212	-0.2800528885553470
0.4536662574839755	-0.2800466569319029
0.4535217561385296	-0.2800404253084587
0.4533772547930839	-0.2800341936850146
0.4533772547930839	-0.2800341936850146
0.4532327534476380	-0.2800279620615705
0.4530882521021923	-0.2800217304381264
0.4529437507567465	-0.2800154988146823
0.4527992494113007	-0.2800092671912382
0.4526547480658549	-0.2800030355677940
0.4525102467204091	-0.2799968039443499
0.4523657453749633	-0.2799905723209059
0.4522212440295176	-0.2799843406974617
0.4520767426840718	-0.2799781090740176
0.4520767426840718	-0.2799781090740176
0.4519322413386260	-0.2799718774505735
0.4517877399931802	-0.2799656458271294
0.4516432386477344	-0.2799594142036853
0.4514987373022886	-0.2799531825802412
0.4513542359568429	-0.2799469509567970
0.4512097346113970	-0.2799407193333529
0.4510652332659513	-0.2799344877099088
0.4509207319205055	-0.2799282560864647
0.4507762305750597	-0.2799220244630206
0.4507762305750597	-0.2799220244630206
0.4506317292296139	-0.2799157928395764
0.4504872278841681	-0.2799095612161323
0.4503427265387223	-0.2799033295926882
0.4501982251932766	-0.2798970979692441
0.4500537238478307	-0.2798908663458000
0.4499092225023850	-0.2798846347223559
0.4497647211569391	-0.2798784030989118
0.4496202198114934	-0.2798721714754676
0.4494757184660476	-0.2798659398520235
0.4494757184660476	-0.2798659398520235
0.4493312171206018	-0.2798597082285794
0.4491867157751560	-0.2798534766051353
0.4490422144297102	-0.2798472449816912
0.4488977130842644	-0.2798410133582471
0.4487532117388187	-0.2798347817348029
0.4486087103933728	-0.2798285501113588
0.4484642090479271	-0.2798223184879147
0.4483197077024812	-0.2798160868644706
0.4481752063570354	-0.2798098552410265
0.4481752063570354	-0.2798098552410265
0.4480307050115896	-0.2798036236175824
0.4478862036661438	-0.2797973919941382
0.4477417023206981	-0.2797911603706941
0.4475972009752523	-0.2797849287472500
0.4474526996298065	-0.2797786971238059
0.4473081982843607	-0.2797724655003618
0.4471636969389149	-0.2797662338769177
0.4470191955934691	-0.2797600022534735
0.4468746942480233	-0.2797537706300294
0.4468746942480233	-0.2797537706300294
0.4467301929025775	-0.2797475390065853
0.4465856915571317	-0.2797413073831412
0.4464411902116860	-0.2797350757596971
0.4462966888662402	-0.2797288441362530
0.4461521875207944	-0.2797226125128088
0.4460076861753486	-0.2797163808893647
0.4458631848299028	-0.2797101492659206
0.4457186834844570	-0.2797039176424765
0.4455741821390112	-0.2796976860190324
0.4455741821390112	-0.2796976860190324
0.4454296807935654	-0.2796914543955882
0.4452851794481196	-0.2796852227721441
0.4451406781026739	-0.2796789911487000
0.4449961767572281	-0.2796727595252559
0.4448516754117823	-0.2796665279018118
0.4447071740663365	-0.2796602962783677
0.4445626727208907	-0.2796540646549236
0.4444181713754449	-0.2796478330314794
0.4442736700299991	-0.2796416014080353
0.4442736700299991	-0.2796416014080353
0.4441291686845533	-0.2796353697845912
0.4439846673391076	-0.2796291381611471
0.4438401659936618	-0.2796229065377030
0.4436956646482160	-0.2796166749142589
0.4435511633027702	-0.2796104432908147
0.4434066619573244	-0.2796042116673707
0.4432621606118786	-0.2795979800439266
0.4431176592664328	-0.2795917484204824
0.4429731579209870	-0.2795855167970383
0.4429731579209870	-0.2795855167970383
0.4428286565755412	-0.2795792851735941
0.4426841552300954	-0.2795730535501501
0.4425396538846497	-0.2795668219267060
0.4423951525392038	-0.2795605903032619
0.4422506511937581	-0.2795543586798177
0.4421061498483123	-0.2795481270563736
0.4419616485028665	-0.2795418954329295
0.4418171471574207	-0.2795356638094854
0.4416726458119749	-0.2795294321860413
0.4416726458119749	-0.2795294321860413
0.4415281444665290	-0.2795232005625971
0.4413836431210834	-0.2795169689391530
0.4412391417756376	-0.2795107373157089
0.4410946404301918	-0.2795045056922648
0.4409501390847460	-0.2794982740688207
0.4408056377393001	-0.2794920424453766
0.4406611363938543	-0.2794858108219325
0.4405166350484086	-0.2794795791984883
0.4403721337029628	-0.2794733475750442
0.4403721337029628	-0.2794733475750442
0.4402276323575170	-0.2794671159516001
0.4400831310120712	-0.2794608843281560
0.4399386296666254	-0.2794546527047119
0.4397941283211796	-0.2794484210812678
0.4396496269757338	-0.2794421894578236
0.4395051256302881	-0.2794359578343795
0.4393606242848423	-0.2794297262109354
0.4392161229393965	-0.2794234945874913
0.4390716215939507	-0.2794172629640472
0.4390716215939507	-0.2794172629640472
0.4389271202485049	-0.2794110313406030
0.4387826189030591	-0.2794047997171589
0.4386381175576134	-0.2793985680937148
0.4384936162121675	-0.2793923364702707
0.4383491148667217	-0.2793861048468266
0.4382046135212759	-0.2793798732233825
0.4380601121758301	-0.2793736415999384
0.4379156108303844	-0.2793674099764942
0.4377711094849386	-0.2793611783530501
0.4377711094849386	-0.2793611783530501
0.4376266081394928	-0.2793549467296060
0.4374821067940470	-0.2793487151061619
0.4373376054486012	-0.2793424834827178
0.4371931041031554	-0.2793362518592737
0.4370486027577096	-0.2793300202358295
0.4369041014122638	-0.2793237886123854
0.4367596000668181	-0.2793175569889413
0.4366150987213723	-0.2793113253654972
0.4364705973759265	-0.2793050937420531
0.4364705973759265	-0.2793050937420531
0.4363260960304807	-0.2792988621186090
0.4361815946850349	-0.2792926304951648
0.4360370933395891	-0.2792863988717207
0.4358925919941433	-0.2792801672482766
0.4357480906486976	-0.2792739356248325
0.4356035893032517	-0.2792677040013884
0.4354590879578059	-0.2792614723779443
0.4353145866123601	-0.2792552407545001
0.4351700852669144	-0.2792490091310560
0.4351700852669144	-0.2792490091310560
0.4350255839214685	-0.2792427775076119
0.4348810825760228	-0.2792365458841678
0.4347365812305770	-0.2792303142607237
0.4345920798851312	-0.2792240826372796
0.4344475785396854	-0.2792178510138354
0.4343030771942397	-0.2792116193903914
0.4341585758487938	-0.2792053877669473
0.4340140745033481	-0.2791991561435031
0.4338695731579023	-0.2791929245200590
0.4338695731579023	-0.2791929245200590
0.4337250718124565	-0.2791866928966149
0.4335805704670107	-0.2791804612731708
0.4334360691215649	-0.2791742296497267
0.4332915677761191	-0.2791679980262826
0.4331470664306733	-0.2791617664028384
0.4330025650852275	-0.2791555347793943
0.4328580637397818	-0.2791493031559502
0.4327135623943359	-0.2791430715325061
0.4325690610488901	-0.2791368399090620
0.4325690610488901	-0.2791368399090620
0.4324245597034444	-0.2791306082856179
0.4322800583579986	-0.2791243766621737
0.4321355570125527	-0.2791181450387296
0.4319910556671069	-0.2791119134152855
0.4318465543216612	-0.2791056817918414
0.4317020529762154	-0.2790994501683972
0.4315575516307696	-0.2790932185449532
0.4314130502853238	-0.2790869869215090
0.4312685489398780	-0.2790807552980649
