0.3010534546123796	-0.4782769832230661
0.3008814683165759	-0.4783218207157501
0.3007096498881981	-0.4783665980509950
0.3005379990384789	-0.4784113153693242
0.3003665154795449	-0.4784559728107357
0.3001951989243659	-0.4785005705148205
0.3000240490867265	-0.4785451086206806
0.2998530656812587	-0.4785895872669617
0.2996822484234185	-0.4786340065918959
0.2995115970295227	-0.4786783667331440
0.2993411112166645	-0.4787226678280573
0.2991707907027805	-0.4787669100134378
0.2990006352066386	-0.4788110934256470
0.2988306444478039	-0.4788552182006851
0.2986608181467018	-0.4788992844739737
0.2984911560244979	-0.4789432923806163
0.2983216578031390	-0.4789872420549987
0.2981523232055032	-0.4790311336315486
0.2979831519551528	-0.4790749672438583
0.2978141437765232	-0.4791187430252206
0.2976452983947854	-0.4791624611084662
0.2974766155358777	-0.4792061216260199
0.2973080949266248	-0.4792497247098530
0.2971397362945571	-0.4792932704915029
0.2969715393680174	-0.4793367591020307
0.2968035038761512	-0.4793801906722132
0.2966356295487070	-0.4794235653320756
0.2964679161164726	-0.4794668832117314
0.2963003633108181	-0.4795101444404707
0.2961329708639602	-0.4795533491472683
0.2959657385088187	-0.4795964974606866
0.2957986659791350	-0.4796395895088996
0.2956317530093553	-0.4796826254195891
0.2954649993346997	-0.4797256053201344
0.2952984046911615	-0.4797685293373687
0.2951319688154331	-0.4798113975978704
0.2949656914449157	-0.4798542102275477
0.2947995723180041	-0.4798969673519849
0.2946336111734649	-0.4799396690967611
0.2944678077510383	-0.4799823155865591
0.2943021617911382	-0.4800249069458144
0.2941366730348933	-0.4800674432986025
0.2939713412241832	-0.4801099247685365
0.2938061661015952	-0.4801523514788817
0.2936411474104520	-0.4801947235524153
0.2934762848947929	-0.4802370411117020
0.2933115782993365	-0.4802793042785568
0.2931470273695965	-0.4803215131748477
0.2929826318517270	-0.4803636679217729
0.2928183914926095	-0.4804057686401488
0.2926543060398193	-0.4804478154505056
0.2924903752416797	-0.4804898084729002
0.2923265988471465	-0.4805317478270384
0.2921629766059234	-0.4805736336322355
0.2919995082684086	-0.4806154660073970
0.2918361935855878	-0.4806572450711105
0.2916730323094197	-0.4806989709415457
0.2915100241921120	-0.4807406437362791
0.2913471689869576	-0.4807822635729961
0.2911844664476968	-0.4808238305685998
0.2910219163288809	-0.4808653448397766
0.2908595183856243	-0.4809068065027451
0.2906972723737916	-0.4809482156734255
0.2905351780499131	-0.4809895724673589
0.2903732351710859	-0.4810308769997674
0.2902114434952864	-0.4810721293852792
0.2900498027808872	-0.4811133297385064
0.2898883127871033	-0.4811544781733808
0.2897269732739134	-0.4811955748032883
0.2895657840015857	-0.4812366197421040
0.2894047447313636	-0.4812776131025137
0.2892438552249902	-0.4813185549971796
0.2890831152449426	-0.4813594455382743
0.2889225245542408	-0.4814002848377145
0.2887620829166962	-0.4814410730070799
0.2886017900965895	-0.4814818101574208
0.2884416458589464	-0.4815224963996202
0.2882816499694768	-0.4815631318441552
0.2881218021942865	-0.4816037166007116
0.2879621023004265	-0.4816442507796517
0.2878025500553960	-0.4816847344900868
0.2876431452273459	-0.4817251678411270
0.2874838875850521	-0.4817655509414247
0.2873247768979140	-0.4818058838993785
0.2871658129359626	-0.4818461668229055
0.2870069954698513	-0.4818863998197334
0.2868483242708315	-0.4819265829975356
0.2866897991107018	-0.4819667164624854
0.2865314197620467	-0.4820068003218448
0.2863731859978865	-0.4820468346817491
0.2862150975919209	-0.4820868196481680
0.2860571543184507	-0.4821267553267098
0.2858993559523862	-0.4821666418227391
0.2857417022691866	-0.4822064792411015
0.2855841930449711	-0.4822462676864509
0.2854268280563775	-0.4822860072632162
0.2852696070806224	-0.4823256980752111
0.2851125298959213	-0.4823653402257556
0.2849555962803525	-0.4824049338186722
0.2847988060130606	-0.4824444789567015
0.2846421588736702	-0.4824839757425801
0.2844856546424331	-0.4825234242784851
0.2843292931000798	-0.4825628246665180
0.2841730740279794	-0.4826021770083560
0.2840169972080254	-0.4826414814052379
0.2838610624229011	-0.4826807379584194
0.2837052694552786	-0.4827199467683365
0.2835496180894290	-0.4827591079356121
0.2833941081089660	-0.4827982215601844
0.2832387392990291	-0.4828372877412491
0.2830835114447923	-0.4828763065792080
0.2829284243322031	-0.4829152781728143
0.2827734777476968	-0.4829542026208546
0.2826186714783190	-0.4829930800217941
0.2824640053115681	-0.4830319104738608
0.2823094790356659	-0.4830706940749261
0.2821550924390969	-0.4831094309225502
0.2820008453115093	-0.4831481211139709
0.2818467374420415	-0.4831867647461392
0.2816927686213745	-0.4832253619154774
0.2815389386403138	-0.4832639127187548
0.2813852472901761	-0.4833024172518021
0.2812316943629282	-0.4833408756103916
0.2810782796510620	-0.4833792878898192
0.2809250029475093	-0.4834176541854370
0.2807718640457858	-0.4834559745919887
0.2806188627399408	-0.4834942492040012
0.2804659988246495	-0.4835324781156553
0.2803132720947750	-0.4835706614206144
0.2801606823463088	-0.4836087992127254
0.2800082293751721	-0.4836468915856251
0.2798559129780407	-0.4836849386322172
0.2797037329521863	-0.4837229404451118
0.2795516890952646	-0.4837608971169033
0.2793997812054530	-0.4837988087397512
0.2792480090816993	-0.4838366754054390
0.2790963725229296	-0.4838744972055233
0.2789448713290957	-0.4839122742315319
0.2787935053004140	-0.4839500065745398
0.2786422742376993	-0.4839876943245627
0.2784911779421644	-0.4840253375728282
0.2783402162155821	-0.4840629364093560
0.2781893888602481	-0.4841004909238231
0.2780386956789246	-0.4841380012060425
0.2778881364748740	-0.4841754673450888
0.2777377110518603	-0.4842128894301972
0.2775874192141784	-0.4842502675501596
0.2774372607664042	-0.4842876017931081
0.2772872355139484	-0.4843248922475617
0.2771373432623048	-0.4843621390015018
0.2769875838181708	-0.4843993421416621
0.2768379569877073	-0.4844365017566646
0.2766884625783388	-0.4844736179331050
0.2765391003976202	-0.4845106907578065
0.2763898702537416	-0.4845477203172483
0.2762407719553394	-0.4845847066977147
0.2760918053112326	-0.4846216499855445
0.2759429701314032	-0.4846585502661700
0.2757942662256100	-0.4846954076250095
0.2756456934043866	-0.4847322221467267
0.2754972514784377	-0.4847689939170987
0.2753489402596422	-0.4848057230207278
0.2752007595597490	-0.4848424095418211
0.2750527091909832	-0.4848790535644814
0.2749047889663174	-0.4849156551726115
0.2747569986989881	-0.4849522144498173
0.2746093382027135	-0.4849887314792159
0.2744618072914747	-0.4850252063446646
0.2743144057801005	-0.4850616391281773
0.2741671334839523	-0.4850980299124512
0.2740199902184982	-0.4851343787796477
0.2738729757993836	-0.4851706858123029
0.2737260900432519	-0.4852069510920344
0.2735793327670438	-0.4852431747002902
0.2734327037880920	-0.4852793567183540
0.2732862029241500	-0.4853154972271496
0.2731398299933013	-0.4853515963079075
0.2729935848146968	-0.4853876540406714
0.2728474672068157	-0.4854236705057464
0.2727014769893377	-0.4854596457836169
0.2725556139830339	-0.4854955799525655
0.2724098780073642	-0.4855314730938017
0.2722642688835576	-0.4855673252859996
0.2721187864328034	-0.4856031366081417
0.2719734304769352	-0.4856389071389677
0.2718282008379351	-0.4856746369570885
0.2716830973382714	-0.4857103261405805
0.2715381198013020	-0.4857459747673716
0.2713932680503482	-0.4857815829162669
0.2712485419090815	-0.4858171506636760
0.2711039412015815	-0.4858526780862744
0.2709594657528772	-0.4858881652626877
0.2708151153879124	-0.4859236122691489
0.2706708899322939	-0.4859590191822079
0.2705267892117365	-0.4859943860780301
0.2703828130526645	-0.4860297130329028
0.2702389612819470	-0.4860650001227820
0.2700952337266088	-0.4861002474232694
0.2699516302141982	-0.4861354550091365
0.2698081505726360	-0.4861706229566693
0.2696647946306756	-0.4862057513385870
0.2695215622166960	-0.4862408402319394
0.2693784531599458	-0.4862758897103296
0.2692354672900831	-0.4863108998479097
0.2690926044371088	-0.4863458707185819
0.2689498644313068	-0.4863808023961707
0.2688072471035224	-0.4864156949543777
0.2686647522850429	-0.4864505484661866
0.2685223798069351	-0.4864853630042691
0.2683801295023171	-0.4865201386425356
0.2682380012020352	-0.4865548754523101
0.2680959947399071	-0.4865895735069180
0.2679541099486296	-0.4866242328782526
0.2678123466618705	-0.4866588536381184
0.2676707047135547	-0.4866934358581096
0.2675291839378275	-0.4867279796099321
0.2673877841695447	-0.4867624849647201
0.2672465052434316	-0.4867969519930618
0.2671053469952694	-0.4868313807670785
0.2669643092609227	-0.4868657713559110
0.2668233918764233	-0.4869001238295945
0.2666825946782430	-0.4869344382596892
0.2665419175034727	-0.4869687147155202
0.2664013601893825	-0.4870029532667095
0.2662609225737930	-0.4870371539827134
0.2661206044943901	-0.4870713169328801
0.2659804057900791	-0.4871054421858225
0.2658403262990732	-0.4871395298112431
0.2657003658613663	-0.4871735798775170
0.2655605243161930	-0.4872075924523442
0.2654208015029785	-0.4872415676032467
0.2652811972624095	-0.4872755054000112
0.2651417114350246	-0.4873094059096069
0.2650023438617839	-0.4873432691994811
0.2648630943839995	-0.4873770953369951
0.2647239628435130	-0.4874108843891253
0.2645849490823203	-0.4874446364231724
0.2644460529429824	-0.4874783515055428
0.2643072742678167	-0.4875120297026047
0.2641686129001756	-0.4875456710806324
0.2640300686839682	-0.4875792757057396
0.2638916414625259	-0.4876128436439078
0.2637533310801548	-0.4876463749607007
0.2636151373814251	-0.4876798697216365
0.2634770602111645	-0.4877133279918511
0.2633390994145071	-0.4877467498363493
0.2632012548371845	-0.4877801353201440
0.2630635263246209	-0.4878134845073059
0.2629259137250023	-0.4878467974632330
0.2627884168817048	-0.4878800742511243
0.2626510356439519	-0.4879133149352392
0.2625137698584950	-0.4879465195798840
0.2623766193728007	-0.4879796882482828
0.2622395840349155	-0.4880128210039284
0.2621026636930269	-0.4880459179098726
0.2619658581958307	-0.4880789790295925
0.2618291673922942	-0.4881120044254582
0.2616925911314366	-0.4881449941597845
0.2615561292634607	-0.4881779482965963
0.2614197816381094	-0.4882108668956239
0.2612835481041598	-0.4882437500202721
0.2611474285143063	-0.4882765977326512
0.2610114227186872	-0.4883094100939247
0.2608755305684465	-0.4883421871656990
0.2607397519152376	-0.4883749290092856
0.2606040866108487	-0.4884076356854039
0.2604685345076534	-0.4884403072550625
0.2603330954578216	-0.4884729437789783
0.2601977693146697	-0.4885055453180872
0.2600625559307188	-0.4885381119317156
0.2599274551608410	-0.4885706436804512
0.2597924668574018	-0.4886031406243140
0.2596575908749543	-0.4886356028229847
0.2595228270678910	-0.4886680303358814
0.2593881752910365	-0.4887004232223880
0.2592536353993036	-0.4887327815415863
0.2591192072485481	-0.4887651053526780
0.2589848906936168	-0.4887973947147145
0.2588506855907944	-0.4888296496851376
0.2587165917966892	-0.4888618703233699
0.2585826091682362	-0.4888940566868703
0.2584487375613463	-0.4889262088344584
0.2583149768336004	-0.4889583268236995
0.2581813268425656	-0.4889904107122777
0.2580477874460262	-0.4890224605576901
0.2579143585019836	-0.4890544764172871
0.2577810398688892	-0.4890864583477794
0.2576478314057108	-0.4891184064069161
0.2575147329711449	-0.4891503206507524
0.2573817444238753	-0.4891822011361522
0.2572488656251571	-0.4892140479193774
0.2571160964333857	-0.4892458610570204
0.2569834367092080	-0.4892776406047876
0.2568508863132151	-0.4893093866186041
0.2567184451057495	-0.4893410991544112
0.2565861129483502	-0.4893727782676731
0.2564538897020193	-0.4894044240128160
0.2563217752286112	-0.4894360364464658
0.2561897693898496	-0.4894676156239596
0.2560578720478209	-0.4894991615967754
0.2559260830657266	-0.4895306744234593
0.2557944023053187	-0.4895621541564870
0.2556628296303078	-0.4895936008507053
0.2555313649036667	-0.4896250145601093
0.2554000079892044	-0.4896563953387333
0.2552687587506947	-0.4896877432398284
0.2551376170522167	-0.4897190583187847
0.2550065827586459	-0.4897503406265064
0.2548756557345412	-0.4897815902183867
0.2547448358443891	-0.4898128071456449
0.2546141229536809	-0.4898439914627946
0.2544835169282495	-0.4898751432219470
0.2543530176338778	-0.4899062624758962
0.2542226249364871	-0.4899373492769150
0.2540923387025399	-0.4899684036774999
0.2539621587985949	-0.4899994257294369
0.2538320850910685	-0.4900304154847534
0.2537021174481350	-0.4900613729954524
0.2535722557376550	-0.4900922983128594
0.2534424998250500	-0.4901231914883252
0.2533128495797484	-0.4901540525737613
0.2531833048701284	-0.4901848816196484
0.2530538655644494	-0.4902156786770964
0.2529245315313528	-0.4902464437971214
0.2527953026401970	-0.4902771770299575
0.2526661787594508	-0.4903078784259487
0.2525371597596001	-0.4903385480370541
0.2524082455099255	-0.4903691859113516
0.2522794358813816	-0.4903997920982602
0.2521507307410691	-0.4904303666511950
0.2520221299638236	-0.4904609096157770
0.2518936334182019	-0.4904914210441049
0.2517652409756235	-0.4905219009843857
0.2516369525073883	-0.4905523494864479
0.2515087678850160	-0.4905827665988891
0.2513806869811087	-0.4906131523707940
0.2512527096662092	-0.4906435068516993
0.2511248358139900	-0.4906738300867778
0.2509970652972843	-0.4907041221296119
0.2508693979864846	-0.4907343830246031
0.2507418337573642	-0.4907646128216195
0.2506143724820172	-0.4907948115676395
0.2504870140344566	-0.4908249793112416
0.2503597582882189	-0.4908551160995354
0.2502326051171374	-0.4908852219800513
0.2501055543959007	-0.4909152970005198
0.2499786059987428	-0.4909453412081087
0.2498517598007865	-0.4909753546497297
0.2497250156769784	-0.4910053373721032
0.2495983735015104	-0.4910352894201134
0.2494718331525509	-0.4910652108454632
0.2493453945030927	-0.4910951016902244
0.2492190574300867	-0.4911249620018814
0.2490928218095874	-0.4911547918266046
0.2489666875185586	-0.4911845912102365
0.2488406544327333	-0.4912143601991262
0.2487147224297390	-0.4912440988391091
0.2485888913867739	-0.4912738071743485
0.2484631611808813	-0.4913034852522223
0.2483375316897111	-0.4913331331161826
0.2482120027913117	-0.4913627508120558
0.2480865743631375	-0.4913923383852076
0.2479612462840747	-0.4914218958803024
0.2478360184322883	-0.4914514233419799
0.2477108906866280	-0.4914809208148995
0.2475858629257067	-0.4915103883430783
0.2474609350294820	-0.4915398259713283
0.2473361068767288	-0.4915692337429882
0.2472113783482924	-0.4915986117032093
0.2470867493212664	-0.4916279598947090
0.2469622196788991	-0.4916572783617723
0.2468377892995652	-0.4916865671476995
0.2467134580642456	-0.4917158262961360
0.2465892258535022	-0.4917450558504225
0.2464650925485890	-0.4917742558535383
0.2463410580305062	-0.4918034263486918
0.2462171221808380	-0.4918325673777906
0.2460932848804178	-0.4918616789859514
0.2459695460125007	-0.4918907612128720
0.2458459054594024	-0.4919198141026118
0.2457223630998200	-0.4919488376974214
0.2455989188195954	-0.4919778320392599
0.2454755725006047	-0.4920067971702033
0.2453523240253426	-0.4920357331321527
0.2452291732770424	-0.4920646399669270
0.2451061201398569	-0.4920935177165486
0.2449831644945777	-0.4921223664211275
0.2448603062290132	-0.4921511861252328
0.2447375452234706	-0.4921799768648378
0.2446148813629938	-0.4922087386885149
0.2444923145353877	-0.4922374716291543
0.2443698446203733	-0.4922661757327164
0.2442474715047506	-0.4922948510386180
0.2441251950730212	-0.4923234975873714
0.2440030152107510	-0.4923521154200154
0.2438809318029881	-0.4923807045759928
0.2437589447354230	-0.4924092650965114
0.2436370538941811	-0.4924377970203875
0.2435152591650135	-0.4924663003892733
0.2433935604335575	-0.4924947752409201
0.2432719575855561	-0.4925232216179892
0.2431504505094159	-0.4925516395569089
0.2430290390907210	-0.4925800290987735
0.2429077232169808	-0.4926083902826197
0.2427865027745988	-0.4926367231475333
0.2426653776517058	-0.4926650277324551
0.2425443477358922	-0.4926933040768954
0.2424234129135617	-0.4927215522190233
0.2423025730735271	-0.4927497721990368
0.2421818281031502	-0.4927779640531230
0.2420611778926844	-0.4928061278206508
0.2419406223286929	-0.4928342635409353
0.2418201613005850	-0.4928623712514598
0.2416997946970225	-0.4928904509903196
0.2415795224068115	-0.4929185027958349
0.2414593443193968	-0.4929465267047712
0.2413392603257389	-0.4929745227563629
0.2412192703128297	-0.4930024909875959
0.2410993741704255	-0.4930304314369736
0.2409795717944976	-0.4930583441405866
0.2408598630654598	-0.4930862291323532
0.2407402478801249	-0.4931140864551437
0.2406207261277656	-0.4931419161440785
0.2405012976986718	-0.4931697182353227
0.2403819624842896	-0.4931974927664247
0.2402627203752362	-0.4932252397743964
0.2401435712620194	-0.4932529592948582
0.2400245150370313	-0.4932806513625586
0.2399055515925865	-0.4933083160192557
0.2397866808182240	-0.4933359532927854
0.2396679026089719	-0.4933635632281233
0.2395492168546225	-0.4933911458560073
0.2394306234478299	-0.4934187012136121
0.2393121222819255	-0.4934462293366867
0.2391937132481666	-0.4934737302609750
0.2390753962411749	-0.4935012040206778
0.2389571711536484	-0.4935286506533839
0.2388390378774655	-0.4935560701915276
0.2387209963066634	-0.4935834626766352
0.2386030463379848	-0.4936108281352803
0.2384851878550378	-0.4936381666077966
0.2383674207620845	-0.4936654781274063
0.2382497449501958	-0.4936927627292488
0.2381321603120279	-0.4937200204483275
0.2380146667443627	-0.4937472513185954
0.2378972641396140	-0.4937744553740330
0.2377799523927529	-0.4938016326502923
0.2376627313998044	-0.4938287831796513
0.2375456010560583	-0.4938559069991603
0.2374285612554529	-0.4938830041393030
0.2373116118933717	-0.4939100746359287
0.2371947528656015	-0.4939371185231829
0.2370779840680552	-0.4939641358342335
0.2369613053967064	-0.4939911266028536
0.2368447167464036	-0.4940180908620624
0.2367282180159821	-0.4940450286448973
0.2366118090974538	-0.4940719399858058
0.2364954898907869	-0.4940988249161030
0.2363792602949324	-0.4941256834712968
0.2362631201977816	-0.4941525156854580
0.2361470695091543	-0.4941793215846184
0.2360311081155636	-0.4942061012079660
0.2359152359182393	-0.4942328545866870
0.2357994528134390	-0.4942595817524220
0.2356837587010708	-0.4942862827372627
0.2355681534760036	-0.4943129575770592
0.2354526370380290	-0.4943396062980510
0.2353372092849407	-0.4943662289372076
0.2352218701171934	-0.4943928255240244
0.2351066194220187	-0.4944193960983436
0.2349914571181461	-0.4944459406744685
0.2348763830878572	-0.4944724592997774
0.2347613972345998	-0.4944989520012306
0.2346464994579995	-0.4945254188101855
0.2345316896569900	-0.4945518597578709
0.2344169677298523	-0.4945782748771229
0.2343023335787372	-0.4946046641976595
0.2341877871027480	-0.4946310277500874
0.2340733281978045	-0.4946573655693924
0.2339589567646136	-0.4946836776750949
0.2338446727067095	-0.4947099641172494
0.2337304759225097	-0.4947362249114777
0.2336163663120244	-0.4947624600930396
0.2335023437764854	-0.4947886696942650
0.2333884082155654	-0.4948148537424400
0.2332745595304582	-0.4948410122715224
0.2331607976214826	-0.4948671453070368
0.2330471223932308	-0.4948932528853905
0.2329335337377000	-0.4949193350312799
0.2328200315640966	-0.4949453917792728
0.2327066157767099	-0.4949714231558904
0.2325932862685914	-0.4949974291925129
0.2324800429468724	-0.4950234099182087
0.2323668857113297	-0.4950493653639641
0.2322538144660576	-0.4950752955600596
0.2321408291097960	-0.4951012005328541
0.2320279295470464	-0.4951270803136206
0.2319151156799043	-0.4951529349312377
0.2318023874104896	-0.4951787644153745
0.2316897446441208	-0.4952045687976867
0.2315771870052420	-0.4952303487322745
0.2314647152248176	-0.4952561023685420
0.2313523283787208	-0.4952818316122570
0.2312400266460516	-0.4953075358688709
0.2311278099297961	-0.4953332151653008
0.2310156781334048	-0.4953588695324412
0.2309036311613621	-0.4953844989949009
0.2307916689130421	-0.4954101035848945
0.2306797913031543	-0.4954356833353822
0.2305679982240417	-0.4954612382680024
0.2304562888184583	-0.4954867688209785
0.2303446643577054	-0.4955122749237705
0.2302331252439106	-0.4955377544359414
0.2301216693496377	-0.4955632103820533
0.2300102975152192	-0.4955886416526162
0.2298990096419833	-0.4956140482743064
0.2297878056366278	-0.4956394302747672
0.2296766854049966	-0.4956647876813319
0.2295656488458282	-0.4956901205307732
0.2294546958760409	-0.4957154288400529
0.2293438261720755	-0.4957407126312560
0.2292330389191168	-0.4957659724456157
0.2291223375179841	-0.4957912068160206
0.2290117179342070	-0.4958164172488155
0.2289011814627016	-0.4958416032827153
0.2287907280121353	-0.4958667649428233
0.2286803574767212	-0.4958919022589156
0.2285700697822819	-0.4959170152504379
0.2284598648209351	-0.4959421039587609
0.2283497424935489	-0.4959671683997567
0.2282397017091722	-0.4959922092517438
0.2281297443244456	-0.4960172247289060
0.2280198704714777	-0.4960422163824771
0.2279100777926928	-0.4960671840267601
0.2278003672953690	-0.4960921275365153
0.2276907388825267	-0.4961170469410566
0.2275811924608448	-0.4961419422664506
0.2274717279435461	-0.4961668135397543
0.2273623452353319	-0.4961916607845241
0.2272530442362191	-0.4962164840275374
0.2271438243715285	-0.4962412835594506
0.2270346870203598	-0.4962660586216549
0.2269256306189631	-0.4962908100193263
0.2268166555678759	-0.4963155375202539
0.2267077617725249	-0.4963402411477588
0.2265989491432790	-0.4963649209360036
0.2264902175863386	-0.4963895769009439
0.2263815670064456	-0.4964142090703439
0.2262729973246369	-0.4964388174692089
0.2261645084353026	-0.4964634021218609
0.2260560994365258	-0.4964879627794410
0.2259477724319088	-0.4965125008613487
0.2258395256873371	-0.4965370138961052
0.2257313590958787	-0.4965615038339593
0.2256232728525579	-0.4965859701570868
0.2255152668666476	-0.4966104128872327
0.2254073410436095	-0.4966348320522167
0.2252994952948566	-0.4966592276640800
0.2251917295365223	-0.4966835997845159
0.2250840436672266	-0.4967079483845125
0.2249764371040427	-0.4967322738629893
0.2248689104927971	-0.4967565759849509
0.2247614645600475	-0.4967808535186319
0.2246540973794507	-0.4968051084096285
0.2245468096502066	-0.4968293399341295
0.2244396012779626	-0.4968535481124832
0.2243324721795723	-0.4968777329672962
0.2242254222620965	-0.4969018945328775
0.2241184514283891	-0.4969260328217049
0.2240115595906858	-0.4969501478693583
0.2239047457605324	-0.4969742401619939
0.2237980098084112	-0.4969983084849882
0.2236913526266653	-0.4970223572666048
0.2235847805363750	-0.4970463760637756
0.2234782823923930	-0.4970703752352598
0.2233718627167762	-0.4970943513029800
0.2232655214359298	-0.4971183043003443
0.2231592584312160	-0.4971422342335636
0.2230530736479998	-0.4971661411434666
0.2229469669791127	-0.4971900250284954
0.2228409371728755	-0.4972138859107977
0.2227349878902380	-0.4972377251047278
0.2226291065348572	-0.4972615423913577
0.2225233197681896	-0.4972853310363390
0.2224176023933756	-0.4973091002529152
0.2223119626086639	-0.4973328466009367
0.2222064003276844	-0.4973565701129400
0.2221009154888321	-0.4973802708011054
0.2219955079498334	-0.4974039486955653
0.2218901776772804	-0.4974276038010073
0.2217849239263566	-0.4974512376545708
0.2216797470527064	-0.4974748460644912
0.2215746415085629	-0.4974984384166401
0.2214696273458637	-0.4975219970221311
0.2213646820147294	-0.4975455386280002
0.2212598134112718	-0.4975690575906715
0.2211550214526479	-0.4975925539485944
0.2210503060413337	-0.4976160277092492
0.2209456671155751	-0.4976394789277525
0.2208411045721680	-0.4976629075799880
0.2207366184876116	-0.4976863146860385
0.2206322074800031	-0.4977096983075374
0.2205278732950806	-0.4977330614223434
0.2204236088999575	-0.4977563973789961
0.2203194346417476	-0.4977797135198201
0.2202153286108631	-0.4978030074001993
0.2201112983736994	-0.4978262788960116
0.2200073438476580	-0.4978495279960045
0.2199034649448286	-0.4978727547963200
0.2197996615442298	-0.4978959592781022
0.2196959319727026	-0.4979191427878947
0.2195922803888800	-0.4979423027136305
0.2194886983192238	-0.4979654424494227
0.2193851839553558	-0.4979885490068706
0.2192817484552224	-0.4980116555000239
0.2191784226890175	-0.4980347186600809
0.2190751456808865	-0.4980577675304903
0.2189719435009694	-0.4980807942534621
0.2188688161017255	-0.4981037988550888
0.2187657634264477	-0.4981267814084688
0.2186627825506151	-0.4981497414848172
0.2185598788730790	-0.4981726779556421
0.2184570486106436	-0.4981955959120266
0.2183542862514185	-0.4982184962774557
0.2182516001760689	-0.4982413738825072
0.2181489863977022	-0.4982642361851287
0.2180464435635029	-0.4982870590475992
0.2179440206974478	-0.4983098486083727
0.2178416364818465	-0.4983326332607582
0.2177393261238208	-0.4983553960326449
0.2176370907557288	-0.4983781372242448
0.2175349238276710	-0.4984008564341038
0.2174328308278725	-0.4984235526479470
0.2173308194790922	-0.4984462369387861
0.2172288557545287	-0.4984688789974138
0.2171270101704332	-0.4984915142401731
0.2170251900141255	-0.4985141301221200
0.2169234919791999	-0.4985367129584750
0.2168218426228964	-0.4985592797543034
0.2167202662435059	-0.4985818249010461
0.2166187660463345	-0.4986043511030887
0.2165173372991427	-0.4986268509554777
0.2164159744249184	-0.4986493221633054
0.2163146704250898	-0.4986717933850752
0.2162134629861888	-0.4986942460437597
0.2161123208188273	-0.4987166444292488
0.2160112386802978	-0.4987390756656379
0.2159102749055535	-0.4987614087104962
0.2158093521734907	-0.4987837598442063
0.2157085015534290	-0.4988060895298145
0.2156077223829228	-0.4988284011010568
0.2155070209274336	-0.4988506873403211
0.2154063667518398	-0.4988729628477048
0.2153058142725712	-0.4988951885649553
0.2152052760128650	-0.4989174489989407
0.2151048668699553	-0.4989396062892744
0.2150044959903683	-0.4989618103309886
0.2149041725430522	-0.4989840127515255
0.2148040028439947	-0.4990061883178235
0.2147038098095750	-0.4990282912097280
0.2146038841264955	-0.4990503055353666
0.2145038977550811	-0.4990723753903641
0.2144039759346983	-0.4990944283765658
0.2143041368975392	-0.4991164658014091
0.2142043300570574	-0.4991384452239402
0.2141045961984141	-0.4991604452431381
0.2140049724080814	-0.4991824569900185
0.2139053121153633	-0.4992043931067041
0.2138059189428511	-0.4992263544576552
0.2137064443560171	-0.4992482442429616
0.2136071735705342	-0.4992700965668424
0.2135078954614365	-0.4992919656353761
0.2134086708374123	-0.4993137987242258
0.2133095867043538	-0.4993356296987705
0.2132104434320343	-0.4993574040371544
0.2131114495532559	-0.4993792390849516
0.2130124280128416	-0.4994009000937931
0.2129135985685178	-0.4994226702997254
0.2128148204034443	-0.4994444506410874
0.2127160256227394	-0.4994660867647658
0.2126175147731441	-0.4994877858914781
0.2125189401934762	-0.4995094378663769
0.2124204225500454	-0.4995310893934173
0.2123219594522132	-0.4995526820271952
0.2122236213885417	-0.4995743143059714
0.2121252950630772	-0.4995959238790019
0.2120270076031179	-0.4996174123882766
0.2119288478340713	-0.4996389470855670
0.2118307504736036	-0.4996605129632865
0.2117325320137538	-0.4996820334850295
0.2116348177493520	-0.4997033976800690
0.2115369331485258	-0.4997248445794767
0.2114391115466706	-0.4997462586399610
0.2113413519713968	-0.4997676683829277
0.2112436976579589	-0.4997890078188126
0.2111459451414863	-0.4998104010878983
0.2110485774991731	-0.4998317700249101
0.2109510155272657	-0.4998530935561799
0.2108536853565171	-0.4998744820723104
0.2107563038282019	-0.4998957867277360
0.2106590256322435	-0.4999169469171505
0.2105618160956840	-0.4999381924757788
0.2104646577592363	-0.4999593923590753
0.2103675680924307	-0.4999806581137818
0.2102706282553150	-0.5000017999164706
0.2101736119975783	-0.5000230437130155
0.2100767644550114	-0.5000441212527431
0.2099798837249678	-0.5000652823136301
0.2098832409012559	-0.5000861277042559
0.2097865767675566	-0.5001076818228825
0.2096900275852568	-0.5001284628674212
0.2095934648609438	-0.5001495020282806
0.2094970002042219	-0.5001704736306858
0.2094006540435454	-0.5001914709792606
0.2093043436581362	-0.5002124531110959
0.2092080875781434	-0.5002334341786974
0.2091119450748984	-0.5002544364020185
0.2090156161882661	-0.5002751617297835
0.2089194332090783	-0.5002963359716408
0.2088234645706497	-0.5003168585791159
0.2087277750153878	-0.5003379230270130
0.2086319103917149	-0.5003588049759604
0.2085361262976780	-0.5003795913192620
0.2084404721886486	-0.5004004391535086
0.2083447342192504	-0.5004211958635055
0.2082491194892023	-0.5004419686748941
0.2081535552372164	-0.5004627110943921
0.2080581167516739	-0.5004834536003455
0.2079631410322079	-0.5005044145738441
0.2078671896214024	-0.5005246366070933
0.2077721799498373	-0.5005454254993837
0.2076770050967652	-0.5005660639837076
0.2075818191797985	-0.5005867169558413
0.2074866730511791	-0.5006073314603635
0.2073917400808374	-0.5006277943761678
0.2072970722322670	-0.5006484705779470
0.2072018279198298	-0.5006689780287757
0.2071075371086651	-0.5006894366837107
0.2070125119203535	-0.5007098704011574
0.2069177275395617	-0.5007304975369938
0.2068165848842868	-0.5007529279717545
0.2067286427045938	-0.5007714536861790
0.2066341113246523	-0.5007918750929703
0.2065397960315850	-0.5008123236509013
0.2064453814076827	-0.5008325846870906
0.2063508189381198	-0.5008529979150596
0.2062565102107576	-0.5008732439227800
0.2061626554973871	-0.5008935468697117
0.2060685366811757	-0.5009139983250276
0.2059743489880299	-0.5009340980755231
0.2058804999288434	-0.5009545230962477
0.2057764904893497	-0.5009769225545246
0.2056930421893003	-0.5009949434230079
0.2055991702773463	-0.5010152345665403
0.2055054975465570	-0.5010356450062651
0.2054117800190008	-0.5010556122931480
0.2053187665169363	-0.5010749748429943
0.2052251949949942	-0.5010949698256865
0.2051314514046341	-0.5011153317042032
0.2050371896108716	-0.5011367190859952
0.2049444149734001	-0.5011561182207408
0.2048404055339064	-0.5011785176790178
0.2047363960944127	-0.5012009171372949
0.2046650824688703	-0.5012159550166799
0.2045716757559532	-0.5012363250269515
0.2044789316448414	-0.5012566654174311
0.2043864991481013	-0.5012759972972498
0.2042933120835133	-0.5012961591294486
0.2042001929815675	-0.5013169166039524
0.2041073479456608	-0.5013360104249502
0.2040083300179567	-0.5013577133452339
0.2039043205784630	-0.5013801128035109
0.2038003111389693	-0.5014025122617880
0.2036963016994756	-0.5014249117200651
0.2035922922599819	-0.5014473111783420
0.2035525755508478	-0.5014546560726343
0.2034594607178333	-0.5014739711447812
0.2033682270629114	-0.5014953602964213
0.2032747668153005	-0.5015152210665057
0.2031837118868866	-0.5015343638132189
0.2030722450625134	-0.5015593084697271
0.2029682356230197	-0.5015817079280041
0.2028642261835260	-0.5016041073862811
0.2027602167440323	-0.5016265068445582
0.2026562073045386	-0.5016489063028351
0.2025521978650449	-0.5016713057611122
0.2024481884255512	-0.5016937052193892
0.2023441789860574	-0.5017161046776661
0.2022401695465638	-0.5017385041359432
0.2021361601070701	-0.5017609035942202
0.2021361601070701	-0.5017609035942202
0.2020321506675763	-0.5017833030524972
0.2019281412280826	-0.5018057025107743
0.2018241317885889	-0.5018281019690514
0.2017201223490953	-0.5018505014273282
0.2016161129096015	-0.5018729008856053
0.2015121034701078	-0.5018953003438823
0.2014080940306141	-0.5019176998021593
0.2013040845911204	-0.5019400992604364
0.2012000751516267	-0.5019624987187133
0.2012000751516267	-0.5019624987187133
0.2010960657121330	-0.5019848981769903
0.2009920562726393	-0.5020072976352674
0.2008880468331456	-0.5020296970935445
0.2007840373936519	-0.5020520965518214
0.2006800279541582	-0.5020744960100985
0.2005760185146645	-0.5020968954683754
0.2004720090751708	-0.5021192949266524
0.2003679996356771	-0.5021416943849295
0.2002639901961834	-0.5021640938432065
0.2002639901961834	-0.5021640938432065
0.2001599807566897	-0.5021864933014835
0.2000559713171960	-0.5022088927597606
0.1999519618777023	-0.5022312922180376
0.1998479524382086	-0.5022536916763145
0.1997439429987148	-0.5022760911345916
0.1996399335592212	-0.5022984905928686
0.1995359241197275	-0.5023208900511456
0.1994319146802337	-0.5023432895094226
0.1993279052407400	-0.5023656889676996
0.1993279052407400	-0.5023656889676996
0.1992238958012463	-0.5023880884259766
0.1991198863617527	-0.5024104878842537
0.1990158769222589	-0.5024328873425308
0.1989118674827652	-0.5024552868008076
0.1988078580432715	-0.5024776862590847
0.1987038486037778	-0.5025000857173617
0.1985998391642841	-0.5025224851756387
0.1984958297247904	-0.5025448846339158
0.1983918202852967	-0.5025672840921928
0.1983918202852967	-0.5025672840921928
0.1982878108458030	-0.5025896835504697
0.1981838014063093	-0.5026120830087468
0.1980797919668156	-0.5026344824670239
0.1979757825273219	-0.5026568819253008
0.1978717730878282	-0.5026792813835779
0.1977677636483345	-0.5027016808418548
0.1976637542088408	-0.5027240803001318
0.1975597447693471	-0.5027464797584089
0.1974557353298534	-0.5027688792166859
0.1974557353298534	-0.5027688792166859
0.1973517258903597	-0.5027912786749629
0.1972477164508659	-0.5028136781332400
0.1971437070113723	-0.5028360775915170
0.1970396975718786	-0.5028584770497939
0.1969356881323848	-0.5028808765080710
0.1968316786928911	-0.5029032759663480
0.1967276692533974	-0.5029256754246250
0.1966236598139037	-0.5029480748829021
0.1965196503744100	-0.5029704743411790
0.1965196503744100	-0.5029704743411790
0.1964156409349163	-0.5029928737994560
0.1963116314954226	-0.5030152732577331
0.1962076220559289	-0.5030376727160102
0.1961036126164352	-0.5030600721742871
0.1959996031769415	-0.5030824716325641
0.1958955937374478	-0.5031048710908411
0.1957915842979541	-0.5031272705491181
0.1956875748584604	-0.5031496700073952
0.1955835654189667	-0.5031720694656722
0.1955835654189667	-0.5031720694656722
0.1954795559794729	-0.5031944689239491
0.1953755465399793	-0.5032168683822262
0.1952715371004856	-0.5032392678405033
0.1951675276609919	-0.5032616672987802
0.1950635182214981	-0.5032840667570573
0.1949595087820045	-0.5033064662153343
0.1948554993425107	-0.5033288656736112
0.1947514899030170	-0.5033512651318883
0.1946474804635233	-0.5033736645901653
0.1946474804635233	-0.5033736645901653
0.1945434710240296	-0.5033960640484423
0.1944394615845359	-0.5034184635067194
0.1943354521450422	-0.5034408629649965
0.1942314427055485	-0.5034632624232733
0.1941274332660548	-0.5034856618815504
0.1940234238265611	-0.5035080613398274
0.1939194143870674	-0.5035304607981044
0.1938154049475737	-0.5035528602563815
0.1937113955080800	-0.5035752597146584
0.1937113955080800	-0.5035752597146584
0.1936073860685863	-0.5035976591729354
0.1935033766290926	-0.5036200586312125
0.1933993671895989	-0.5036424580894896
0.1932953577501052	-0.5036648575477665
0.1931913483106115	-0.5036872570060436
0.1930873388711178	-0.5037096564643205
0.1929833294316241	-0.5037320559225975
0.1928793199921304	-0.5037544553808746
0.1927753105526367	-0.5037768548391516
0.1927753105526367	-0.5037768548391516
0.1926713011131430	-0.5037992542974286
0.1925672916736492	-0.5038216537557056
0.1924632822341556	-0.5038440532139827
0.1923592727946619	-0.5038664526722596
0.1922552633551681	-0.5038888521305367
0.1921512539156744	-0.5039112515888137
0.1920472444761807	-0.5039336510470906
0.1919432350366870	-0.5039560505053677
0.1918392255971933	-0.5039784499636447
0.1918392255971933	-0.5039784499636447
0.1917352161576996	-0.5040008494219217
0.1916312067182059	-0.5040232488801988
0.1915271972787122	-0.5040456483384759
0.1914231878392185	-0.5040680477967527
0.1913191783997248	-0.5040904472550298
0.1912151689602311	-0.5041128467133068
0.1911111595207374	-0.5041352461715838
0.1910071500812437	-0.5041576456298609
0.1909031406417500	-0.5041800450881379
0.1909031406417500	-0.5041800450881379
0.1907991312022563	-0.5042024445464148
0.1906951217627626	-0.5042248440046919
0.1905911123232689	-0.5042472434629690
0.1904871028837752	-0.5042696429212459
0.1903830934442814	-0.5042920423795230
0.1902790840047878	-0.5043144418377999
0.1901750745652940	-0.5043368412960769
0.1900710651258004	-0.5043592407543540
0.1899670556863066	-0.5043816402126310
0.1899670556863066	-0.5043816402126310
0.1898630462468129	-0.5044040396709080
0.1897590368073192	-0.5044264391291851
0.1896550273678256	-0.5044488385874621
0.1895510179283318	-0.5044712380457390
0.1894470084888381	-0.5044936375040161
0.1893429990493444	-0.5045160369622931
0.1892389896098507	-0.5045384364205701
0.1891349801703570	-0.5045608358788471
0.1890309707308633	-0.5045832353371241
0.1890309707308633	-0.5045832353371241
0.1889269612913696	-0.5046056347954011
0.1888229518518759	-0.5046280342536782
0.1887189424123822	-0.5046504337119553
0.1886149329728885	-0.5046728331702321
0.1885109235333948	-0.5046952326285092
0.1884069140939011	-0.5047176320867862
0.1883029046544074	-0.5047400315450632
0.1881988952149137	-0.5047624310033403
0.1880948857754200	-0.5047848304616173
0.1880948857754200	-0.5047848304616173
0.1879908763359263	-0.5048072299198942
0.1878868668964326	-0.5048296293781713
0.1877828574569388	-0.5048520288364484
0.1876788480174451	-0.5048744282947253
0.1875748385779515	-0.5048968277530024
0.1874708291384578	-0.5049192272112794
0.1873668196989640	-0.5049416266695563
0.1872628102594703	-0.5049640261278334
0.1871588008199766	-0.5049864255861104
0.1871588008199766	-0.5049864255861104
0.1870547913804829	-0.5050088250443874
0.1869507819409892	-0.5050312245026645
0.1868467725014955	-0.5050536239609416
0.1867427630620018	-0.5050760234192184
0.1866387536225081	-0.5050984228774955
0.1865347441830144	-0.5051208223357725
0.1864307347435207	-0.5051432217940495
0.1863267253040270	-0.5051656212523266
0.1862227158645333	-0.5051880207106035
0.1862227158645333	-0.5051880207106035
0.1861187064250396	-0.5052104201688805
0.1860146969855459	-0.5052328196271576
0.1859106875460522	-0.5052552190854347
0.1858066781065585	-0.5052776185437116
0.1857026686670648	-0.5053000180019886
0.1855986592275711	-0.5053224174602656
0.1854946497880773	-0.5053448169185426
0.1853906403485837	-0.5053672163768197
0.1852866309090899	-0.5053896158350967
0.1852866309090899	-0.5053896158350967
0.1851826214695962	-0.5054120152933737
0.1850786120301025	-0.5054344147516507
0.1849746025906088	-0.5054568142099278
0.1848705931511151	-0.5054792136682047
0.1847665837116214	-0.5055016131264818
0.1846625742721277	-0.5055240125847588
0.1845585648326340	-0.5055464120430357
0.1844545553931403	-0.5055688115013128
0.1843505459536466	-0.5055912109595898
0.1843505459536466	-0.5055912109595898
0.1842465365141529	-0.5056136104178668
0.1841425270746592	-0.5056360098761439
0.1840385176351655	-0.5056584093344210
0.1839345081956718	-0.5056808087926978
0.1838304987561781	-0.5057032082509749
0.1837264893166844	-0.5057256077092519
0.1836224798771907	-0.5057480071675289
0.1835184704376970	-0.5057704066258060
0.1834144609982033	-0.5057928060840829
0.1834144609982033	-0.5057928060840829
0.1833104515587096	-0.5058152055423600
0.1832064421192159	-0.5058376050006370
0.1831024326797221	-0.5058600044589140
0.1829984232402285	-0.5058824039171911
0.1828944138007348	-0.5059048033754679
0.1827904043612410	-0.5059272028337449
0.1826863949217473	-0.5059496022920220
0.1825823854822536	-0.5059720017502991
0.1824783760427599	-0.5059944012085761
