0.5826438030332974	-0.2812981134351027
0.3009674921989550	-0.4782993746456545
0.3008816751928648	-0.4783216813544739
0.3007960034566935	-0.4783439034380614
0.3007104768534958	-0.4783660409844102
0.3006250952467230	-0.4783880940809121
0.3005398585002712	-0.4784100628143008
0.3004547664784282	-0.4784319472707140
0.3003698190459313	-0.4784537475357354
0.3002850160679087	-0.4784754636942627
0.5819356624363657	-0.2813249942852334
0.5818655062628795	-0.2813274510719345
0.5817954692228217	-0.2813298659814439
0.5817255511970205	-0.2813322390567827
0.5816557520663571	-0.2813345703409383
0.5815860717124101	-0.2813368598764701
0.5815165100169389	-0.2813391077058925
0.5814470668622131	-0.2813413138710821
0.5813777421307361	-0.2813434784136778
0.5813085357058567	-0.2813456013755443
0.5812394474703937	-0.2813476827974040
0.5811704773082926	-0.2813497227201842
0.5811016251037587	-0.2813517211843541
0.5810328907411340	-0.2813536782305099
0.5809642741052646	-0.2813555938981815
0.5808957750813468	-0.2813574682273545
0.5808273935550679	-0.2813593012572378
0.5807591294123601	-0.2813610930269066
0.5806909825391933	-0.2813628435750704
0.5806229528229532	-0.2813645529406446
0.5805550401498231	-0.2813662211613648
0.5804872444078895	-0.2813678482752515
0.5804195654846713	-0.2813694343199389
0.5803520032683936	-0.2813709793328172
0.5802845576473897	-0.2813724833508572
0.5802172285107278	-0.2813739464107710
0.5801500157475907	-0.2813753685491836
0.5800829192473349	-0.2813767498022925
0.5800159389003470	-0.2813780902057456
0.5799490745964846	-0.2813793897950685
0.5798823262264693	-0.2813806486062229
0.5798156936815430	-0.2813818666737123
0.5797491768529763	-0.2813830440322749
0.5796827756323247	-0.2813841807166434
0.5796164899118418	-0.2813852767608077
0.5795503195838916	-0.2813863321987896
0.5794842645412350	-0.2813873470641230
0.5794183246769778	-0.2813883213902235
0.5793524998846542	-0.2813892552100036
0.5792867900579730	-0.2813901485567010
0.5792211950912532	-0.2813910014621399
0.5791557148788722	-0.2813918139589399
0.5790903493157431	-0.2813925860789597
0.5790250982970878	-0.2813933178539977
0.5789599617183336	-0.2813940093151387
0.5788949394755800	-0.2813946604937702
0.5788300314648482	-0.2813952714206761
0.5787652375828138	-0.2813958421262799
0.5787005577261765	-0.2813963726409778
0.5786359917927781	-0.2813968629948373
0.5785715396796433	-0.2813973132174057
0.5785072012847813	-0.2813977233382592
0.5784429765066321	-0.2813980933865169
0.5783788652435911	-0.2813984233911016
0.5783148673948618	-0.2813987133806518
0.5782509828594069	-0.2813989633836217
0.5781872115370846	-0.2813991734279235
0.5781235533276443	-0.2813993435413982
0.5780600081314994	-0.2813994737518328
0.5779965758490203	-0.2813995640861475
0.5779332563814832	-0.2813996145717824
0.5778700496298461	-0.2813996252348919
0.5778069554957854	-0.2813995961024346
0.5777439738812111	-0.2813995272004357
0.5776811046884192	-0.2813994185547645
0.5776183478197862	-0.2813992701911603
0.5775557031785191	-0.2813990821349694
0.5774931706675042	-0.2813988544114546
0.5774307501906925	-0.2813985870452566
0.5773684416512100	-0.2813982800610385
0.5773062449541548	-0.2813979334830371
0.5772441600033879	-0.2813975473355210
0.5771821867039926	-0.2813971216421682
0.5771203249609682	-0.2813966564264689
0.5770585746799459	-0.2813961517117254
0.5769969357664444	-0.2813956075209176
0.5769354081268718	-0.2813950238767204
0.5768739916674447	-0.2813944008016897
0.5768126862948797	-0.2813937383180029
0.5767514919163712	-0.2813930364477349
0.5766904084391594	-0.2813922952121108
0.5766294357710297	-0.2813915146330740
0.5765685738197693	-0.2813906947314517
0.5765078224938556	-0.2813898355282285
0.5764471817017686	-0.2813889370440612
0.5763866513525063	-0.2813879992993660
0.5763262313553205	-0.2813870223140941
0.5762659216197548	-0.2813860061081391
0.5762057220553954	-0.2813849507011978
0.5761456325727894	-0.2813838561123935
0.5760856530821026	-0.2813827223609312
0.5760257834942301	-0.2813815494656138
0.5759660237201826	-0.2813803374449413
0.5759063736713796	-0.2813790863172377
0.5758468332594977	-0.2813777961004771
0.5757874023964998	-0.2813764668124118
0.5757280809945733	-0.2813750984707498
0.5756688689665505	-0.2813736910924493
0.5756097662250512	-0.2813722446948068
0.5755507726834002	-0.2813707592942936
0.5754918882552500	-0.2813692349074089
0.5754331128540895	-0.2813676715506561
0.5753744463940433	-0.2813660692397724
0.5753158887895461	-0.2813644279905249
0.5752574399553522	-0.2813627478182724
0.5751990998063499	-0.2813610287383269
0.5751408682578658	-0.2813592707656886
0.5750827452253524	-0.2813574739148945
0.5750247306248565	-0.2813556382004008
0.5749668243721308	-0.2813537636365217
0.5749090263841048	-0.2813518502370801
0.5748513365772661	-0.2813498980158817
0.5747937548687175	-0.2813479069860430
0.5747362811756574	-0.2813458771610034
0.5746789154158476	-0.2813438085535486
0.5746216575071333	-0.2813417011762763
0.5745645073676534	-0.2813395550417608
0.5745074649157847	-0.2813373701621469
0.5744505300705636	-0.2813351465488516
0.5743937027509669	-0.2813328842142032
0.5743369828758532	-0.2813305831693217
0.5742803703653990	-0.2813282434251426
0.5742238651394128	-0.2813258649927433
0.5741674671180547	-0.2813234478828439
0.5741111762215257	-0.2813209921056538
0.5740549923709002	-0.2813184976713615
0.5739989154870114	-0.2813159645897275
0.5739429454914419	-0.2813133928705590
0.5738870823055371	-0.2813107825231467
0.5738313258513345	-0.2813081335565878
0.5737756760506408	-0.2813054459799142
0.5737201328264503	-0.2813027198013878
0.5736646961009281	-0.2812999550298247
0.5736093657974135	-0.2812971516729565
0.5735541418391977	-0.2812943097388201
0.5734990241495446	-0.2812914292351462
0.5734440126524981	-0.2812885101690776
0.5733891072721100	-0.2812855525479429
0.5733343079326403	-0.2812825563785198
0.5732796145591441	-0.2812795216672604
0.5732250270758953	-0.2812764484207431
0.5731705454083662	-0.2812733366450269
0.5731161694822786	-0.2812701863459823
0.5730618992231316	-0.2812669975291455
0.5730077345568173	-0.2812637702000581
0.5729536754098734	-0.2812605043636577
0.5728997217086333	-0.2812572000249503
0.5728458733800829	-0.2812538571884147
0.5727921303510525	-0.2812504758585924
0.5727384925492169	-0.2812470560395225
0.5726849599019891	-0.2812435977349971
0.5726315323371994	-0.2812401009487887
0.5725782097832202	-0.2812365656841020
0.5725249921682796	-0.2812329919441642
0.5724718794210952	-0.2812293797319437
0.5724188714707863	-0.2812257290499271
0.5723659682462637	-0.2812220399004643
0.5723131696772005	-0.2812183122859414
0.5722604756933809	-0.2812145462078883
0.5722078862246212	-0.2812107416682050
0.5721554012013305	-0.2812068986681269
0.5721030205538339	-0.2812030172088842
0.5720507442131683	-0.2811990972912811
0.5719985721102254	-0.2811951389161024
0.5719465041764069	-0.2811911420836622
0.5718945403431672	-0.2811871067939692
0.5718426805422805	-0.2811830330469839
0.5717909247060607	-0.2811789208425729
0.5717392727664510	-0.2811747701799425
0.5716877246565814	-0.2811705810579801
0.5716362803087268	-0.2811663534761737
0.5715849396562137	-0.2811620874327599
0.5715337026326475	-0.2811577829262036
0.5714825691713239	-0.2811534399548962
0.5714315392061783	-0.2811490585164908
0.5713806126713874	-0.2811446386087473
0.5713297895013034	-0.2811401802288001
0.5712790696304942	-0.2811356833744059
0.5712284529937811	-0.2811311480418751
0.5711779395266583	-0.2811265742282387
0.5711275291639563	-0.2811219619296826
0.5710772218417082	-0.2811173111426526
0.5710270174955716	-0.2811126218627253
0.5709769160617181	-0.2811078940858043
0.5709269174766129	-0.2811031278072613
0.5708770216767638	-0.2810983230223470
0.5708272285992249	-0.2810934797257084
0.5707775381807787	-0.2810885979123801
0.5707279503591172	-0.2810836775766539
0.5706784650716444	-0.2810787187125263
0.5706290822564206	-0.2810737213141566
0.5705798018510934	-0.2810686853751206
0.5705306237946476	-0.2810636108886759
0.5704815480250706	-0.2810584978483300
0.5704325744815707	-0.2810533462467222
0.5703837031030335	-0.2810481560768635
0.5703349338289840	-0.2810429273310661
0.5702862665987111	-0.2810376600012380
0.5702377013521903	-0.2810323540793106
0.5701892380291882	-0.2810270095574082
0.5701408765706281	-0.2810216264267171
0.5700926169161734	-0.2810162046783922
0.5700444590072964	-0.2810107443032947
0.5699964027844494	-0.2810052452923333
0.5699484481893097	-0.2809997076355232
0.5699005951630127	-0.2809941313234752
0.5698528436475562	-0.2809885163458402
0.5698051935845520	-0.2809828626924432
0.5697576449164844	-0.2809771703526839
0.5697101975856540	-0.2809714393155566
0.5696628515347149	-0.2809656695702238
0.5696156067066457	-0.2809598611051841
0.5695684630442017	-0.2809540139090588
0.5695214204911273	-0.2809481279696434
0.5694744789908852	-0.2809422032753188
0.5694276384873950	-0.2809362398131565
0.5693808989245173	-0.2809302375712268
0.5693342602466157	-0.2809241965362792
0.5692877223983096	-0.2809181166950105
0.5692412853242577	-0.2809119980347258
0.5691949489694748	-0.2809058405413059
0.5691487132790478	-0.2808996442009700
0.5691025781985461	-0.2808934089997092
0.5690565436737214	-0.2808871349231366
0.5690106096501402	-0.2808808219565065
0.5689647760741983	-0.2808744700851673
0.5689190428921039	-0.2808680792938137
0.5688734100506715	-0.2808616495670721
0.5688278774963281	-0.2808551808894115
0.5687824451766315	-0.2808486732447943
0.5687371130382678	-0.2808421266173239
0.5686918810292516	-0.2808355409901577
0.5686467490967437	-0.2808289163470067
0.5686017171889167	-0.2808222526707226
0.5685567852540361	-0.2808155499443293
0.5685119532405203	-0.2808088081503428
0.5684672210966544	-0.2808020272709413
0.5684225887715101	-0.2807952072884941
0.5683780562142168	-0.2807883481844807
0.5683336233735452	-0.2807814499404777
0.5682892901997209	-0.2807745125378646
0.5682450566418831	-0.2807675359576015
0.5682009226502397	-0.2807605201806275
0.5681568881746744	-0.2807534651871728
0.5681129531659226	-0.2807463709576253
0.5680691175741196	-0.2807392374719697
0.5680253813504811	-0.2807320647099429
0.5679817444459341	-0.2807248526511417
0.5679382068114814	-0.2807176012746175
0.5678947683989566	-0.2807103105592099
0.5678514291596510	-0.2807029804839268
0.5678081890455695	-0.2806956110269644
0.5677650480088877	-0.2806882021663639
0.5677220060020396	-0.2806807538803039
0.5676790629773744	-0.2806732661463388
0.5676362188875947	-0.2806657389420747
0.5675934736858652	-0.2806581722440643
0.5675508273253053	-0.2806505660295799
0.5675082797590578	-0.2806429202751303
0.5674658309411608	-0.2806352349569203
0.5674234808250026	-0.2806275100515389
0.5673812293647138	-0.2806197455340445
0.5673390765150735	-0.2806119413802920
0.5672970222296035	-0.2806040975656772
0.5672550664636066	-0.2805962140650805
0.5672132091715864	-0.2805882908530733
0.5671714503089698	-0.2805803279045693
0.5671297898308050	-0.2805723251934170
0.5670882276924598	-0.2805642826935533
0.5670467638501475	-0.2805562003790965
0.5670053982592000	-0.2805480782227264
0.5669641308761223	-0.2805399161981585
0.5669229616570427	-0.2805317142779029
0.5668818905583058	-0.2805234724349037
0.5668409175372707	-0.2805151906412163
0.5668000425502510	-0.2805068688691618
0.5667592655547514	-0.2804985070901087
0.5667185865080023	-0.2804901052759621
0.5666780053673263	-0.2804816633977142
0.5666375220909935	-0.2804731814266777
0.5665971366364468	-0.2804646593333086
0.5665568489621396	-0.2804560970877152
0.5665166590262372	-0.2804474946607565
0.5664765667876677	-0.2804388520221296
0.5664365722048975	-0.2804301691412091
0.5663966752368158	-0.2804214459874156
0.5663568758429016	-0.2804126825298592
0.5663171739824268	-0.2804038787374551
0.5662775696146816	-0.2803950345783244
0.5662380626998148	-0.2803861500210442
0.5661986531976365	-0.2803772250337185
0.5661593410681016	-0.2803682595834490
0.5661201262718734	-0.2803592536384003
0.5660810087696552	-0.2803502071652048
0.5660419885215910	-0.2803411201307837
0.5660030654892479	-0.2803319925018659
0.5659642396334504	-0.2803228242445759
0.5659255109155918	-0.2803136153251143
0.5658868792974479	-0.2803043657091429
0.5658483447405579	-0.2802950753623155
0.5658099072068492	-0.2802857442492498
0.5657715666582008	-0.2802763723355104
0.5657333230573148	-0.2802669595852280
0.5656951763666210	-0.2802575059629107
0.5656571265488411	-0.2802480114327227
0.5656191735667510	-0.2802384759582999
0.5655813173834034	-0.2802288995031191
0.5655435579622323	-0.2802192820303031
0.5655058952665408	-0.2802096235029232
0.5654683292604255	-0.2801999238838826
0.5654308599071285	-0.2801901831345526
0.5653934871710824	-0.2801804012179464
0.5653562110164755	-0.2801705780954774
0.5653190314076038	-0.2801607137288135
0.5652819483090772	-0.2801508080787625
0.5652449616857523	-0.2801408611064687
0.5652080715026857	-0.2801308727725944
0.5651712777248435	-0.2801208430374506
0.5651345803178144	-0.2801107718607725
0.5650979792471841	-0.2801006592027218
0.5650614744782710	-0.2800905050224762
0.5650250659772946	-0.2800803092795235
0.5649887537102459	-0.2800700719321740
0.5649525376436515	-0.2800597929391485
0.5649164177437559	-0.2800494722590776
0.5648803939769634	-0.2800391098494379
0.5648444663106819	-0.2800287056683803
0.5648086347116418	-0.2800182596729649
0.5647728991469746	-0.2800077718204723
0.5647372595842939	-0.2799972420676693
0.5647017159906488	-0.2799866703712002
0.5646662683343057	-0.2799760566866235
0.5646309165828123	-0.2799654009703487
0.5645956607046437	-0.2799547031780120
0.5645605006679187	-0.2799439632645994
0.5645254364411879	-0.2799331811855537
0.5644904679928423	-0.2799223568950333
0.5644555952916929	-0.2799114903476801
0.5644208183070416	-0.2799005814974272
0.5643861370078387	-0.2798896302982684
0.5643515513635490	-0.2798786367038979
0.5643170613434259	-0.2798676006666535
0.5642826669177824	-0.2798565221402977
0.5642483680556930	-0.2798454010768286
0.5642141647280016	-0.2798342374282837
0.5641800569039475	-0.2798230311473382
0.5641460445549719	-0.2798117821852991
0.5641121276512796	-0.2798004904932379
0.5640783061633473	-0.2797891560221859
0.5640445800623890	-0.2797777787232316
0.5640109493192548	-0.2797663585464542
0.5639774139052507	-0.2797548954417172
0.5639439737923808	-0.2797433893596019
0.5639106289513208	-0.2797318402484362
0.5638773793543126	-0.2797202480580320
0.5638442249735204	-0.2797086127370203
0.5638111657806799	-0.2796969342341422
0.5637782017482180	-0.2796852124970012
0.5637453328484658	-0.2796734474738212
0.5637125590543469	-0.2796616391118639
0.5636798803386206	-0.2796497873587906
0.5636472966737176	-0.2796378921615434
0.5636148080332957	-0.2796259534661626
0.5635824143905133	-0.2796139712192916
0.5635501157188467	-0.2796019453666030
0.5635179119915207	-0.2795898758538240
0.5634858031826450	-0.2795777626262315
0.5634537892665586	-0.2795656056284780
0.5634218702165820	-0.2795534048056925
0.5633900460074888	-0.2795411601022651
0.5633583166138658	-0.2795288714613466
0.5633266820094487	-0.2795165388273050
0.5632951421700323	-0.2795041621431926
0.5632636970704207	-0.2794917413521070
0.5632323466848577	-0.2794792763962116
0.5632010909891388	-0.2794667672183035
0.5631699299585146	-0.2794542137604304
0.5631388635689748	-0.2794416159638388
0.5631078917957540	-0.2794289737701828
0.5630770146148618	-0.2794162871204941
0.5630462320024336	-0.2794035559550356
0.5630155439345401	-0.2793907802141572
0.5629849503874723	-0.2793779598379971
0.5629544513377708	-0.2793650947661804
0.5629240467622033	-0.2793521849378521
0.5628937366374878	-0.2793392302915073
0.5628635209410202	-0.2793262307666869
0.5628333996490876	-0.2793131863014010
0.5628033727395582	-0.2793000968331305
0.5627734401898633	-0.2792869622996207
0.5627436019772567	-0.2792737826379705
0.5627138580797828	-0.2792605577852441
0.5626842084751037	-0.2792472876781351
0.5626546531413645	-0.2792339722522591
0.5626251920567147	-0.2792206114434461
0.5625958251997647	-0.2792072051879251
0.5625665525482173	-0.2791937534199816
0.5625373740820603	-0.2791802560749003
0.5625082897781368	-0.2791667130867602
0.5624792996171868	-0.2791531243896901
0.5624504035772437	-0.2791394899175342
0.5624216016381193	-0.2791258096030319
0.5623928937789284	-0.2791120833799635
0.5623642799791690	-0.2790983111808329
0.5623357602183316	-0.2790844929373869
0.5623073344763745	-0.2790706285820114
0.5622790027334609	-0.2790567180452866
0.5622507649695629	-0.2790427612596613
0.5622226211646704	-0.2790287581551006
0.5621945712994256	-0.2790147086621520
0.5621666153537864	-0.2790006127112969
0.5621387533093357	-0.2789864702311446
0.5621109851462357	-0.2789722811529379
0.5620833108457862	-0.2789580454038018
0.5620557303886533	-0.2789437629136842
0.5620282437561767	-0.2789294336092140
0.5620008509300120	-0.2789150574198421
0.5619735518910948	-0.2789006342713953
0.5619463466216442	-0.2788861640924248
0.5619192351027706	-0.2788716468087657
0.5618922173168702	-0.2788570823471970
0.5618652932461996	-0.2788424706334987
0.5618384628722773	-0.2788278115935625
0.5618117261774174	-0.2788131051521018
0.5617850831450676	-0.2787983512335261
0.5617585337563537	-0.2787835497635213
0.5617320779944136	-0.2787687006647305
0.5617057158429992	-0.2787538038620830
0.5616794472837504	-0.2787388592777332
0.5616532723009366	-0.2787238668350653
0.5616271908770675	-0.2787088264567760
0.5616012029952372	-0.2786937380635410
0.5615753086395413	-0.2786786015792259
0.5615495077932539	-0.2786634169239278
0.5615238004405249	-0.2786481840184299
0.5614981865644564	-0.2786329027834580
0.5614726661496754	-0.2786175731389707
0.5614472391800731	-0.2786021950049633
0.5614219056396099	-0.2785867683006177
0.5613966655128646	-0.2785712929447332
0.5613715187847889	-0.2785557688557063
0.5613464654382679	-0.2785401959517781
0.5613215054603323	-0.2785245741503345
0.5612966388342883	-0.2785089033696747
0.5612718655450728	-0.2784931835253849
0.5612471855784105	-0.2784774145348647
0.5612225989198477	-0.2784615963132799
0.5611981055534697	-0.2784457287769856
0.5611737054651853	-0.2784298118407755
0.5611493986412982	-0.2784138454195580
0.5611251850664745	-0.2783978294281257
0.5611010647267444	-0.2783817637797288
0.5610770376077754	-0.2783656483887775
0.5610531036963708	-0.2783494831671637
0.5610292629778518	-0.2783332680285928
0.5610055154385235	-0.2783170028854817
0.5609818610647169	-0.2783006876491683
0.5609582998435840	-0.2782843222304013
0.5609348317608737	-0.2782679065417051
0.5609114568035721	-0.2782514404929409
0.5608881749581351	-0.2782349239930510
0.5608649862121792	-0.2782183569547624
0.5608418905516649	-0.2782017392838127
0.5608188879634738	-0.2781850708914543
0.5607959784361007	-0.2781683516850306
0.5607731619566703	-0.2781515815730588
0.5607504385116601	-0.2781347604630477
0.5607278080887773	-0.2781178882609828
0.5607052706764025	-0.2781009648747910
0.5606828262611313	-0.2780839902103194
0.5606604748311858	-0.2780669641729496
0.5606382163752450	-0.2780498866683797
0.5606160508801242	-0.2780327576006911
0.5605939783341342	-0.2780155768751063
0.5605719987261969	-0.2779983443953638
0.5605501120438681	-0.2779810600653794
0.5605283182755715	-0.2779637237872829
0.5605066174105049	-0.2779463354637766
0.5604850094364507	-0.2779288949976835
0.5604634943421368	-0.2779114022900340
0.5604420721164803	-0.2778938572425647
0.5604207427483134	-0.2778762597550061
0.5603995062268703	-0.2778586097290320
0.5603783625409134	-0.2778409070632585
0.5603573116782831	-0.2778231516567742
0.5603363536296605	-0.2778053434101952
0.5603154883842542	-0.2777874822207643
0.5602947159306791	-0.2777695679858844
0.5602740362593434	-0.2777516006033696
0.5602534493584654	-0.2777335799708600
0.5602329552193253	-0.2777155059843180
0.5602125538307997	-0.2776973785393558
0.5601922451816082	-0.2776791975311425
0.5601720292631686	-0.2776609628570047
0.5601519060638135	-0.2776426744087315
0.5601318755750374	-0.2776243320818555
0.5601119377858724	-0.2776059357701697
0.5600920926871512	-0.2775874853660352
0.5600723402688386	-0.2775689807611836
0.5600526805210616	-0.2775504218494222
0.5600331134337022	-0.2775318085217191
0.5600136388977605	-0.2775131405681823
0.5599942571207255	-0.2774944181343728
0.5599749680437721	-0.2774756409508512
0.5599557715058051	-0.2774568088645618
0.5599366675818397	-0.2774379218133784
0.5599176562622894	-0.2774189796850735
0.5598987375375870	-0.2773999823674966
0.5598799113995997	-0.2773809297479908
0.5598611778384668	-0.2773618217151541
0.5598425368454727	-0.2773426581539611
0.5598239884115409	-0.2773234389512751
0.5598055325281878	-0.2773041639919368
0.5597871691868987	-0.2772848331615419
0.5597688983772290	-0.2772654463445666
0.5597507200921944	-0.2772460034232110
0.5597326343224681	-0.2772265042826159
0.5597146410594804	-0.2772069488061206
0.5596967402948508	-0.2771873368747255
0.5596789320193450	-0.2771676683700364
0.5596612162264556	-0.2771479431738987
0.5596435929730483	-0.2771281613106073
0.5596260620479513	-0.2771083222317756
0.5596086236477157	-0.2770884262443077
0.5595912776944737	-0.2770684730853474
0.5595740241805734	-0.2770484626322847
0.5595568630981166	-0.2770283947644742
0.5595397944406245	-0.2770082693590418
0.5595228181961397	-0.2769880862934069
0.5595059343602810	-0.2769678454429648
0.5594891429224819	-0.2769475466832935
0.5594724438755084	-0.2769271898910447
0.5594558372128674	-0.2769067749395611
0.5594393229232787	-0.2768863017032999
0.5594229010006448	-0.2768657700556416
0.5594065714391417	-0.2768451798707892
0.5593903342287810	-0.2768245310199458
0.5593741893594733	-0.2768038233750345
0.5593581368273911	-0.2767830568076565
0.5593421766233917	-0.2767622311885033
0.5593263087388666	-0.2767413463892104
0.5593105331666923	-0.2767204022749145
0.5592948498404843	-0.2766993986979036
0.5592792589286262	-0.2766783355882269
0.5592637602471319	-0.2766572127506186
0.5592483538471840	-0.2766360300731942
0.5592330397220368	-0.2766147874213602
0.5592178178609720	-0.2765934846636002
0.5592026882580703	-0.2765721216643104
0.5591876509075447	-0.2765506982868694
0.5591727057999719	-0.2765292143978389
0.5591578531140170	-0.2765076695508495
0.5591430921606575	-0.2764860645498008
0.5591284238575902	-0.2764643982857081
0.5591138476458251	-0.2764426709755809
0.5590993636377951	-0.2764208824649847
0.5590849718273629	-0.2763990326131571
0.5590706722080828	-0.2763771212814289
0.5590564647684954	-0.2763551483300920
0.5590423495048573	-0.2763331136161447
0.5590283264071703	-0.2763110169966966
0.5590143956619010	-0.2762888583750203
0.5590005566794934	-0.2762666374786767
0.5589868100360611	-0.2762443542910469
0.5589731555268770	-0.2762220086261752
0.5589595931464240	-0.2761996003377630
0.5589461228848814	-0.2761771292798988
0.5589327447365234	-0.2761545953068602
0.5589194586927601	-0.2761319982716336
0.5589062647458748	-0.2761093380284889
0.5588931628871723	-0.2760866144259723
0.5588801531089549	-0.2760638273177799
0.5588672356720741	-0.2760409761836245
0.5588544097626612	-0.2760180619813271
0.5588416761790306	-0.2759950834507592
0.5588290346449732	-0.2759720408119392
0.5588164851496602	-0.2759489339111580
0.5588040276879623	-0.2759257625965930
0.5587916622513123	-0.2759025267138878
0.5587793888294929	-0.2758792261101766
0.5587672074155473	-0.2758558606272055
0.5587551178442163	-0.2758324298447400
0.5587431208591060	-0.2758089345176970
0.5587312151344604	-0.2757853733586080
0.5587194016687591	-0.2757617468067856
0.5587076801678234	-0.2757380545902605
0.5586960506217228	-0.2757142965570717
0.5586845130255560	-0.2756904725378286
0.5586730673664305	-0.2756665823808429
0.5586617136386273	-0.2756426259202961
0.5586504518352196	-0.2756186029960275
0.5586392818656075	-0.2755945135446581
0.5586282044941426	-0.2755703569316350
0.5586172178548341	-0.2755461338098074
0.5586063236459784	-0.2755218433955886
0.5585955213124897	-0.2754974857037134
0.5585848108421363	-0.2754730605544539
0.5585741922334548	-0.2754485677894473
0.5585636654697332	-0.2754240072415937
0.5585532305432969	-0.2753993787402572
0.5585428874468954	-0.2753746821185891
0.5585326362051412	-0.2753499169728262
0.5585224775336659	-0.2753250828693378
0.5585124090236654	-0.2753001818175968
0.5585024331375132	-0.2752752110051397
0.5584925490316121	-0.2752501712097106
0.5584827566911915	-0.2752250622679032
0.5584730561074923	-0.2751998839984732
0.5584634472735045	-0.2751746362262717
0.5584539301685759	-0.2751493187821633
0.5584445050283868	-0.2751239321702789
0.5584351709676795	-0.2750984741557381
0.5584259298024021	-0.2750729470964463
0.5584167796148790	-0.2750473479959012
0.5584077203133013	-0.2750216802000398
0.5583987548745932	-0.2749959412362824
0.5583898781309689	-0.2749701307974914
0.5583810945120915	-0.2749442495203414
0.5583724025231075	-0.2749182969488485
0.5583638021643254	-0.2748922729047558
0.5583552934082562	-0.2748661772008456
0.5583468756918656	-0.2748400097275737
0.5583385509109147	-0.2748137704622088
0.5583303166724450	-0.2747874582635643
0.5583221740683908	-0.2747610738281095
0.5583141233292865	-0.2747346172561261
0.5583061639661651	-0.2747080876696631
0.5582982961167396	-0.2746814851134401
0.5582905197760296	-0.2746548093907485
0.5582828349256680	-0.2746280603144156
0.5582752427598507	-0.2746012381186014
0.5582677400114570	-0.2745743407025746
0.5582603298782907	-0.2745473700035248
0.5582530112317186	-0.2745203253504193
0.5582457829627246	-0.2744932060450525
0.5582386481589151	-0.2744660135353859
0.5582316015517786	-0.2744387465519537
0.5582246481211844	-0.2744114036332448
0.5582177860520638	-0.2743839855967307
0.5582110176366922	-0.2743564909106683
0.5582043359240318	-0.2743289233730277
0.5581977479509180	-0.2743012785867091
0.5581912511116455	-0.2742735570813270
0.5581848493713041	-0.2742457597749409
0.5581785350926148	-0.2742178875134594
0.5581723082727968	-0.2741899391435985
0.5581661764954944	-0.2741619128922481
0.5581601401856929	-0.2741338084151003
0.5581541876800076	-0.2741056334951779
0.5581483283606754	-0.2740773716182348
0.5581425599301022	-0.2740490377856249
0.5581368851529961	-0.2740206233392695
0.5581313013849419	-0.2739921317858678
0.5581258061389313	-0.2739635629110269
0.5581204043427224	-0.2739349151617055
0.5581150927957478	-0.2739061888163649
0.5581098722978405	-0.2738773836103672
0.5581047410409202	-0.2738485001941688
0.5580997043431563	-0.2738195357899002
0.5580947603754253	-0.2737904878994164
0.5580899019433673	-0.2737613728390036
0.5580851345543055	-0.2737321676318371
0.5580804582970661	-0.2737028856200507
0.5580758739404357	-0.2736735197156754
0.5580713819943235	-0.2736440721224069
0.5580669812291899	-0.2736145525024167
0.5580626770770747	-0.2735849452197917
0.5580584546764144	-0.2735552531511308
0.5580543215171315	-0.2735254877513923
0.5580502784911867	-0.2734956342159658
0.5580463325479262	-0.2734657078599861
0.5580424759921189	-0.2734356942647793
0.5580387082273117	-0.2734055975160220
0.5580350308397649	-0.2733754193699175
0.5580314455391787	-0.2733451520402455
0.5580279560131366	-0.2733148124157901
0.5580245477235395	-0.2732843810502029
0.5580212339503308	-0.2732538686051000
0.5580180107101506	-0.2732232723281268
0.5580148905160441	-0.2731925865487729
0.5580118380929902	-0.2731618280079026
0.5580088836814097	-0.2731309777050042
0.5580060232824515	-0.2731000413139573
0.5580032578723766	-0.2730690209036287
0.5580005768637022	-0.2730379269836867
0.5579979774596822	-0.2730067280259715
0.5579954889891431	-0.2729754542837062
0.5579930697909667	-0.2729441033638489
0.5579907613384484	-0.2729126324768289
0.5579885213985126	-0.2728811049356575
0.5579863893608918	-0.2728494976953401
0.5579843339664834	-0.2728177850415586
0.5579823736080695	-0.2727859912952539
0.5579805117159008	-0.2727540971615519
0.5579787245847042	-0.2727221386432559
0.5579770294340923	-0.2726900829362299
0.5579754535839349	-0.2726579287750821
0.5579739407651094	-0.2726256962390194
0.5579725243596046	-0.2725933579924218
0.5579711963556270	-0.2725609457864526
0.5579699389892847	-0.2725284598456346
0.5579687930393369	-0.2724958651840802
0.5579677370678715	-0.2724631858507933
0.5579667642737195	-0.2724304115842002
0.5579658926204233	-0.2723975414312901
0.5579651034691092	-0.2723645906373602
0.5579644186558698	-0.2723315450840496
0.5579637889018126	-0.2722984155858891
0.5579632902499336	-0.2722651681764823
0.5579628479562110	-0.2722318497909393
0.5579624756782164	-0.2721984633053961
0.5579622278260407	-0.2721649642097369
0.5579620724125771	-0.2721313708988464
0.5579619928577431	-0.2720976825271892
0.5579619955036902	-0.2720638995037959
0.5579621037508194	-0.2720300283241766
0.5579623033767568	-0.2719960740296658
0.5579625823095257	-0.2719619973002170
0.5579629542545455	-0.2719278383091035
0.5579633888324236	-0.2718936344767851
0.5579639553372172	-0.2718592626655312
0.5579645909431835	-0.2718248131227169
0.5579653235643474	-0.2717902704450698
0.5579661435197804	-0.2717556414857828
0.5579670296401356	-0.2717209267239479
0.5579680260221549	-0.2716860979793431
0.5579691055674861	-0.2716512036663716
0.5579703024634629	-0.2716161559393038
0.5579715453612308	-0.2715810482665836
0.5579728940357381	-0.2715458647449622
0.5579743233502495	-0.2715105505664256
0.5579758413073129	-0.2714751386572553
0.5579774510383115	-0.2714396185005222
0.5579791666102218	-0.2714040329755559
0.5579809263026175	-0.2713683313479386
0.5579828351675706	-0.2713325509886025
0.5579847969606648	-0.2712966384814913
0.5579868871740901	-0.2712605863656559
0.5579889898612377	-0.2712245058200666
0.5579912141782086	-0.2711883547326601
0.5579935267636404	-0.2711520498747447
0.5579959225592379	-0.2711156389242543
0.5579984145327402	-0.2710791217706129
0.5580009895794132	-0.2710425293582351
0.5580036677591668	-0.2710058214725419
0.5580064637221800	-0.2709690299276423
0.5580092167384746	-0.2709321128754997
0.5580121742866507	-0.2708951171079981
0.5580151618982311	-0.2708579157934031
0.5580183815347082	-0.2708207753310168
0.5580214948086135	-0.2707834457831751
0.5580247749161373	-0.2707460153861919
0.5580281550010989	-0.2707084584441304
0.5580315964768566	-0.2706708340611276
0.5580351608631497	-0.2706331158686205
0.5580387719988732	-0.2705952524315660
0.5580424871669624	-0.2705572871668366
0.5580463160067297	-0.2705192477854541
0.5580501749586325	-0.2704810969756730
0.5580540632631908	-0.2704428374434009
0.5580581861569688	-0.2704044500190973
0.5580623451264151	-0.2703659645770830
0.5580665680958492	-0.2703273726245624
0.5580708897244595	-0.2702886866580159
0.5580753173284204	-0.2702498388321941
0.5580797922915838	-0.2702108923109642
0.5580843399246345	-0.2701719608966697
0.5580891158936039	-0.2701326742078733
0.5580938527345015	-0.2700936270138015
0.5580986440121459	-0.2700541860232077
0.5581035071085184	-0.2700147063221320
0.5581085171609672	-0.2699751396349410
0.5581136012420264	-0.2699354455332766
0.5581187601362314	-0.2698956828040569
0.5581239875654754	-0.2698557117237541
0.5581293241749978	-0.2698157070313667
0.5581348034583876	-0.2697754688963865
0.5581403225621219	-0.2697352828455212
0.5581458795975652	-0.2696948492989102
0.5581516223608460	-0.2696546074245987
0.5581573725003219	-0.2696138909384188
0.5581632315960362	-0.2695732203793645
0.5581691366065855	-0.2695324038283695
0.5581752307795557	-0.2694913312158103
0.5581813098134251	-0.2694504336754028
0.5581874324218469	-0.2694091659427472
0.5581936445224958	-0.2693680205131916
0.5582000524104027	-0.2693265070778323
0.5582064026173497	-0.2692851250349087
0.5582130548726607	-0.2692432560568054
0.5582197129999460	-0.2692017411513714
0.5582263657602847	-0.2691598275037657
0.5582331078549593	-0.2691177839830291
0.5582399888711376	-0.2690756937548685
0.5582469412252393	-0.2690335571919867
0.5582539794376526	-0.2689912396674932
0.5582611834794637	-0.2689486199679527
0.5582682493419500	-0.2689062043788147
0.5582757171774607	-0.2688638023051010
0.5582828433895217	-0.2688204466893405
0.5582903782905665	-0.2687776048799759
0.5582982299895243	-0.2687304786275986
0.5583053933031953	-0.2686912326850492
0.5583131132006131	-0.2686481513556384
0.5583210280539321	-0.2686045390200702
0.5583287133148747	-0.2685611461864670
0.5583367181726320	-0.2685172584272352
0.5583449025293887	-0.2684734487068342
0.5583526236049949	-0.2684296132235302
0.5583608514861894	-0.2683852644824838
0.5583610435811870	-0.2683534686085803
0.5583716215557102	-0.2683022838810713
0.5583821995302335	-0.2682510991535624
0.5583927775047568	-0.2681999144260533
0.5584033554792800	-0.2681487296985443
0.5584116031449884	-0.2681186188360053
0.5584202874017794	-0.2680740953283988
0.5584287887319168	-0.2680285640912993
0.5584383190960318	-0.2679833812190739
0.5584469504831139	-0.2679383418162163
0.5584562453518962	-0.2678928060609994
0.5584668233264194	-0.2678416213334903
0.5584774013009427	-0.2677904366059813
0.5584879792754660	-0.2677392518784724
0.5584985572499892	-0.2676880671509634
0.5585091352245124	-0.2676368824234544
0.5585197131990356	-0.2675856976959454
0.5585302911735589	-0.2675345129684363
0.5585408691480821	-0.2674833282409274
0.5585514471226054	-0.2674321435134184
0.5585514471226054	-0.2674321435134184
0.5585620250971286	-0.2673809587859094
0.5585726030716519	-0.2673297740584004
0.5585831810461752	-0.2672785893308914
0.5585937590206984	-0.2672274046033824
0.5586043369952216	-0.2671762198758734
0.5586149149697449	-0.2671250351483644
0.5586254929442681	-0.2670738504208554
0.5586360709187914	-0.2670226656933464
0.5586466488933146	-0.2669714809658374
0.5586466488933146	-0.2669714809658374
0.5586572268678378	-0.2669202962383284
0.5586678048423611	-0.2668691115108194
0.5586783828168844	-0.2668179267833104
0.5586889607914076	-0.2667667420558014
0.5586995387659308	-0.2667155573282924
0.5587101167404541	-0.2666643726007834
0.5587206947149773	-0.2666131878732744
0.5587312726895006	-0.2665620031457654
0.5587418506640238	-0.2665108184182564
0.5587418506640238	-0.2665108184182564
0.5587524286385470	-0.2664596336907474
0.5587630066130703	-0.2664084489632384
0.5587735845875936	-0.2663572642357294
0.5587841625621168	-0.2663060795082204
0.5587947405366400	-0.2662548947807114
0.5588053185111632	-0.2662037100532024
0.5588158964856865	-0.2661525253256934
0.5588264744602098	-0.2661013405981845
0.5588370524347330	-0.2660501558706754
0.5588370524347330	-0.2660501558706754
0.5588476304092562	-0.2659989711431665
0.5588582083837795	-0.2659477864156574
0.5588687863583028	-0.2658966016881484
0.5588793643328260	-0.2658454169606395
0.5588899423073492	-0.2657942322331304
0.5589005202818725	-0.2657430475056214
0.5589110982563957	-0.2656918627781125
0.5589216762309190	-0.2656406780506034
0.5589322542054422	-0.2655894933230944
0.5589322542054422	-0.2655894933230944
0.5589428321799654	-0.2655383085955854
0.5589534101544887	-0.2654871238680765
0.5589639881290120	-0.2654359391405675
0.5589745661035352	-0.2653847544130584
0.5589851440780584	-0.2653335696855494
0.5589957220525817	-0.2652823849580405
0.5590063000271049	-0.2652312002305315
0.5590168780016282	-0.2651800155030224
0.5590274559761514	-0.2651288307755135
0.5590274559761514	-0.2651288307755135
0.5590380339506746	-0.2650776460480044
0.5590486119251979	-0.2650264613204955
0.5590591898997213	-0.2649752765929865
0.5590697678742444	-0.2649240918654775
0.5590803458487676	-0.2648729071379685
0.5590909238232908	-0.2648217224104595
0.5591015017978141	-0.2647705376829504
0.5591120797723375	-0.2647193529554415
0.5591226577468607	-0.2646681682279325
0.5591226577468607	-0.2646681682279325
0.5591332357213838	-0.2646169835004235
0.5591438136959072	-0.2645657987729145
0.5591543916704305	-0.2645146140454055
0.5591649696449537	-0.2644634293178965
0.5591755476194769	-0.2644122445903875
0.5591861255940002	-0.2643610598628785
0.5591967035685234	-0.2643098751353695
0.5592072815430467	-0.2642586904078605
0.5592178595175699	-0.2642075056803515
0.5592178595175699	-0.2642075056803515
0.5592284374920931	-0.2641563209528425
0.5592390154666164	-0.2641051362253335
0.5592495934411397	-0.2640539514978245
0.5592601714156629	-0.2640027667703155
0.5592707493901861	-0.2639515820428065
0.5592813273647094	-0.2639003973152975
0.5592919053392326	-0.2638492125877885
0.5593024833137558	-0.2637980278602795
0.5593130612882791	-0.2637468431327705
0.5593130612882791	-0.2637468431327705
0.5593236392628023	-0.2636956584052615
0.5593342172373256	-0.2636444736777525
0.5593447952118489	-0.2635932889502435
0.5593553731863721	-0.2635421042227346
0.5593659511608953	-0.2634909194952255
0.5593765291354185	-0.2634397347677165
0.5593871071099418	-0.2633885500402076
0.5593976850844650	-0.2633373653126986
0.5594082630589883	-0.2632861805851895
0.5594082630589883	-0.2632861805851895
0.5594188410335115	-0.2632349958576806
0.5594294190080348	-0.2631838111301715
0.5594399969825581	-0.2631326264026626
0.5594505749570813	-0.2630814416751536
0.5594611529316045	-0.2630302569476445
0.5594717309061278	-0.2629790722201356
0.5594823088806510	-0.2629278874926266
0.5594928868551743	-0.2628767027651175
0.5595034648296975	-0.2628255180376086
0.5595034648296975	-0.2628255180376086
0.5595140428042207	-0.2627743333100995
0.5595246207787440	-0.2627231485825906
0.5595351987532673	-0.2626719638550816
0.5595457767277905	-0.2626207791275725
0.5595563547023137	-0.2625695944000636
0.5595669326768370	-0.2625184096725546
0.5595775106513602	-0.2624672249450456
0.5595880886258835	-0.2624160402175366
0.5595986666004067	-0.2623648554900276
0.5595986666004067	-0.2623648554900276
0.5596092445749299	-0.2623136707625185
0.5596198225494532	-0.2622624860350096
0.5596304005239765	-0.2622113013075006
0.5596409784984997	-0.2621601165799916
0.5596515564730229	-0.2621089318524826
0.5596621344475461	-0.2620577471249736
0.5596727124220694	-0.2620065623974646
0.5596832903965927	-0.2619553776699556
0.5596938683711159	-0.2619041929424466
0.5596938683711159	-0.2619041929424466
0.5597044463456391	-0.2618530082149376
0.5597150243201624	-0.2618018234874286
0.5597256022946857	-0.2617506387599196
0.5597361802692089	-0.2616994540324106
0.5597467582437321	-0.2616482693049016
0.5597573362182554	-0.2615970845773926
0.5597679141927786	-0.2615458998498836
0.5597784921673019	-0.2614947151223746
0.5597890701418251	-0.2614435303948656
0.5597890701418251	-0.2614435303948656
0.5597996481163483	-0.2613923456673566
0.5598102260908716	-0.2613411609398476
0.5598208040653949	-0.2612899762123386
0.5598313820399181	-0.2612387914848296
0.5598419600144413	-0.2611876067573206
0.5598525379889646	-0.2611364220298116
0.5598631159634878	-0.2610852373023027
0.5598736939380111	-0.2610340525747936
0.5598842719125343	-0.2609828678472846
0.5598842719125343	-0.2609828678472846
0.5598948498870575	-0.2609316831197756
0.5599054278615808	-0.2608804983922666
0.5599160058361041	-0.2608293136647576
0.5599265838106273	-0.2607781289372487
0.5599371617851505	-0.2607269442097396
0.5599477397596737	-0.2606757594822307
0.5599583177341970	-0.2606245747547217
0.5599688957087203	-0.2605733900272127
0.5599794736832435	-0.2605222052997037
0.5599794736832435	-0.2605222052997037
0.5599900516577667	-0.2604710205721947
0.5600006296322901	-0.2604198358446856
0.5600112076068132	-0.2603686511171767
0.5600217855813365	-0.2603174663896677
0.5600323635558597	-0.2602662816621586
0.5600429415303829	-0.2602150969346496
0.5600535195049061	-0.2601639122071406
0.5600640974794295	-0.2601127274796317
0.5600746754539527	-0.2600615427521227
