0.5826438030332974	-0.2812981134351027
0.5827867109801060	-0.2812922936601324
0.5829297775156302	-0.2812864310123567
0.5830730029002481	-0.2812805254055943
0.5832163873955387	-0.2812745767533570
0.5833599312630314	-0.2812685849687148
0.5835036347653705	-0.2812625499643850
0.5836474981659222	-0.2812564716527541
0.5837915217289009	-0.2812503499460783
0.5839357057188380	-0.2812441847558750
0.5840800504014010	-0.2812379759936308
0.5842245560427531	-0.2812317235704507
0.5843692229098190	-0.2812254273968733
0.5845140512703503	-0.2812190873833270
0.5846590413926193	-0.2812127034397197
0.5848041935458712	-0.2812062754757327
0.5849495080001481	-0.2811998034006769
0.5850949850258018	-0.2811932871234719
0.5852406248944042	-0.2811867265526291
0.5853864278778828	-0.2811801215962914
0.5855323942493849	-0.2811734721623357
0.5856785242823873	-0.2811667781582828
0.5858248182512525	-0.2811600394912885
0.5859712764311557	-0.2811532560679726
0.5861178990980305	-0.2811464277947519
0.5862646865284659	-0.2811395545776605
0.5864116390000348	-0.2811326363224271
0.5865587567907867	-0.2811256729341879
0.5867060401797937	-0.2811186643178363
0.5868534894467917	-0.2811116103780695
0.5870011048722978	-0.2811045110188797
0.5871488867376148	-0.2810973661440772
0.5872968353248335	-0.2810901756569874
0.5874449509168694	-0.2810829394607957
0.5875932337974149	-0.2810756574579658
0.5877416842509294	-0.2810683295508333
0.5878903025625781	-0.2810609556412381
0.5880390890185305	-0.2810535356306831
0.5881880439055729	-0.2810460694202062
0.5883371675113985	-0.2810385569105667
0.5884864601244802	-0.2810309980020109
0.5886359220342360	-0.2810233925944789
0.5887855535304422	-0.2810157405876275
0.5889353549042299	-0.2810080418803215
0.5890853264474190	-0.2810002963714587
0.5892354684523233	-0.2809925039593721
0.5893857812124950	-0.2809846645419438
0.5895362650221277	-0.2809767780167419
0.5896869201762234	-0.2809688442807848
0.5898377469706830	-0.2809608632309910
0.5899887457020627	-0.2809528347633430
0.5901399166683168	-0.2809447587741939
0.5902912601674843	-0.2809366351586149
0.5904427764988927	-0.2809284638118984
0.5905944659626464	-0.2809202446286668
0.5907463288597955	-0.2809119775031089
0.5908983654920981	-0.2809036623292030
0.5910505761622123	-0.2808952990002365
0.5912029611735730	-0.2808868874091455
0.5913555208307014	-0.2808784274486457
0.5915082554388821	-0.2808699190107655
0.5916611653042169	-0.2808613619873053
0.5918142507337679	-0.2808527562694904
0.5919675120353644	-0.2808441017482101
0.5921209495178307	-0.2808353983138442
0.5922745634908405	-0.2808266458564655
0.5924283542650618	-0.2808178442655540
0.5925823221518117	-0.2808089934302891
0.5927364674633911	-0.2808000932392544
0.5928907905133066	-0.2807911435807671
0.5930452916154551	-0.2807821443426561
0.5931999710850433	-0.2807730954121484
0.5933548292380049	-0.2807639966762548
0.5935098663912951	-0.2807548480214636
0.5936650828626974	-0.2807456493336012
0.5938204789708716	-0.2807364004984036
0.5939760550355027	-0.2807271014009347
0.5941318113772771	-0.2807177519257025
0.5942877483176372	-0.2807083519570155
0.5944438661790112	-0.2806989013786212
0.5946001652848242	-0.2806894000736838
0.5947566459593949	-0.2806798479251269
0.5949133085280447	-0.2806702448151068
0.5950701533169789	-0.2806605906255423
0.5952271806534079	-0.2806508852379105
0.5953843908654257	-0.2806411285330971
0.5955417842821911	-0.2806313203914965
0.5956993612337717	-0.2806214606932179
0.5958571220511981	-0.2806115493175123
0.5960150670664586	-0.2806015861436369
0.5961731966126202	-0.2805915710498809
0.5963315110235017	-0.2805815039145340
0.5964900106342738	-0.2805713846149934
0.5966486957807406	-0.2805612130283971
0.5968075667998491	-0.2805509890312334
0.5969666240295272	-0.2805407124996395
0.5971258678087322	-0.2805303833092222
0.5972852984774124	-0.2805200013350759
0.5974449163764534	-0.2805095664517614
0.5976047218478803	-0.2804990785333535
0.5977647152346066	-0.2804885374534868
0.5979248968806692	-0.2804779430851277
0.5980852671310017	-0.2804672953010109
0.5982458263317462	-0.2804565939730451
0.5984065748298929	-0.2804458389728802
0.5985675129735831	-0.2804350301714263
0.5987286411119989	-0.2804241674392980
0.5988899595952593	-0.2804132506464898
0.5990514687746651	-0.2804022796624019
0.5992131690025216	-0.2803912543559972
0.5993750606320959	-0.2803801745957203
0.5995371440178610	-0.2803690402494278
0.5996994195152828	-0.2803578511844893
0.5998618874808660	-0.2803466072677357
0.6000245482723413	-0.2803353083653692
0.6001874022482584	-0.2803239543432658
0.6003504497684738	-0.2803125450665667
0.6005136911938777	-0.2803010803999050
0.6006771268863916	-0.2802895602073878
0.6008407572090476	-0.2802779843526608
0.6010045825260201	-0.2802663526986277
0.6011686032025225	-0.2802546651078597
0.6013328196050025	-0.2802429214421178
0.6014972321008549	-0.2802311215628778
0.6016618410587338	-0.2802192653308820
0.6018266468482804	-0.2802073526063560
0.6019916498404503	-0.2801953832489085
0.6021568504071514	-0.2801833571175799
0.6023222489214927	-0.2801712740710008
0.6024878457576642	-0.2801591339670290
0.6026536412912066	-0.2801469366630640
0.6028196358985414	-0.2801346820158025
0.6029858299574253	-0.2801223698815753
0.6031522238466810	-0.2801100001158783
0.6033188179463562	-0.2800975725737375
0.6034856126376584	-0.2800850871096667
0.6036526083029201	-0.2800725435774706
0.6038198053257033	-0.2800599418303490
0.6039872040907350	-0.2800472817209184
0.6041548049838963	-0.2800345631013524
0.6043226083923229	-0.2800217858229786
0.6044906147043477	-0.2800089497366764
0.6046588243094058	-0.2799960546926893
0.6048272375982247	-0.2799831005405732
0.6049958549627995	-0.2799700871293007
0.6051646767962228	-0.2799570143073514
0.6053337034929007	-0.2799438819223263
0.6055029354483391	-0.2799306898214674
0.6056723730594741	-0.2799174378512297
0.6058420167243203	-0.2799041258575020
0.6060118668421638	-0.2798907536855609
0.6061819238136082	-0.2798773211799024
0.6063521880404433	-0.2798638281845331
0.6065226599257104	-0.2798502745428304
0.6066933398738258	-0.2798366600973922
0.6068642282903318	-0.2798229846902521
0.6070353255820570	-0.2798092481628390
0.6072066321572647	-0.2797954503557739
0.6073781484253159	-0.2797815911092297
0.6075498747970413	-0.2797676702624932
0.6077218116843712	-0.2797536876544225
0.6078939595006020	-0.2797396431229698
0.6080663186605182	-0.2797255365056039
0.6082388895799665	-0.2797113676390249
0.6084116726762547	-0.2796971363593240
0.6085846683679264	-0.2796828425018011
0.6087578770749712	-0.2796684859011738
0.6089312992185845	-0.2796540663914092
0.6091049352214123	-0.2796395838058391
0.6092787855073476	-0.2796250379770826
0.6094528505017544	-0.2796104287370237
0.6096271306312184	-0.2795957559169372
0.6098016263237858	-0.2795810193472769
0.6099763380088317	-0.2795662188578952
0.6101512661171653	-0.2795513542778689
0.6103264110808496	-0.2795364254355700
0.6105017733334680	-0.2795214321586670
0.6106773533099036	-0.2795063742741238
0.6108531514465000	-0.2794912516081327
0.6110291681810218	-0.2794760639861955
0.6112054039525256	-0.2794608112330955
0.6113818592016539	-0.2794454931728167
0.6115585343702834	-0.2794301096286749
0.6117354299019263	-0.2794146604231554
0.6119125462413405	-0.2793991453781427
0.6120898838348383	-0.2793835643146842
0.6122674431301811	-0.2793679170530009
0.6124452245764914	-0.2793522034126850
0.6126232286244846	-0.2793364232124481
0.6128014557262295	-0.2793205762704011
0.6129799063353401	-0.2793046624037447
0.6131585809067974	-0.2792886814289426
0.6133374798973104	-0.2792726331616715
0.6135166037648021	-0.2792565174168824
0.6136959529688412	-0.2792403340086719
0.6138755279704892	-0.2792240827504383
0.6140553292322994	-0.2792077634546714
0.6142353572183676	-0.2791913759331695
0.6144156123942842	-0.2791749199968992
0.6145960952271642	-0.2791583954560192
0.6147768061857631	-0.2791418021197791
0.6149577457402313	-0.2791251397968443
0.6151389143623718	-0.2791084082948515
0.6153203125254991	-0.2790916074207306
0.6155019407045684	-0.2790747369805371
0.6156837993759873	-0.2790577967795730
0.6158658890178703	-0.2790407866221245
0.6160482101098005	-0.2790237063119049
0.6162307631330821	-0.2790065556515661
0.6164135485704827	-0.2789893344430517
0.6165965669065092	-0.2789720424873495
0.6167798186272057	-0.2789546795847010
0.6169633042202405	-0.2789372455343944
0.6171470241749240	-0.2789197401349160
0.6173309789822577	-0.2789021631838299
0.6175151691348117	-0.2788845144778999
0.6176995951268296	-0.2788667938129774
0.6178842574542378	-0.2788490009840122
0.6180691566145946	-0.2788311357850976
0.6182542931071484	-0.2788131980094198
0.6184396674329017	-0.2787951874492483
0.6186252800943887	-0.2787771038960872
0.6188111315959605	-0.2787589471403301
0.6189972224436726	-0.2787407169716355
0.6191835531452350	-0.2787224131786213
0.6193701242100851	-0.2787040355491267
0.6195569361494999	-0.2786855838698992
0.6197439894763171	-0.2786670579269073
0.6199312847052504	-0.2786484575050758
0.6201188223527057	-0.2786297823885430
0.6203066029368561	-0.2786110323603042
0.6204946269776550	-0.2785922072025451
0.6206828949968505	-0.2785733066964797
0.6208714075179401	-0.2785543306223682
0.6210601650661961	-0.2785352787594141
0.6212491681687758	-0.2785161508860114
0.6214384173545526	-0.2784969467794548
0.6216279131542765	-0.2784776662161418
0.6218176561004768	-0.2784583089714212
0.6220076467275983	-0.2784388748197103
0.6221978855718175	-0.2784193635343976
0.6223883731712192	-0.2783997748879080
0.6225791100658106	-0.2783801086515992
0.6227700967973128	-0.2783603645959181
0.6229613339094783	-0.2783405424902111
0.6231528219478589	-0.2783206421028082
0.6233445614599434	-0.2783006632011134
0.6235365529950823	-0.2782806055513662
0.6237287971045863	-0.2782604689188367
0.6239212943416168	-0.2782402530677957
0.6241140452613303	-0.2782199577613709
0.6243070504208279	-0.2781995827617241
0.6245003103791340	-0.2781791278298621
0.6246938256971916	-0.2781585927258584
0.6248875969379378	-0.2781379772086271
0.6250816246663752	-0.2781172810359730
0.6252759094493594	-0.2780965039647262
0.6254704518557725	-0.2780756457505478
0.6256652524565565	-0.2780547061480358
0.6258603118246236	-0.2780336849106936
0.6260556305349335	-0.2780125817908679
0.6262512091644475	-0.2779913965398983
0.6264470482921969	-0.2779701289078984
0.6266431484992184	-0.2779487786439446
0.6268395103686902	-0.2779273454959057
0.6270361344857727	-0.2779058292105756
0.6272330214377956	-0.2778842295335660
0.6274301718140944	-0.2778625462093526
0.6276275862061874	-0.2778407789812662
0.6278252652076600	-0.2778189275914765
0.6280232094141869	-0.2777969917809860
0.6282214194236571	-0.2777749712896093
0.6284198958360382	-0.2777528658559661
0.6286186392534456	-0.2777306752175611
0.6288176502802577	-0.2777083991106133
0.6290169295228518	-0.2776860372701811
0.6292164775899470	-0.2776635894301432
0.6294162950923592	-0.2776410553231348
0.6296163826431743	-0.2776184346805611
0.6298167408576634	-0.2775957272326152
0.6300173703533199	-0.2775729327082556
0.6302182717498860	-0.2775500508352386
0.6304194456693457	-0.2775270813399444
0.6306208927359359	-0.2775040239476755
0.6308226135761847	-0.2774808783823189
0.6310246088188355	-0.2774576443666076
0.6312268790950828	-0.2774343216218861
0.6314294250382244	-0.2774109098683659
0.6316322472840068	-0.2773874088247947
0.6318353464704425	-0.2773638182087230
0.6320387232379489	-0.2773401377363826
0.6322423782292013	-0.2773163671227147
0.6324463120892987	-0.2772925060812671
0.6326505254656676	-0.2772685543243486
0.6328550190082199	-0.2772445115628170
0.6330597933691096	-0.2772203775063599
0.6332648492030200	-0.2771961518631293
0.6334701871670013	-0.2771718343400293
0.6336758079205841	-0.2771474246425553
0.6338817121256628	-0.2771229224748798
0.6340879004466720	-0.2770983275396935
0.6342943735504508	-0.2770736395384335
0.6345011321063520	-0.2770488581709857
0.6347081767862094	-0.2770239831359724
0.6349155082643922	-0.2769990141304836
0.6351231272177675	-0.2769739508502829
0.6353310343256588	-0.2769487929896410
0.6355392302701258	-0.2769235402413788
0.6357477157355754	-0.2768981922969296
0.6359564914090940	-0.2768727488462635
0.6361655579803462	-0.2768472095777975
0.6363749161415821	-0.2768215741785988
0.6365845665876488	-0.2767958423341282
0.6367945100160042	-0.2767700137284669
0.6370047471267967	-0.2767440880441637
0.6372152786227819	-0.2767180649621941
0.6374261052093707	-0.2766919441620994
0.6376372275946822	-0.2766657253218561
0.6378486464894783	-0.2766394081179230
0.6380603626072736	-0.2766129922251959
0.6382723766642796	-0.2765864773170320
0.6384846893794416	-0.2765598630652021
0.6386973014744551	-0.2765331491399383
0.6389102136737681	-0.2765063352098897
0.6391234267045979	-0.2764794209420667
0.6393369412969452	-0.2764524060019538
0.6395507581836514	-0.2764252900533519
0.6397648781003307	-0.2763980727585016
0.6399793017854750	-0.2763707537779648
0.6401940299803595	-0.2763433327707304
0.6404090634291585	-0.2763158093940699
0.6406244028789529	-0.2762881833036359
0.6408400490796320	-0.2762604541533739
0.6410560027841037	-0.2762326215956342
0.6412722647481096	-0.2762046852809656
0.6414888357303303	-0.2761766448583187
0.6417057164924480	-0.2761484999748828
0.6419229077990820	-0.2761202502761005
0.6421404104178521	-0.2760918954057469
0.6423582251193397	-0.2760634350058565
0.6425763526771967	-0.2760348687166318
0.6427947938680433	-0.2760061961766278
0.6430135494716271	-0.2759774170225021
0.6432326202706747	-0.2759485308892410
0.6434520070510471	-0.2759195374099589
0.6436717106016752	-0.2758904362160359
0.6438917317145911	-0.2758612269369468
0.6441120711850244	-0.2758319092004033
0.6443327298112701	-0.2758024826322701
0.6445537083948003	-0.2757729468565397
0.6447750077403123	-0.2757433014953546
0.6449966286556584	-0.2757135461689991
0.6452185719519004	-0.2756836804958503
0.6454408384433724	-0.2756537040923879
0.6456634289476294	-0.2756236165732165
0.6458863442854538	-0.2755934175509473
0.6461095852809975	-0.2755631066363450
0.6463331527616322	-0.2755326834381904
0.6465570475581112	-0.2755021475632965
0.6467812705044811	-0.2754714986165146
0.6470058224381318	-0.2754407362007300
0.6472307041999121	-0.2754098599168138
0.6474559166339440	-0.2753788693636526
0.6476814605878684	-0.2753477641380849
0.6479073369126720	-0.2753165438349707
0.6481335464628377	-0.2752852080470439
0.6483600900962998	-0.2752537563650529
0.6485869686744605	-0.2752221883776457
0.6488141830622612	-0.2751905036713635
0.6490417341281464	-0.2751587018307174
0.6492696227441084	-0.2751267824380295
0.6494978497857058	-0.2750947450735565
0.6497264161320730	-0.2750625893153852
0.6499553226659409	-0.2750303147394873
0.6501845702736688	-0.2749979209195767
0.6504141598452913	-0.2749654074273470
0.6506440922744252	-0.2749327738321444
0.6508743684584691	-0.2749000197012137
0.6511049892984480	-0.2748671445994833
0.6513359556991611	-0.2748341480897260
0.6515672685691053	-0.2748010297324424
0.6517989288205734	-0.2747677890858680
0.6520309373696836	-0.2747344257059267
0.6522632951362832	-0.2747009391463060
0.6524960030440904	-0.2746673289583260
0.6527290620206879	-0.2746335946910160
0.6529624729975071	-0.2745997358910769
0.6531962369098989	-0.2745657521028084
0.6534303546970752	-0.2745316428681969
0.6536648273022754	-0.2744974077267998
0.6538996556726377	-0.2744630462157862
0.6541348407593200	-0.2744285578699088
0.6543703835174427	-0.2743939422214873
0.6546062849062089	-0.2743591988003978
0.6548425458888212	-0.2743243271340355
0.6550791674325951	-0.2742893267473371
0.6553161505089602	-0.2742541971627159
0.6555534960934274	-0.2742189379000827
0.6557912051656891	-0.2741835484768169
0.6560292787095869	-0.2741480284077401
0.6562677177131540	-0.2741123772051315
0.6565065231686681	-0.2740765943786492
0.6567456960726420	-0.2740406794353914
0.6569852374258204	-0.2740046318798095
0.6572251482333225	-0.2739684512137414
0.6574654295044727	-0.2739321369363638
0.6577060822530447	-0.2738956885441456
0.6579471074971565	-0.2738591055309356
0.6581885062592356	-0.2738223873878409
0.6584302795662610	-0.2737855336032159
0.6586724284495322	-0.2737485436627246
0.6589149539449244	-0.2737114170492269
0.6591578570927592	-0.2736741532428375
0.6594011389378625	-0.2736367517208203
0.6596448005296742	-0.2735992119576391
0.6598888429221498	-0.2735615334249885
0.6601332671738961	-0.2735237155915748
0.6603780743481404	-0.2734857579233547
0.6606232655127457	-0.2734476598832887
0.6608688417402728	-0.2734094209314862
0.6611148041080385	-0.2733710405250551
0.6613611536980446	-0.2733325181182398
0.6616078915971302	-0.2732938531621951
0.6618550188968577	-0.2732550451051429
0.6621025366936824	-0.2732160933922883
0.6623504460888828	-0.2731769974657655
0.6625987481886485	-0.2731377567646592
0.6628474441040652	-0.2730983707250009
0.6630965349511968	-0.2730588387796197
0.6633460218510545	-0.2730191603583720
0.6635959059296548	-0.2729793348878030
0.6638461883180938	-0.2729393617913912
0.6640968701524618	-0.2728992404894014
0.6643479525740260	-0.2728589703988813
0.6645994367291445	-0.2728185509335936
0.6648513237693428	-0.2727779815041241
0.6651036148513263	-0.2727372615177026
0.6653563111370510	-0.2726963903782773
0.6656094137937026	-0.2726553674864536
0.6658629239937877	-0.2726141922395358
0.6661168429151206	-0.2725728640313694
0.6663711717408538	-0.2725313822524258
0.6666259116595326	-0.2724897462897777
0.6668810638651402	-0.2724479555270302
0.6671366295571269	-0.2724060093442748
0.6673926099403730	-0.2723639071181633
0.6676490062253573	-0.2723216482217671
0.6679058196280339	-0.2722792320246515
0.6681630513700122	-0.2722366578927394
0.6684207026785344	-0.2721939251884142
0.6686787747864448	-0.2721510332704034
0.6689372689323395	-0.2721079814937764
0.6691961863605120	-0.2720647692099130
0.6694555283210520	-0.2720213957664975
0.6697152960698346	-0.2719778605074616
0.6699754908685943	-0.2719341627729854
0.6702361139849455	-0.2718903018994338
0.6704971666923860	-0.2718462772193972
0.6707586502704166	-0.2718020880615800
0.6710205660045025	-0.2717577337508130
0.6712829151861321	-0.2717132136080166
0.6715456991128932	-0.2716685269502149
0.6718089190884579	-0.2716236730904172
0.6720725764226262	-0.2715786513376895
0.6723366724314321	-0.2715334609970140
0.6726012084371100	-0.2714881013693898
0.6728661857681643	-0.2714425717516860
0.6731316057593834	-0.2713968714366809
0.6733974697519565	-0.2713509997129949
0.6736637790933792	-0.2713049558650849
0.6739305351376758	-0.2712587391731827
0.6741977392452624	-0.2712123489133220
0.6744653927831067	-0.2711657843572186
0.6747334971247269	-0.2711190447723015
0.6750020536502263	-0.2710721294216830
0.6752710637463858	-0.2710250375640997
0.6755405288066233	-0.2709777684538786
0.6758104502311203	-0.2709303213409069
0.6760808294268180	-0.2708826954706165
0.6763516678074878	-0.2708348900839419
0.6766229667937536	-0.2707869044172709
0.6768947278131384	-0.2707387377024221
0.6771669523001764	-0.2706903891665949
0.6774396416963165	-0.2706418580323739
0.6777127974501120	-0.2705931435176423
0.6779864210171982	-0.2705442448355814
0.6782605138603585	-0.2704951611945998
0.6785350774495391	-0.2704458917983843
0.6788101132619770	-0.2703964358456878
0.6790856227821205	-0.2703467925305230
0.6793616075018142	-0.2702969610419070
0.6796380689202746	-0.2702469405639679
0.6799150085441450	-0.2701967302758347
0.6801924278875252	-0.2701463293516432
0.6804703284721160	-0.2700957369604470
0.6807487118271469	-0.2700449522662385
0.6810275794895172	-0.2699939744278314
0.6813069330037890	-0.2699428025989262
0.6815867739222945	-0.2698914359279202
0.6818671038051537	-0.2698398735580469
0.6821479242203295	-0.2697881146271697
0.6824292367436821	-0.2697361582678433
0.6827110429590445	-0.2696840036072324
0.6829933444582597	-0.2696316497670721
0.6832761428412304	-0.2695790958636188
0.6835594397159634	-0.2695263410076345
0.6838432366986958	-0.2694733843043070
0.6841275354138514	-0.2694202248532296
0.6844123374941908	-0.2693668617483294
0.6846976445807672	-0.2693132940778680
0.6849834583231027	-0.2692595209243429
0.6852697803791494	-0.2692055413644717
0.6855566124154013	-0.2691513544691422
0.6858439561069555	-0.2690969593033556
0.6861318131375220	-0.2690423549261805
0.6864201851995414	-0.2689875403907211
0.6867090739942411	-0.2689325147440281
0.6869984812316237	-0.2688772770271325
0.6872884086306569	-0.2688218262748644
0.6875788579192139	-0.2687661615159417
0.6878698308342244	-0.2687102817727878
0.6881613291216794	-0.2686541860616283
0.6884533545367316	-0.2685978733922887
0.6887459088437521	-0.2685413427682615
0.6890389938163985	-0.2684845931865560
0.6893326112376666	-0.2684276236377284
0.6896267628999698	-0.2683704331057751
0.6899214506052145	-0.2683130205680931
0.6902166761648669	-0.2682553849954227
0.6905124413999849	-0.2681975253518104
0.6908087481413675	-0.2681394405944947
0.6911055982295186	-0.2680811296739543
0.6914029935148306	-0.2680225915337227
0.6917009358575638	-0.2679638251104435
0.6919994271279796	-0.2679048293337141
0.6922984692063763	-0.2678456031261237
0.6925980639831781	-0.2677861454030955
0.6928982133590321	-0.2677264550729205
0.6931989192448197	-0.2676665310366070
0.6935001835618168	-0.2676063721878866
0.6938020082416900	-0.2675459774131119
0.6941043952266356	-0.2674853455912236
0.6944073464694290	-0.2674244755936366
0.6947108639334993	-0.2673633662842561
0.6950149495930037	-0.2673020165193274
0.6953196054329791	-0.2672404251474141
0.6956248334493040	-0.2671785910093252
0.6959306356488580	-0.2671165129380683
0.6962370140495927	-0.2670541897587035
0.6965439706806424	-0.2669916202884005
0.6968515075823156	-0.2669288033362440
0.6971596268062838	-0.2668657377032547
0.6974683304156316	-0.2668024221822385
0.6977776204848923	-0.2667388555578111
0.6980874991002224	-0.2666750366062131
0.6983979683594453	-0.2666109640953340
0.6987090303721193	-0.2665466367845772
0.6990206872596700	-0.2664820534248306
0.6993329411554601	-0.2664172127583235
0.6996457942048828	-0.2663521135186350
0.6999592485654506	-0.2662867544305322
0.7002733064069145	-0.2662211342099680
0.7005879699113138	-0.2661552515639297
0.7009032412731195	-0.2660891051904292
0.7012191226992890	-0.2660226937783532
0.7015356164093950	-0.2659560160074323
0.7018527246357207	-0.2658890705481397
0.7021704496233330	-0.2658218560615980
0.7024887936302124	-0.2657543711995058
0.7028077589273385	-0.2656866146040478
0.7031273477988085	-0.2656185849078134
0.7034475625418989	-0.2655502807336967
0.7037684054672402	-0.2654817006948221
0.7040898788988655	-0.2654128433944408
0.7044119851743437	-0.2653437074258410
0.7047347266448504	-0.2652742913722644
0.7050581056753429	-0.2652045938068057
0.7053821246446104	-0.2651346132923416
0.7057067859454240	-0.2650643483813778
0.7060320919846030	-0.2649937976160284
0.7063580451831932	-0.2649229595278562
0.7066846479765206	-0.2648518326378089
0.7070119028143543	-0.2647804154560801
0.7073398121609983	-0.2647087064820852
0.7076683784953940	-0.2646367042042702
0.7079976043112853	-0.2645644071000505
0.7083274921172842	-0.2644918136357335
0.7086580444370729	-0.2644189222663557
0.7089892638094230	-0.2643457314356020
0.7093211527883989	-0.2642722395757263
0.7096537139434592	-0.2641984451073727
0.7099869498595823	-0.2641243464395521
0.7103208631373948	-0.2640499419694316
0.7106554563932973	-0.2639752300823237
0.7109907322596180	-0.2639002091514773
0.7113266933847194	-0.2638248775380240
0.7116633424331280	-0.2637492335908472
0.7120006820857060	-0.2636732756464490
0.7123387150397557	-0.2635970020288302
0.7126774440091692	-0.2635204110493883
0.7130168717245625	-0.2634435010067602
0.7133570009334401	-0.2633662701867455
0.7136978344003057	-0.2632887168621188
0.7140393749068221	-0.2632108392925556
0.7143816252519626	-0.2631326357244715
0.7147245882521421	-0.2630541043909256
0.7150682667413945	-0.2629752435114137
0.7154126635714914	-0.2628960512918330
0.7157577816121199	-0.2628165259242505
0.7161036237510209	-0.2627366655868615
0.7164501928941579	-0.2626564684437429
0.7167974919658651	-0.2625759326447964
0.7171455239090014	-0.2624950563255883
0.7174942916851323	-0.2624138376071528
0.7178437982746853	-0.2623322745959295
0.7181940466770964	-0.2622503653835245
0.7185450399109995	-0.2621681080466426
0.7188967810143883	-0.2620855006468776
0.7192492730447898	-0.2620025412305769
0.7196025190794114	-0.2619192278287060
0.7199565222153683	-0.2618355584566364
0.7203112855697962	-0.2617515311140452
0.7206668122800978	-0.2616671437847231
0.7210231055040474	-0.2615823944363972
0.7213801684200500	-0.2614972810205866
0.7217380042272523	-0.2614118014724421
0.7220966161458086	-0.2613259537105413
0.7224560074170068	-0.2612397356367372
0.7228161813034544	-0.2611531451359881
0.7231771410893360	-0.2610661800761706
0.7235388900805664	-0.2609788383078890
0.7239014316049752	-0.2608911176643024
0.7242647690125307	-0.2608030159609662
0.7246289056755457	-0.2607145309955853
0.7249938449888638	-0.2606256605478932
0.7253595903700691	-0.2605364023794013
0.7257261452597112	-0.2604467542332373
0.7260935131215167	-0.2603567138339327
0.7264616974425790	-0.2602662788872441
0.7268307017335938	-0.2601754470799212
0.7272005295290914	-0.2600842160795089
0.7275711843876377	-0.2599925835341610
0.7279426698920577	-0.2599005470724060
0.7283149896496875	-0.2598081043029468
0.7286881472925744	-0.2597152528144141
0.7290621464777386	-0.2596219901751996
0.7294369908873871	-0.2595283139331916
0.7298126842291691	-0.2594342216155566
0.7301892302363996	-0.2593397107285203
0.7305666326683231	-0.2592447787571322
0.7309448953103629	-0.2591494231650158
0.7313240219743382	-0.2590536413941495
0.7317040164987716	-0.2589574308646264
0.7320848827490920	-0.2588607889743846
0.7324666246179352	-0.2587637130989774
0.7328492460253829	-0.2586662005913329
0.7332327509192496	-0.2585682487814633
0.7336171432753288	-0.2584698549762323
0.7340024270976946	-0.2583710164590849
0.7343886064189536	-0.2582717304897843
0.7347756853005375	-0.2581719943041310
0.7351636678329870	-0.2580718051136983
0.7355525581362334	-0.2579711601055567
0.7359423603598924	-0.2578700564419774
0.7363330786835747	-0.2577684912601660
0.7367247173171557	-0.2576664616719388
0.7371172805010892	-0.2575639647634763
0.7375107725067288	-0.2574609975949871
0.7379051976366220	-0.2573575572004020
0.7383005602248192	-0.2572536405871024
0.7386968646372299	-0.2571492447355751
0.7390941152718786	-0.2570443665991058
0.7394923165592920	-0.2569390031034620
0.7398914729628102	-0.2568331511465514
0.7402915889788984	-0.2567268075981223
0.7406926691375348	-0.2566199692993978
0.7410947180025101	-0.2565126330627333
0.7414977401717927	-0.2564047956713102
0.7419017402778870	-0.2562964538787244
0.7423067229881779	-0.2561876044087000
0.7427126930053272	-0.2560782439546471
0.7431196550675878	-0.2559683691793753
0.7435276139492170	-0.2558579767146656
0.7439365744608389	-0.2557470631609110
0.7443465414498306	-0.2556356250867266
0.7447575198007025	-0.2555236590285890
0.7451695144355100	-0.2554111614903829
0.7455825303142297	-0.2552981289430520
0.7459965724351774	-0.2551845578241550
0.7464116458354033	-0.2550704445374919
0.7468277555911185	-0.2549557854526279
0.7472449068181295	-0.2548405769045140
0.7476631046722242	-0.2547248151930327
0.7480823543496363	-0.2546084965825401
0.7485026610874843	-0.2544916173014620
0.7489240301641897	-0.2543741735418054
0.7493464668999595	-0.2542561614586832
0.7497699766572189	-0.2541375771698951
0.7501945648410812	-0.2540184167554038
0.7506202368998243	-0.2538986762568742
0.7510469983253729	-0.2537783516771596
0.7514748546537442	-0.2536574389798374
0.7519038114655909	-0.2535359340886677
0.7523338743866613	-0.2534138328870847
0.7527650490883149	-0.2532911312176822
0.7531973412880336	-0.2531678248816721
0.7536307567499365	-0.2530439096383337
0.7540653012853119	-0.2529193812044925
0.7545009807531615	-0.2527942352539130
0.7549378010607086	-0.2526684674167792
0.7553757681639797	-0.2525420732790799
0.7558148880683522	-0.2524150483820362
0.7562551668291141	-0.2522873882214987
0.7566966105520460	-0.2521590882473436
0.7571392253939958	-0.2520301438628440
0.7575830175634813	-0.2519005504240621
0.7580279933212780	-0.2517703032391848
0.7584741589810413	-0.2516393975678846
0.7589215209099071	-0.2515078286206611
0.7593700855291453	-0.2513755915581671
0.7598198593147568	-0.2512426814905193
0.7602708487981626	-0.2511090934766170
0.7607230605668349	-0.2509748225234109
0.7611765012649733	-0.2508398635851949
0.7616311775941716	-0.2507042115628926
0.7620870963141141	-0.2505678613032726
0.7625442642432764	-0.2504308075982192
0.7630026882596129	-0.2502930451839652
0.7634623753013101	-0.2501545687402787
0.7639233323674783	-0.2500153728896817
0.7643855665189228	-0.2498754521966491
0.7648490848788831	-0.2497348011667523
0.7653138946338084	-0.2495934142458387
0.7657800030341179	-0.2494512858191695
0.7662474173950083	-0.2493084102105393
0.7667161450972521	-0.2491647816814032
0.7671861935880006	-0.2490203944299431
0.7676575703816252	-0.2488752425901855
0.7681302830605584	-0.2487293202310291
0.7686043392761355	-0.2485826213553209
0.7690797467494757	-0.2484351398988485
0.7695565132723644	-0.2482868697293713
0.7700346467081459	-0.2481378046456215
0.7705141549926318	-0.2479879383762531
0.7709950461350464	-0.2478372645787986
0.7714773282189338	-0.2476857768386166
0.7719610094031526	-0.2475334686678070
0.7724460979228325	-0.2473803335040744
0.7729326020903567	-0.2472263647096407
0.7734205302963851	-0.2470715555700531
0.7739098910108616	-0.2469158992930659
0.7744006927840653	-0.2467593890073932
0.7748929442476650	-0.2466020177615187
0.7753866541157938	-0.2464437785224594
0.7758818311861453	-0.2462846641744872
0.7763784843410813	-0.2461246675178560
0.7768766225487788	-0.2459637812674708
0.7773762548643550	-0.2458019980515623
0.7778773904310693	-0.2456393104103103
0.7783800384814866	-0.2454757107944686
0.7788842083387164	-0.2453111915639096
0.7793899094176236	-0.2451457449862153
0.7798971512260979	-0.2449793632351739
0.7804059433663267	-0.2448120383892746
0.7809162955360939	-0.2446437624301899
0.7814282175301092	-0.2444745272411766
0.7819417192413504	-0.2443043246054949
0.7824568106624230	-0.2441331462047697
0.7829735018869937	-0.2439609836173159
0.7834918031111533	-0.2437878283164513
0.7840117246349183	-0.2436136716687499
0.7845332768636694	-0.2434385049322709
0.7850564703096655	-0.2432623192547542
0.7855813155935707	-0.2430851056717557
0.7861078234460118	-0.2429068551047789
0.7866360047091429	-0.2427275583593514
0.7871658703382928	-0.2425472061230407
0.7876974314035738	-0.2423657889634534
0.7882306990915895	-0.2421832973261842
0.7887656847071163	-0.2419997215327191
0.7893023996748555	-0.2418150517782958
0.7898408555411879	-0.2416292781297181
0.7903810639760045	-0.2414423905231032
0.7909230367745339	-0.2412543787616189
0.7914667858592058	-0.2410652325131449
0.7920123232815770	-0.2408749413078769
0.7925596612242879	-0.2406834945358981
0.7931088120030213	-0.2404908814446758
0.7936597880685498	-0.2402970911365263
0.7942126020087942	-0.2401021125659930
0.7947672665509390	-0.2399059345371973
0.7953237945635573	-0.2397085457011016
0.7958821990588212	-0.2395099345527194
0.7964424931947366	-0.2393100894282912
0.7970046902773980	-0.2391089985023248
0.7975688037633470	-0.2389066497846414
0.7981348472619254	-0.2387030311173198
0.7987028345376975	-0.2384981301715574
0.7992727795129129	-0.2382919344444945
0.7998446962700619	-0.2380844312559028
0.8004185990543836	-0.2378756077448893
0.8009945022765758	-0.2376654508664189
0.8015724205153938	-0.2374539473878265
0.8021523685204500	-0.2372410838852131
0.8027343612149721	-0.2370268467397627
0.8033184136986731	-0.2368112221339726
0.8039045412506606	-0.2365941960477897
0.8044927593324229	-0.2363757542546389
0.8050830835908459	-0.2361558823173910
0.8056755298613454	-0.2359345655841815
0.8062701141710341	-0.2357117891841635
0.8068668527419524	-0.2354875380231425
0.8074657619943892	-0.2352617967790989
0.8080668585502759	-0.2350345498975795
0.8086701592366322	-0.2348057815870207
0.8092756810891154	-0.2345754758139157
0.8098834413556364	-0.2343436162978458
0.8104934575000490	-0.2341101865064283
0.8111057472059370	-0.2338751696500918
0.8117203283804819	-0.2336385486767431
0.8123372191584284	-0.2334003062662614
0.8129564379060987	-0.2331604248249091
0.8135780032255655	-0.2329188864795058
0.8142019339588628	-0.2326756730715331
0.8148282491923274	-0.2324307661510344
0.8154569682610424	-0.2321841469703503
0.8160881107533555	-0.2319357964777080
0.8167216965155305	-0.2316856953106144
0.8173577456565166	-0.2314338237890772
0.8179962785528007	-0.2311801619086551
0.8186373158533982	-0.2309246893332671
0.8192808784849598	-0.2306673853878734
0.8199269876570101	-0.2304082290508771
0.8205756648672853	-0.2301471989463683
0.8212269319072474	-0.2298842733361168
0.8218808108676752	-0.2296194301113541
0.8225373241444629	-0.2293526467843180
0.8231964944445138	-0.2290839004795161
0.8238583447917817	-0.2288131679248221
0.8245228985335081	-0.2285404254421944
0.8251901793465597	-0.2282656489382393
0.8258602112439840	-0.2279888138944174
0.8265330185816772	-0.2277098953569773
0.8272086260652743	-0.2274288679266171
0.8278870587571936	-0.2271457057477898
0.8285683420838622	-0.2268603824977209
0.8292525018431239	-0.2265728713750762
0.8299395642119023	-0.2262831450882752
0.8306295557539659	-0.2259911758434576
0.8313225034279911	-0.2256969353320801
0.8320184345957954	-0.2254003947181045
0.8327173770308179	-0.2251015246247942
0.8334193589267965	-0.2248002951211062
0.8341244089067302	-0.2244966757076212
0.8348325560320425	-0.2241906353020465
0.8355438298120426	-0.2238821422242422
0.8362582602136023	-0.2235711641807516
0.8369758776711564	-0.2232576682488416
0.8376967130969343	-0.2229416208600138
0.8384207978915467	-0.2226229877829417
0.8391481639547903	-0.2223017341058869
0.8398788436968533	-0.2219778242184779
0.8406128700497836	-0.2216512217928977
0.8413502764793174	-0.2213218897644178
0.8420910969970605	-0.2209897903112665
0.8428353661729981	-0.2206548848338069
0.8435831191484190	-0.2203171339329840
0.8443343916492273	-0.2199764973879854
0.8450892199995925	-0.2196329341331866
0.8458476411360960	-0.2192864022341921
0.8466096926222677	-0.2189368588630551
0.8473754126635672	-0.2185842602726213
0.8481448401228632	-0.2182285617698754
0.8489180145363552	-0.2178697176883851
0.8496949761300340	-0.2175076813596550
0.8504757658366354	-0.2171424050834554
0.8512604253131477	-0.2167738400970316
0.8520489969589047	-0.2164019365431258
0.8528415239342176	-0.2160266434367898
0.8536380501796513	-0.2156479086309222
0.8544386204359306	-0.2152656787804770
0.8552432802644894	-0.2148798993052291
0.8560520760687401	-0.2144905143511377
0.8568650551160011	-0.2140974667501163
0.8576822655602380	-0.2137006979782123
0.8585037564655200	-0.2133001481120849
0.8593295778303369	-0.2128957557837260
0.8601597806127077	-0.2124874581333002
0.8609944167562045	-0.2120751907600210
0.8618335392168943	-0.2116588876710105
0.8626772019912052	-0.2112384812279287
0.8635254601448248	-0.2108139020914041
0.8643783698426343	-0.2103850791630215
0.8652359883797031	-0.2099519395248084
0.8660983742134657	-0.2095144083760878
0.8669655869970724	-0.2090724089675064
0.8678376876139678	-0.2086258625321441
0.8687147382137743	-0.2081746882135216
0.8695968022495638	-0.2077188029903242
0.8704839445165429	-0.2072581215976534
0.8713762311922005	-0.2067925564446827
0.8722737298780575	-0.2063220175283988
0.8731765096430639	-0.2058464123432924
0.8740846410686482	-0.2053656457867502
0.8749981962956600	-0.2048796200598537
0.8759172490731310	-0.2043882345633621
0.8768418748090595	-0.2038913857885682
0.8777721506232727	-0.2033889672027368
0.8787081554024725	-0.2028808691287627
0.8796499698575895	-0.2023669786187147
0.8805976765835571	-0.2018471793209296
0.8815513601216463	-0.2013213513401184
0.8825111070244317	-0.2007893710902212
0.8834770059236692	-0.2002511111393763
0.8844491476010479	-0.1997064400466141
0.8854276250621705	-0.1991552221896458
0.8864125336137392	-0.1985973175832269
0.8874039709443310	-0.1980325816873726
0.8884020372087787	-0.1974608652048562
0.8894068351164799	-0.1968820138671154
0.8904184700237885	-0.1962958682078555
0.8914370500307536	-0.1957022633234280
0.8924626860824666	-0.1951010286190980
0.8934954920752721	-0.1944919875400672
0.8945355849680627	-0.1938749572862787
0.8955830848991303	-0.1932497485096419
0.8966381153086874	-0.1926161649925205
0.8977008030676032	-0.1919740033058776
0.8987712786125936	-0.1913230524456357
0.8998496760883373	-0.1906630934455146
0.9009361334969219	-0.1899938989643766
0.9020307928550989	-0.1893152328461915
0.9031338003598185	-0.1886268496502237
0.9042453065626086	-0.1879284941490810
0.9053654665533502	-0.1872199007917896
0.9064944401540903	-0.1865007931290615
0.9076323921234730	-0.1857708831973364
0.9087794923726596	-0.1850298708580344
0.9099359161933341	-0.1842774430879075
0.9111018444987384	-0.1835132732162128
0.9122774640785805	-0.1827370201035872
0.9134629678687910	-0.1819483272572399
0.9146585552371310	-0.1811468218763816
0.9158644322858474	-0.1803321138210400
0.9170808121724985	-0.1795037944966623
0.9183079154502821	-0.1786614356461071
0.9195459704292804	-0.1778045880394171
0.9207952135601253	-0.1769327800507081
0.9220558898416991	-0.1760455161101510
0.9233282532546273	-0.1751422750175410
0.9246125672224972	-0.1742225081019608
0.9259091051027463	-0.1732856372103576
0.9272181507094537	-0.1723310525051486
0.9285399988703872	-0.1713581100484745
0.9298749560206877	-0.1703661291473925
0.9312233408359359	-0.1693543894307365
0.9325854849073366	-0.1683221276238187
0.9339617334620104	-0.1672685339823369
0.9353524461313094	-0.1661927483405597
0.9367579977705639	-0.1650938557219286
0.9381787793331530	-0.1639708814518064
0.9396151988023235	-0.1628227857019019
0.9410676821836248	-0.1616484573840912
0.9425366745608844	-0.1604467072966715
0.9440226412177584	-0.1592162604089401
0.9455260688266766	-0.1579557471484689
0.9470474667052590	-0.1566636935300025
0.9485873681388847	-0.1553385099329375
0.9501463317655005	-0.1539784782956707
0.9517249430150686	-0.1525817374463936
0.9533238155909396	-0.1511462662298180
0.9549435929732701	-0.1496698640130973
0.9565849499142146	-0.1481501280586753
0.9582485938801576	-0.1465844271286283
0.9599352663757698	-0.1449698705283831
0.9616457440555306	-0.1433032715927004
0.9633808394866917	-0.1415811043500337
0.9651414013678539	-0.1397994517476165
0.9669283139206599	-0.1379539433471513
0.9687424950455853	-0.1360396797619141
0.9705848926455374	-0.1340511402309456
0.9724564782413031	-0.1319820685104494
0.9743582365789440	-0.1298253305486748
0.9762911492761210	-0.1275727349538731
0.9782561695317892	-0.1252148036778159
0.9802541832888203	-0.1227404749916459
0.9822859495676494	-0.1201367126822399
0.9843520082098596	-0.1173879826527820
0.9864525355372832	-0.1144755375934778
0.9885871146262464	-0.1113764162415824
0.9907543612642089	-0.1080620047006833
0.9929512968392917	-0.1044959004867433
0.9951722571729178	-0.1006306162048640
0.9974069022188231	-0.0964022450308768
0.9996363589706033	-0.0917212954577720
1.0018251277066228	-0.0864556664094137
1.0039021611756678	-0.0803954556713433
1.0057092742585554	-0.0731677961417701
1.0068234650180994	-0.0639684987653495
1.0057187852410681	-0.0500861801422378
