0.3736716844180411	-0.0889623156889350
0.3737346123893013	-0.0889613116606306
0.3737976302315240	-0.0889602954338528
0.3738607380762032	-0.0889592669911950
0.3739239360552088	-0.0889582263151158
0.3739872243008242	-0.0889571733880165
0.3740506029457131	-0.0889561081921611
0.3741140721229503	-0.0889550307097443
0.3741776319659966	-0.0889539409228347
0.3742412826087297	-0.0889528388134294
0.3743050241854047	-0.0889517243633957
0.3743688568307092	-0.0889505975545293
0.3744327806797020	-0.0889494583684927
0.3744967958678810	-0.0889483067868811
0.3745609025311235	-0.0889471427911547
0.3746251008057355	-0.0889459663627055
0.3746893908284158	-0.0889447774827875
0.3747537727362932	-0.0889435761325867
0.3748182466668859	-0.0889423622931533
0.3748828127581521	-0.0889411359454662
0.3749474711484394	-0.0889398970703669
0.3750122219765380	-0.0889386456486322
0.3750770653816336	-0.0889373816608886
0.3751420015033510	-0.0889361050877024
0.3752070304817154	-0.0889348159094971
0.3752721524572007	-0.0889335141066242
0.3753373675706760	-0.0889321996592966
0.3754026759634668	-0.0889308725476535
0.3754680777772920	-0.0889295327516949
0.3755335731543314	-0.0889281802513455
0.3755991622371694	-0.0889268150263938
0.3756648451688458	-0.0889254370565496
0.3757306220928048	-0.0889240463213827
0.3757964931529542	-0.0889226428003871
0.3758624584936156	-0.0889212264729170
0.3759285182595649	-0.0889197973182462
0.3759946725960014	-0.0889183553155121
0.3760609216485815	-0.0889169004437715
0.3761272655633883	-0.0889154326819378
0.3761937044869643	-0.0889139520088428
0.3762602385662806	-0.0889124584031869
0.3763268679487733	-0.0889109518435766
0.3763935927823054	-0.0889094323084851
0.3764604132152166	-0.0889078997763016
0.3765273293962724	-0.0889063542252667
0.3765943414747112	-0.0889047956335490
0.3766614496002119	-0.0889032239791638
0.3767286539229271	-0.0889016392400464
0.3767959545934400	-0.0889000413939866
0.3768633517628274	-0.0888984304186934
0.3769308455825994	-0.0888968062917261
0.3769984362047500	-0.0888951689905605
0.3770661237817174	-0.0888935184925255
0.3771339084664301	-0.0888918547748651
0.3772017904122589	-0.0888901778146755
0.3772697697730696	-0.0888884875889674
0.3773378467031767	-0.0888867840746005
0.3774060213573898	-0.0888850672483489
0.3774742938909673	-0.0888833370868391
0.3775426644596753	-0.0888815935666071
0.3776111332197275	-0.0888798366640370
0.3776797003278416	-0.0888780663554291
0.3777483659412000	-0.0888762826169285
0.3778171302174866	-0.0888744854245924
0.3778859933148461	-0.0888726747543233
0.3779549553919369	-0.0888708505819380
0.3780240166078835	-0.0888690128830952
0.3780931771223195	-0.0888671616333645
0.3781624370953518	-0.0888652968081621
0.3782317966876030	-0.0888634183828087
0.3783012560601693	-0.0888615263324753
0.3783708153746713	-0.0888596206322340
0.3784404747931941	-0.0888577012570032
0.3785102344783615	-0.0888557681816076
0.3785800945932704	-0.0888538213807163
0.3786500553015450	-0.0888518608288997
0.3787201167672997	-0.0888498865005734
0.3787902791551728	-0.0888478983700539
0.3788605426302932	-0.0888458964115012
0.3789309073583311	-0.0888438805989777
0.3790013735054385	-0.0888418509063855
0.3790719412383138	-0.0888398073075286
0.3791426107241493	-0.0888377497760489
0.3792133821306772	-0.0888356782854950
0.3792842556261360	-0.0888335928092431
0.3793552313793015	-0.0888314933205777
0.3794263095594634	-0.0888293797926198
0.3794974903364539	-0.0888272521983838
0.3795687738806152	-0.0888251105107249
0.3796401603628476	-0.0888229547023946
0.3797116499545554	-0.0888207847459792
0.3797832428277068	-0.0888186006139627
0.3798549391547897	-0.0888164022786604
0.3799267391088433	-0.0888141897122866
0.3799986428634363	-0.0888119628868864
0.3800706505926960	-0.0888097217743989
0.3801427624712809	-0.0888074663465959
0.3802149786744155	-0.0888051965751427
0.3802872993778546	-0.0888029124315363
0.3803597247579257	-0.0888006138871613
0.3804322549914910	-0.0887983009132379
0.3805048902559850	-0.0887959734808743
0.3805776307293897	-0.0887936315610066
0.3806504765902608	-0.0887912751244614
0.3807234280176992	-0.0887889041418927
0.3807964851913907	-0.0887865185838428
0.3808696482915679	-0.0887841184206835
0.3809429174990548	-0.0887817036226688
0.3810162929952248	-0.0887792741598807
0.3810897749620453	-0.0887768300022860
0.3811633635820428	-0.0887743711196780
0.3812370590383378	-0.0887718974817327
0.3813108615146107	-0.0887694090579480
0.3813847711951526	-0.0887669058177086
0.3814587882648076	-0.0887643877302183
0.3815329129090365	-0.0887618547645646
0.3816071453138660	-0.0887593068896540
0.3816814856659345	-0.0887567440742759
0.3817559341524538	-0.0887541662870368
0.3818304909612515	-0.0887515734964260
0.3819051562807404	-0.0887489656707467
0.3819799302999438	-0.0887463427781845
0.3820548132084789	-0.0887437047867393
0.3821298051965772	-0.0887410516642888
0.3822049064550683	-0.0887383833785255
0.3822801171754077	-0.0887356998970190
0.3823554375496423	-0.0887330011871516
0.3824308677704563	-0.0887302872161807
0.3825064080311327	-0.0887275579511773
0.3825820585255939	-0.0887248133590846
0.3826578194483621	-0.0887220534066567
0.3827336909946052	-0.0887192780605199
0.3828096733601023	-0.0887164872871112
0.3828857667412805	-0.0887136810527382
0.3829619713351737	-0.0887108593235146
0.3830382873394788	-0.0887080220654266
0.3831147149525052	-0.0887051692442631
0.3831912543732246	-0.0887023008256883
0.3832679058012279	-0.0886994167751622
0.3833446694367758	-0.0886965170580177
0.3834215454807497	-0.0886936016393902
0.3834985341347109	-0.0886906704842809
0.3835756356008444	-0.0886877235574924
0.3836528500820154	-0.0886847608236906
0.3837301777817229	-0.0886817822473428
0.3838076189041522	-0.0886787877927780
0.3838851736541263	-0.0886757774241261
0.3839628422371584	-0.0886727511053768
0.3840406248594068	-0.0886697088003172
0.3841185217277238	-0.0886666504725941
0.3841965330496140	-0.0886635760856510
0.3842746590332811	-0.0886604856027879
0.3843528998875835	-0.0886573789871009
0.3844312558220856	-0.0886542562015403
0.3845097270470162	-0.0886511172088524
0.3845883137733117	-0.0886479619716347
0.3846670162125769	-0.0886447904522793
0.3847458345771324	-0.0886416026130279
0.3848247690799740	-0.0886383984159162
0.3849038199348178	-0.0886351778228283
0.3849829873560592	-0.0886319407954374
0.3850622715588205	-0.0886286872952641
0.3851416727589070	-0.0886254172836216
0.3852211911728630	-0.0886221307216636
0.3853008270179190	-0.0886188275703349
0.3853805805120439	-0.0886155077904224
0.3854604518739056	-0.0886121713424979
0.3855404413229129	-0.0886088181869779
0.3856205490791841	-0.0886054482840607
0.3857007753635832	-0.0886020615937860
0.3857811203976830	-0.0885986580759751
0.3858615844038117	-0.0885952376902883
0.3859421676050195	-0.0885918003961663
0.3860228702251093	-0.0885883461528861
0.3861036924886117	-0.0885848749195029
0.3861846346208234	-0.0885813866549091
0.3862656968477706	-0.0885778813177721
0.3863468793962506	-0.0885743588665923
0.3864281824937989	-0.0885708192596468
0.3865096063687287	-0.0885672624550423
0.3865911512500946	-0.0885636884106588
0.3866728173677380	-0.0885600970842068
0.3867546049522456	-0.0885564884331677
0.3868365142350024	-0.0885528624148483
0.3869185454481412	-0.0885492189863286
0.3870006988245996	-0.0885455581045117
0.3870829745980711	-0.0885418797260692
0.3871653730030540	-0.0885381838074927
0.3872478942748214	-0.0885344703050461
0.3873305386494508	-0.0885307391748093
0.3874133063637981	-0.0885269903726277
0.3874961976555363	-0.0885232238541650
0.3875792127631213	-0.0885194395748486
0.3876623519258310	-0.0885156374899216
0.3877456153837354	-0.0885118175543892
0.3878290033777341	-0.0885079797230667
0.3879125161495201	-0.0885041239505325
0.3879961539416307	-0.0885002501911771
0.3880799169974025	-0.0884963583991441
0.3881638055610151	-0.0884924485283889
0.3882478198774630	-0.0884885205326224
0.3883319601925902	-0.0884845743653623
0.3884162267530546	-0.0884806099798767
0.3885006198063818	-0.0884766273292459
0.3885851396009154	-0.0884726263662925
0.3886697863858656	-0.0884686070436457
0.3887545604112796	-0.0884645693136852
0.3888394619280712	-0.0884605131285881
0.3889244911879983	-0.0884564384402789
0.3890096484437015	-0.0884523452004810
0.3890949339486631	-0.0884482333606617
0.3891803479572564	-0.0884441028720849
0.3892658907247118	-0.0884399536857549
0.3893515625071509	-0.0884357857524705
0.3894373635615617	-0.0884315990227688
0.3895232941458331	-0.0884273934469818
0.3896093545187254	-0.0884231689751751
0.3896955449399105	-0.0884189255572042
0.3897818656699376	-0.0884146631426599
0.3898683169702734	-0.0884103816809181
0.3899548991032750	-0.0884060811210908
0.3900416123322189	-0.0884017614120693
0.3901284569212857	-0.0883974225024768
0.3902154331355830	-0.0883930643407196
0.3903025412411237	-0.0883886868749307
0.3903897815048625	-0.0883842900530201
0.3904771541946651	-0.0883798738226246
0.3905646595793493	-0.0883754381311567
0.3906522979286479	-0.0883709829257544
0.3907400695132586	-0.0883665081533235
0.3908279746048027	-0.0883620137604949
0.3909160134758676	-0.0883574996936690
0.3910041863999801	-0.0883529658989634
0.3910924936516426	-0.0883484123222642
0.3911809355062982	-0.0883438389091714
0.3912695122403789	-0.0883392456050538
0.3913582241312678	-0.0883346323549863
0.3914470714573410	-0.0883299991038146
0.3915360544979362	-0.0883253457960890
0.3916251735333963	-0.0883206723761195
0.3917144288450292	-0.0883159787879240
0.3918038207151584	-0.0883112649752781
0.3918933494270853	-0.0883065308816617
0.3919830152651329	-0.0883017764503091
0.3920728185146080	-0.0882970016241523
0.3921627594618529	-0.0882922063458791
0.3922528383942024	-0.0882873905578740
0.3923430556000352	-0.0882825542022700
0.3924334113687296	-0.0882776972208950
0.3925239059907205	-0.0882728195553242
0.3926145397574504	-0.0882679211468235
0.3927053129614249	-0.0882630019364013
0.3927962258961751	-0.0882580618647551
0.3928872788562940	-0.0882531008723268
0.3929784721374140	-0.0882481188992368
0.3930698060362462	-0.0882431158853469
0.3931612808505412	-0.0882380917702023
0.3932528968791392	-0.0882330464930798
0.3933446544219357	-0.0882279799929356
0.3934365537799208	-0.0882228922084592
0.3935285952551497	-0.0882177830780153
0.3936207791507845	-0.0882126525396939
0.3937131057710609	-0.0882075005312614
0.3938055754213320	-0.0882023269902072
0.3938981884080383	-0.0881971318536902
0.3939909450387424	-0.0881919150585912
0.3940838456221041	-0.0881866765414568
0.3941768904679226	-0.0881814162385504
0.3942700798870977	-0.0881761340858015
0.3943634141916804	-0.0881708300188515
0.3944568936948397	-0.0881655039730005
0.3945505187108979	-0.0881601558832629
0.3946442895553092	-0.0881547856843065
0.3947382065446925	-0.0881493933105078
0.3948322699968081	-0.0881439786958969
0.3949264802305922	-0.0881385417742047
0.3950208375661329	-0.0881330824788148
0.3951153423247101	-0.0881276007428097
0.3952099948287592	-0.0881220964989149
0.3953047954019223	-0.0881165696795569
0.3953997443690090	-0.0881110202168027
0.3954948420560422	-0.0881054480424099
0.3955900887902314	-0.0880998530877772
0.3956854849000066	-0.0880942352839917
0.3957810307149931	-0.0880885945617738
0.3958767265660530	-0.0880829308515302
0.3959725727852536	-0.0880772440832987
0.3960685697059088	-0.0880715341867985
0.3961647176625508	-0.0880658010913735
0.3962610169909755	-0.0880600447260479
0.3963574680282001	-0.0880542650194693
0.3964540711125200	-0.0880484618999543
0.3965508265834702	-0.0880426352954429
0.3966477347818689	-0.0880367851335440
0.3967447960497882	-0.0880309113414811
0.3968420107305979	-0.0880250138461394
0.3969393791689306	-0.0880190925740219
0.3970369017107310	-0.0880131474512869
0.3971345787032202	-0.0880071784037028
0.3972324104949409	-0.0880011853566935
0.3973303974357285	-0.0879951682352853
0.3974285398767514	-0.0879891269641585
0.3975268381704801	-0.0879830614675904
0.3976252926707356	-0.0879769716695077
0.3977239037326544	-0.0879708574934306
0.3978226717127319	-0.0879647188625215
0.3979215969687942	-0.0879585556995364
0.3980206798600446	-0.0879523679268671
0.3981199207470237	-0.0879461554664924
0.3982193199916624	-0.0879399182400245
0.3983188779572482	-0.0879336561686578
0.3984185950084703	-0.0879273691732158
0.3985184715113863	-0.0879210571740996
0.3986185078334690	-0.0879147200913341
0.3987187043435745	-0.0879083578445163
0.3988190614119896	-0.0879019703528636
0.3989195794103996	-0.0878955575351627
0.3990202587119261	-0.0878891193098122
0.3991210996911138	-0.0878826555947754
0.3992221027239550	-0.0878761663076257
0.3993232681878727	-0.0878696513654924
0.3994245964617596	-0.0878631106851147
0.3995260879259546	-0.0878565441827806
0.3996277429622750	-0.0878499517743787
0.3997295619540023	-0.0878433333753488
0.3998315452859127	-0.0878366889007200
0.3999336933442555	-0.0878300182650714
0.4000360065167973	-0.0878233213825670
0.4001384851927908	-0.0878165981669102
0.4002411297630169	-0.0878098485313873
0.4003439406197608	-0.0878030723888198
0.4004469181568562	-0.0877962696516071
0.4005500627696504	-0.0877894402316757
0.4006533748550530	-0.0877825840405266
0.4007568548115110	-0.0877757009891812
0.4008605030390419	-0.0877687909882314
0.4009643199392212	-0.0877618539477822
0.4010683059152121	-0.0877548897775043
0.4011724613717450	-0.0877478983865787
0.4012767867151607	-0.0877408796837418
0.4013812823533811	-0.0877338335772350
0.4014859486959561	-0.0877267599748547
0.4015907861540334	-0.0877196587838916
0.4016957951404044	-0.0877125299111845
0.4018009760694728	-0.0877053732630664
0.4019063293573081	-0.0876981887454063
0.4020118554216064	-0.0876909762635655
0.4021175546817459	-0.0876837357224346
0.4022234275587526	-0.0876764670263885
0.4023294744753441	-0.0876691700793273
0.4024356958559109	-0.0876618447846272
0.4025420921265524	-0.0876544910451865
0.4026486637150541	-0.0876471087633725
0.4027554110509285	-0.0876396978410652
0.4028623345653980	-0.0876322581796100
0.4029694346914266	-0.0876247896798592
0.4030767118637018	-0.0876172922421220
0.4031841665186780	-0.0876097657662087
0.4032917990945491	-0.0876022101513814
0.4033996100312942	-0.0875946252963951
0.4035075997706506	-0.0875870110994499
0.4036157687561593	-0.0875793674582325
0.4037241174331401	-0.0875716942698692
0.4038326462487338	-0.0875639914309643
0.4039413556518796	-0.0875562588375551
0.4040502460933586	-0.0875484963851518
0.4041593180257667	-0.0875407039686869
0.4042685719035631	-0.0875328814825635
0.4043780081830435	-0.0875250288205961
0.4044876273223856	-0.0875171458760637
0.4045974297816208	-0.0875092325416520
0.4047074160226842	-0.0875012887095001
0.4048175865093870	-0.0874933142711481
0.4049279417074655	-0.0874853091175825
0.4050384820845475	-0.0874772731391851
0.4051492081102074	-0.0874692062257728
0.4052601202559376	-0.0874611082665510
0.4053712189951919	-0.0874529791501569
0.4054825048033705	-0.0874448187646037
0.4055939781578476	-0.0874366269973288
0.4057056395379712	-0.0874284037351425
0.4058174894250816	-0.0874201488642664
0.4059295283025153	-0.0874118622702885
0.4060417566556283	-0.0874035438382027
0.4061541749717867	-0.0873951934523576
0.4062667837404036	-0.0873868109965018
0.4063795834529236	-0.0873783963537291
0.4064925746028576	-0.0873699494065255
0.4066057576857766	-0.0873614700367162
0.4067191331993374	-0.0873529581255062
0.4068327016432750	-0.0873444135534333
0.4069464635194460	-0.0873358362004075
0.4070604193317977	-0.0873272259456621
0.4071745695864244	-0.0873185826677929
0.4072889147915389	-0.0873099062447108
0.4074034554575195	-0.0873011965536821
0.4075181920968932	-0.0872924534712794
0.4076331252243700	-0.0872836768734171
0.4077482553568366	-0.0872748666353110
0.4078635830133896	-0.0872660226315117
0.4079791087153208	-0.0872571447358556
0.4080948329861632	-0.0872482328215086
0.4082107563516659	-0.0872392867609157
0.4083268793398436	-0.0872303064258365
0.4084432024809578	-0.0872212916873016
0.4085597263075563	-0.0872122424156498
0.4086764513544610	-0.0872031584804791
0.4087933781588099	-0.0871940397506857
0.4089105072600336	-0.0871848860944156
0.4090278391999078	-0.0871756973791025
0.4091453745225352	-0.0871664734714198
0.4092631137743794	-0.0871572142373209
0.4093810575042630	-0.0871479195419876
0.4094992062633983	-0.0871385892498680
0.4096175606053797	-0.0871292232246332
0.4097361210862221	-0.0871198213292106
0.4098548882643499	-0.0871103834257342
0.4099738627006330	-0.0871009093755865
0.4100930449583821	-0.0870913990393504
0.4102124356033840	-0.0870818522768416
0.4103320352038881	-0.0870722689470650
0.4104518443306535	-0.0870626489082509
0.4105718635569281	-0.0870529920178050
0.4106920934585031	-0.0870432981323481
0.4108125346136857	-0.0870335671076652
0.4109331876033536	-0.0870237987987451
0.4110540530109340	-0.0870139930597294
0.4111751314224518	-0.0870041497439513
0.4112964234265120	-0.0869942687038869
0.4114179296143514	-0.0869843497911902
0.4115396505798166	-0.0869743928566471
0.4116615869194105	-0.0869643977502097
0.4117837392322848	-0.0869543643209495
0.4119061081202806	-0.0869442924170932
0.4120286941879099	-0.0869341818859732
0.4121514980424122	-0.0869240325740650
0.4122745202937321	-0.0869138443269378
0.4123977615545676	-0.0869036169892903
0.4125212224403617	-0.0868933504049048
0.4126449035693400	-0.0868830444166778
0.4127688055625061	-0.0868726988665769
0.4128929290436804	-0.0868623135956711
0.4130172746394955	-0.0868518884440887
0.4131418429794345	-0.0868414232510447
0.4132666346958265	-0.0868309178547990
0.4133916504238833	-0.0868203720926870
0.4135168908017021	-0.0868097858010742
0.4136423564702993	-0.0867991588153884
0.4137680480736025	-0.0867884909700724
0.4138939662585018	-0.0867777820986183
0.4140201116748362	-0.0867670320335200
0.4141464849754353	-0.0867562406063043
0.4142730868161199	-0.0867454076474876
0.4143999178557380	-0.0867345329866028
0.4145269787561620	-0.0867236164521581
0.4146542701823339	-0.0867126578716663
0.4147817928022545	-0.0867016570715969
0.4149095472870318	-0.0866906138774095
0.4150375343108711	-0.0866795281135072
0.4151657545511237	-0.0866683996032664
0.4152942086882789	-0.0866572281689920
0.4154228974060090	-0.0866460136319470
0.4155518213911645	-0.0866347558123065
0.4156809813338164	-0.0866234545291879
0.4158103779272564	-0.0866121096006048
0.4159400118680368	-0.0866007208434973
0.4160698838559690	-0.0865892880736842
0.4161999945941707	-0.0865778111058957
0.4163303447890576	-0.0865662897537243
0.4164609351503892	-0.0865547238296560
0.4165917663912683	-0.0865431131450227
0.4167228392281885	-0.0865314575100314
0.4168541543810237	-0.0865197567337196
0.4169857125730800	-0.0865080106239822
0.4171175145310927	-0.0864962189875267
0.4172495609852704	-0.0864843816298992
0.4173818526692951	-0.0864724983554429
0.4175143903203654	-0.0864605689673199
0.4176471746791979	-0.0864485932674700
0.4177802064900740	-0.0864365710566362
0.4179134865008383	-0.0864245021343179
0.4180470154629415	-0.0864123862988020
0.4181807941314469	-0.0864002233471105
0.4183148232650735	-0.0863880130750344
0.4184491036261931	-0.0863757552770800
0.4185836359808852	-0.0863634497465031
0.4187184210989338	-0.0863510962752582
0.4188534597538696	-0.0863386946540253
0.4189887527229794	-0.0863262446721633
0.4191243007873516	-0.0863137461177395
0.4192601047318735	-0.0863011987774788
0.4193961653452866	-0.0862886024367899
0.4195324834201816	-0.0862759568797221
0.4196690597530517	-0.0862632618889889
0.4198058951442941	-0.0862505172459187
0.4199429903982569	-0.0862377227304839
0.4200803463232466	-0.0862248781212537
0.4202179637315719	-0.0862119831954162
0.4203558434395511	-0.0861990377287325
0.4204939862675598	-0.0861860414955636
0.4206323930400381	-0.0861729942688216
0.4207710645855359	-0.0861598958199924
0.4209100017367200	-0.0861467459190908
0.4210492053304284	-0.0861335443346865
0.4211886762076668	-0.0861202908338486
0.4213284152136660	-0.0861069851821799
0.4214684231978876	-0.0860936271437611
0.4216087010140712	-0.0860802164811777
0.4217492495202446	-0.0860667529554725
0.4218900695787745	-0.0860532363261680
0.4220311620563693	-0.0860396663512173
0.4221725278241407	-0.0860260427870293
0.4223141677575982	-0.0860123653884194
0.4224560827367167	-0.0859986339086312
0.4225982736459287	-0.0859848480992882
0.4227407413741900	-0.0859710077104180
0.4228834868149827	-0.0859571124904029
0.4230265108663678	-0.0859431621859990
0.4231698144309982	-0.0859291565422921
0.4233133984161706	-0.0859150953027146
0.4234572637338326	-0.0859009782090006
0.4236014113006433	-0.0858868050012040
0.4237458420379784	-0.0858725754176524
0.4238905568719894	-0.0858582891949627
0.4240355567336094	-0.0858439460679973
0.4241808425586152	-0.0858295457698828
0.4243264152876335	-0.0858150880319590
0.4244722758662004	-0.0858005725837984
0.4246184252447723	-0.0857859991531606
0.4247648643787824	-0.0857713674660066
0.4249115942286569	-0.0857566772464533
0.4250586157598653	-0.0857419282167887
0.4252059299429411	-0.0857271200974251
0.4253535377535383	-0.0857122526069158
0.4255014401724426	-0.0856973254619057
0.4256496381856325	-0.0856823383771479
0.4257981327842928	-0.0856672910654562
0.4259469249648765	-0.0856521832377198
0.4260960157291192	-0.0856370146028538
0.4262454060840954	-0.0856217848678161
0.4263950970422422	-0.0856064937375584
0.4265450896214130	-0.0855911409150378
0.4266953848449002	-0.0855757261011742
0.4268459837414872	-0.0855602489948559
0.4269968873454824	-0.0855447092928971
0.4271480966967641	-0.0855291066900487
0.4272996128408114	-0.0855134408789494
0.4274514368287582	-0.0854977115501368
0.4276035697174203	-0.0854819183920020
0.4277560125693523	-0.0854660610907981
0.4279087664528722	-0.0854501393305910
0.4280618324421237	-0.0854341527932729
0.4282152116170978	-0.0854181011585095
0.4283689050636974	-0.0854019841037541
0.4285229138737608	-0.0853858013041951
0.4286772391451232	-0.0853695524327687
0.4288318819816444	-0.0853532371601044
0.4289868434932725	-0.0853368551545399
0.4291421247960708	-0.0853204060820667
0.4292977270122780	-0.0853038896063411
0.4294536512703413	-0.0852873053886304
0.4296098987049788	-0.0852706530878269
0.4297664704572096	-0.0852539323603907
0.4299233676744161	-0.0852371428603622
0.4300805915103778	-0.0852202842393056
0.4302381431253365	-0.0852033561463222
0.4303960236860255	-0.0851863582279926
0.4305542343657408	-0.0851692901283887
0.4307127763443683	-0.0851521514890154
0.4308716508084535	-0.0851349419488217
0.4310308589512386	-0.0851176611441447
0.4311904019727267	-0.0851003087087196
0.4313502810797152	-0.0850828842736185
0.4315104974858714	-0.0850653874672625
0.4316710524117623	-0.0850478179153643
0.4318319470849278	-0.0850301752409328
0.4319931827399178	-0.0850124590642228
0.4321547606183624	-0.0849946690027296
0.4323166819690103	-0.0849768046711435
0.4324789480478003	-0.0849588656813482
0.4326415601179026	-0.0849408516423645
0.4328045194497921	-0.0849227621603572
0.4329678273212842	-0.0849045968385728
0.4331314850176173	-0.0848863552773468
0.4332954938314863	-0.0848680370740434
0.4334598550631248	-0.0848496418230601
0.4336245700203413	-0.0848311691157650
0.4337896400186021	-0.0848126185405034
0.4339550663810744	-0.0847939896825351
0.4341208504386985	-0.0847752821240362
0.4342869935302398	-0.0847564954440413
0.4344534970023677	-0.0847376292184405
0.4346203622096950	-0.0847186830199211
0.4347875905148681	-0.0846996564179656
0.4349551832886062	-0.0846805489787920
0.4351231419097906	-0.0846613602653518
0.4352914677655077	-0.0846420898372678
0.4354601622511372	-0.0846227372508326
0.4356292267703983	-0.0846033020589445
0.4357986627354381	-0.0845837838111075
0.4359684715668801	-0.0845641820533648
0.4361386546939134	-0.0845444963282970
0.4363092135543419	-0.0845247261749569
0.4364801495946787	-0.0845048711288650
0.4366514642701925	-0.0844849307219467
0.4368231590450035	-0.0844649044825223
0.4369952353921343	-0.0844447919352464
0.4371676947936068	-0.0844245926010963
0.4373405387404917	-0.0844043059973113
0.4375137687330096	-0.0843839316373783
0.4376873862805842	-0.0843634690309717
0.4378613929019362	-0.0843429176839392
0.4380357901251488	-0.0843222770982364
0.4382105794877594	-0.0843015467719156
0.4383857625368240	-0.0842807261990603
0.4385613408290123	-0.0842598148697700
0.4387373159306742	-0.0842388122700933
0.4389136894179382	-0.0842177178820139
0.4390904628767763	-0.0841965311833825
0.4392676379031095	-0.0841752516479016
0.4394452161028661	-0.0841538787450551
0.4396231990920931	-0.0841324119400924
0.4398015884970243	-0.0841108506939587
0.4399803859541813	-0.0840891944632759
0.4401595931104494	-0.0840674427002724
0.4403392116231808	-0.0840455948527635
0.4405192431602680	-0.0840236503640787
0.4406996894002571	-0.0840016086730436
0.4408805520324183	-0.0839794692139030
0.4410618327568577	-0.0839572314163019
0.4412435332845967	-0.0839348947052091
0.4414256553376814	-0.0839124585008970
0.4416082006492654	-0.0838899222188619
0.4417911709637236	-0.0838672852698031
0.4419745680367350	-0.0838445470595439
0.4421583936353968	-0.0838217069890079
0.4423426495383112	-0.0837987644541378
0.4425273375357048	-0.0837757188458702
0.4427124594295153	-0.0837525695500560
0.4428980170335098	-0.0837293159474316
0.4430840121733775	-0.0837059574135377
0.4432704466868515	-0.0836824933186877
0.4434573224238030	-0.0836589230278883
0.4436446412463630	-0.0836352459008066
0.4438324050290221	-0.0836114612916839
0.4440206156587541	-0.0835875685493061
0.4442092750351153	-0.0835635670169157
0.4443983850703758	-0.0835394560321777
0.4445879476896197	-0.0835152349270929
0.4447779648308744	-0.0834909030279601
0.4449684384452210	-0.0834664596552894
0.4451593704969226	-0.0834419041237614
0.4453507629635373	-0.0834172357421392
0.4455426178360484	-0.0833924538132266
0.4457349371189835	-0.0833675576337753
0.4459277228305426	-0.0833425464944454
0.4461209770027291	-0.0833174196797104
0.4463147016814739	-0.0832921764678112
0.4465088989267644	-0.0832668161306627
0.4467035708127848	-0.0832413379338072
0.4468987194280399	-0.0832157411363164
0.4470943468754986	-0.0831900249907426
0.4472904552727229	-0.0831641887430217
0.4474870467520195	-0.0831382316324183
0.4476841234605609	-0.0831121528914290
0.4478816875605455	-0.0830859517457261
0.4480797412293290	-0.0830596274140567
0.4482782866595810	-0.0830331791081852
0.4484773260594168	-0.0830066060327882
0.4486768616525628	-0.0829799073853981
0.4488768956784966	-0.0829530823562954
0.4490774303926066	-0.0829261301284466
0.4492784680663366	-0.0828990498773947
0.4494800109873592	-0.0828718407711973
0.4496820614597143	-0.0828445019703148
0.4498846218039896	-0.0828170326275418
0.4500876943574602	-0.0827894318878965
0.4502912814742805	-0.0827616988885469
0.4504953855256254	-0.0827338327586999
0.4507000088998772	-0.0827058326195239
0.4509051540027849	-0.0826776975840340
0.4511108232576456	-0.0826494267570127
0.4513170191054751	-0.0826210192348922
0.4515237440051847	-0.0825924741056733
0.4517310004337650	-0.0825637904488008
0.4519387908864639	-0.0825349673350838
0.4521471178769765	-0.0825060038265668
0.4523559839376260	-0.0824768989764440
0.4525653916195541	-0.0824476518289325
0.4527753434929193	-0.0824182614191784
0.4529858421470800	-0.0823887267731276
0.4531968901908038	-0.0823590469074314
0.4534084902524549	-0.0823292208293111
0.4536206449802060	-0.0822992475364609
0.4538333570422367	-0.0822691260169094
0.4540466291269425	-0.0822388552489166
0.4542604639431476	-0.0822084342008351
0.4544748642203164	-0.0821778618310024
0.4546898327087623	-0.0821471370875943
0.4549053721798853	-0.0821162589085202
0.4551214854263657	-0.0820852262212659
0.4553381752624167	-0.0820540379427882
0.4555554445239921	-0.0820226929793547
0.4557732960690316	-0.0819911902264303
0.4559917327776776	-0.0819595285685162
0.4562107575525335	-0.0819277068790306
0.4564303733188845	-0.0818957240201427
0.4566505830249540	-0.0818635788426491
0.4568713896421437	-0.0818312701858045
0.4570927961652894	-0.0817987968771913
0.4573148056129097	-0.0817661577325477
0.4575374210274658	-0.0817333515556297
0.4577606454756235	-0.0817003771380360
0.4579844820485169	-0.0816672332590649
0.4582089338620132	-0.0816339186855336
0.4584340040569951	-0.0816004321716295
0.4586596957996222	-0.0815667724587236
0.4588860122816238	-0.0815329382752182
0.4591129567205744	-0.0814989283363527
0.4593405323601880	-0.0814647413440458
0.4595687424706018	-0.0814303759866957
0.4597975903486825	-0.0813958309390175
0.4600270793183169	-0.0813611048618369
0.4602572127307279	-0.0813261964019172
0.4604879939647696	-0.0812911041917529
0.4607194264272540	-0.0812558268493880
0.4609515135532600	-0.0812203629781992
0.4611842588064644	-0.0811847111667143
0.4614176656794616	-0.0811488699883823
0.4616517376941011	-0.0811128380013866
0.4618864784018221	-0.0810766137484106
0.4621218913840000	-0.0810401957564401
0.4623579802522889	-0.0810035825365239
0.4625947486489767	-0.0809667725835658
0.4628322002473426	-0.0809297643760812
0.4630703387520212	-0.0808925563759765
0.4633091678993682	-0.0808551470283003
0.4635486914578404	-0.0808175347610156
0.4637889132283695	-0.0807797179847401
0.4640298370447502	-0.0807416950925106
0.4642714667740340	-0.0807034644595140
0.4645138063169222	-0.0806650244428432
0.4647568596081759	-0.0806263733812190
0.4650006306170203	-0.0805875095947373
0.4652451233475613	-0.0805484313845789
0.4654903418392148	-0.0805091370327474
0.4657362901671244	-0.0804696248017706
0.4659829724426104	-0.0804298929344278
0.4662303928136022	-0.0803899396534398
0.4664785554650952	-0.0803497631611847
0.4667274646196036	-0.0803093616393788
0.4669771245376246	-0.0802687332487794
0.4672275395181131	-0.0802278761288553
0.4674787138989587	-0.0801867883974770
0.4677306520574688	-0.0801454681505763
0.4679833584108739	-0.0801039134618242
0.4682368374168154	-0.0800621223822744
0.4684910935738691	-0.0800200929400331
0.4687461314220562	-0.0799778231398867
0.4690019555433756	-0.0799353109629592
0.4692585705623361	-0.0798925543663263
0.4695159811465008	-0.0798495512826557
0.4697741920070488	-0.0798062996198105
0.4700332078993275	-0.0797627972604722
0.4702930336234300	-0.0797190420617327
0.4705536740247782	-0.0796750318546963
0.4708151339947123	-0.0796307644440579
0.4710774184710911	-0.0795862376076934
0.4713405324389083	-0.0795414490962143
0.4716044809309071	-0.0794963966325441
0.4718692690282209	-0.0794510779114557
0.4721349018610113	-0.0794054905991322
0.4724013846091216	-0.0793596323326812
0.4726687225027479	-0.0793135007196779
0.4729369208231083	-0.0792670933376637
0.4732059849031406	-0.0792204077336681
0.4734759201281940	-0.0791734414236855
0.4737467319367484	-0.0791261918921747
0.4740184258211349	-0.0790786565915218
0.4742910073282789	-0.0790308329415119
0.4745644820604476	-0.0789827183287689
0.4748388556760149	-0.0789343101062095
0.4751141338902392	-0.0788856055924571
0.4753903224760553	-0.0788366020712695
0.4756674272648830	-0.0787872967909314
0.4759454541474440	-0.0787376869636571
0.4762244090745968	-0.0786877697649551
0.4765042980581917	-0.0786375423330035
0.4767851271719305	-0.0785870017679905
0.4770669025522565	-0.0785361451314603
0.4773496303992408	-0.0784849694456238
0.4776333169775084	-0.0784334716926782
0.4779179686171616	-0.0783816488140840
0.4782035917147343	-0.0783294977098546
0.4784901927341516	-0.0782770152378032
0.4787777782077225	-0.0782241982127980
0.4790663547371338	-0.0781710434059755
0.4793559289944813	-0.0781175475439622
0.4796465077233026	-0.0780637073080529
0.4799380977396440	-0.0780095193333940
0.4802307059331378	-0.0779549802081255
0.4805243392681082	-0.0779000864725256
0.4808190047846927	-0.0778448346181155
0.4811147095999848	-0.0777892210867598
0.4814114609092072	-0.0777332422697311
0.4817092659868966	-0.0776768945067693
0.4820081321881178	-0.0776201740850996
0.4823080669497067	-0.0775630772384475
0.4826090777915254	-0.0775056001460098
0.4829111723177499	-0.0774477389314222
0.4832143582181879	-0.0773894896616808
0.4835186432696142	-0.0773308483460587
0.4838240353371355	-0.0772718109349760
0.4841305423755860	-0.0772123733188606
0.4844381724309473	-0.0771525313269648
0.4847469336418052	-0.0770922807261692
0.4850568342408187	-0.0770316172197402
0.4853678825562462	-0.0769705364460723
0.4856800870134741	-0.0769090339773840
0.4859934561365984	-0.0768471053183977
0.4863079985500310	-0.0767847459049680
0.4866237229801419	-0.0767219511026926
0.4869406382569292	-0.0766587162054719
0.4872587533157380	-0.0765950364340482
0.4875780771990014	-0.0765309069344891
0.4878986190580296	-0.0764663227766515
0.4882203881548290	-0.0764012789525844
0.4885433938639675	-0.0763357703749102
0.4888676456744758	-0.0762697918751468
0.4891931531917936	-0.0762033382019999
0.4895199261397521	-0.0761364040195928
0.4898479743626086	-0.0760689839056709
0.4901773078271175	-0.0760010723497324
0.4905079366246572	-0.0759326637511350
0.4908398709733915	-0.0758637524171258
0.4911731212204916	-0.0757943325608390
0.4915076978444036	-0.0757243982992228
0.4918436114571602	-0.0756539436509214
0.4921808728067600	-0.0755829625340832
0.4925194927795886	-0.0755114487641269
0.4928594824028973	-0.0754393960514251
0.4932008528473451	-0.0753667979989415
0.4935436154295955	-0.0752936480997804
0.4938877816149684	-0.0752199397346868
0.4942333630201681	-0.0751456661694575
0.4945803714160595	-0.0750708205522907
0.4949288187305236	-0.0749953959110455
0.4952787170513703	-0.0749193851504341
0.4956300786293296	-0.0748427810491213
0.4959829158811073	-0.0747655762567428
0.4963372413925184	-0.0746877632908346
0.4966930679216998	-0.0746093345336678
0.4970504084023916	-0.0745302822289881
0.4974092759473079	-0.0744505984786625
0.4977696838515899	-0.0743702752392110
0.4981316455963397	-0.0742893043182468
0.4984951748522443	-0.0742076773707899
0.4988602854832924	-0.0741253858954834
0.4992269915505874	-0.0740424212306735
0.4995953073162419	-0.0739587745503823
0.4999652472473974	-0.0738744368601371
0.5003368260203227	-0.0737893989926812
0.5007100585246249	-0.0737036516035328
0.5010849598675802	-0.0736171851664122
0.5014615453785635	-0.0735299899685092
0.5018398306135988	-0.0734420561056052
0.5022198313600340	-0.0733533734770220
0.5026015636413267	-0.0732639317804166
0.5029850437219769	-0.0731737205063890
0.5033702881125700	-0.0730827289329153
0.5037573135749747	-0.0729909461195878
0.5041461371276623	-0.0728983609016611
0.5045367760511911	-0.0728049618838902
0.5049292478938219	-0.0727107374341553
0.5053235704773033	-0.0726156756768649
0.5057197619028040	-0.0725197644861246
0.5061178405570231	-0.0724229914786654
0.5065178251184560	-0.0723253440065167
0.5069197345638509	-0.0722268091494169
0.5073235881748402	-0.0721273737069513
0.5077294055447594	-0.0720270241903947
0.5081372065856676	-0.0719257468142618
0.5085470115355590	-0.0718235274875410
0.5089588409658001	-0.0717203518045984
0.5093727157887623	-0.0716162050357385
0.5097886572656954	-0.0715110721174114
0.5102066870148183	-0.0714049376420386
0.5106268270196670	-0.0712977858474502
0.5110490996376678	-0.0711896006059070
0.5114735276089851	-0.0710803654126997
0.5119001340656323	-0.0709700633742842
0.5123289425408464	-0.0708586771959580
0.5127599769787669	-0.0707461891690274
0.5131932617443912	-0.0706325811574675
0.5136288216338502	-0.0705178345840243
0.5140666818849954	-0.0704019304157533
0.5145068681883173	-0.0702848491489466
0.5149494066981998	-0.0701665707934404
0.5153943240445380	-0.0700470748562434
0.5158416473447147	-0.0699263403244745
0.5162914042159568	-0.0698043456475666
0.5167436227880953	-0.0696810687186920
0.5171983317167240	-0.0695564868553691
0.5176555601967880	-0.0694305767792217
0.5181153379766098	-0.0693033145948228
0.5185776953723786	-0.0691746757675890
0.5190426632831002	-0.0690446351006665
0.5195102732060536	-0.0689131667107542
0.5199805572527489	-0.0687802440028047
0.5204535481654133	-0.0686458396435385
0.5209292793340335	-0.0685099255337076
0.5214077848139569	-0.0683724727790259
0.5218890993440968	-0.0682334516597038
0.5223732583657340	-0.0680928315984910
0.5228602980419726	-0.0679505811271471
0.5233502552778352	-0.0678066678512416
0.5238431677410628	-0.0676610584131822
0.5243390738835975	-0.0675137184533662
0.5248380129638270	-0.0673646125693305
0.5253400250695621	-0.0672137042727857
0.5258451511418291	-0.0670609559443886
0.5263534329994444	-0.0669063287861161
0.5268649133644703	-0.0667497827710840
0.5273796358885041	-0.0665912765906381
0.5278976451798935	-0.0664307675985427
0.5284189868318759	-0.0662682117520661
0.5289437074516630	-0.0661035635497653
0.5294718546905349	-0.0659367759657170
0.5300034772749281	-0.0657678003799829
0.5305386250385825	-0.0655965865050157
0.5310773489557535	-0.0654230823077297
0.5316197011755128	-0.0652472339269263
0.5321657350571826	-0.0650689855857251
0.5327155052068974	-0.0648882794986433
0.5332690675153238	-0.0647050557729181
0.5338264791965667	-0.0645192523036308
0.5343877988282260	-0.0643308046621734
0.5349530863926526	-0.0641396459775206
0.5355224033193876	-0.0639457068097494
0.5360958125287341	-0.0637489150152027
0.5366733784764822	-0.0635491956025850
0.5372551671997320	-0.0633464705792893
0.5378412463637181	-0.0631406587871131
0.5384316853096376	-0.0629316757264723
0.5390265551033036	-0.0627194333681578
0.5396259285845395	-0.0625038399515088
0.5402298804171374	-0.0622847997678493
0.5408384871391707	-0.0620622129278516
0.5414518272134305	-0.0618359751113746
0.5420699810776302	-0.0616059772981715
0.5426930311940528	-0.0613721054776690
0.5433210620981118	-0.0611342403358603
0.5439541604453355	-0.0608922569170793
0.5445924150559963	-0.0606460242582267
0.5452359169566544	-0.0603954049927150
0.5458847594175049	-0.0601402549210596
0.5465390379844280	-0.0598804225447222
0.5471988505041683	-0.0596157485594022
0.5478642971409603	-0.0593460653034512
0.5485354803824091	-0.0590711961566282
0.5492125050320665	-0.0587909548837816
0.5498954781855704	-0.0585051449173519
0.5505845091865538	-0.0582135585718244
0.5512797095577385	-0.0579159761823683
0.5519811929016339	-0.0576121651588693
0.5526890747640182	-0.0573018789454028
0.5534034724519008	-0.0569848558739012
0.5541245047958744	-0.0566608178992081
0.5548522918442796	-0.0563294692010083
0.5555869544739755	-0.0559904946361905
0.5563286138987350	-0.0556435580229345
0.5570773910518874	-0.0552883002353984
0.5578334058140462	-0.0549243370850503
0.5585967760497411	-0.0545512569616531
0.5593676164074394	-0.0541686182037188
0.5601460368258422	-0.0537759461647504
0.5609321406743549	-0.0533727299382201
0.5617260224362544	-0.0529584187013507
0.5625277648178896	-0.0525324176356816
0.5633374351348610	-0.0520940833820612
0.5641550807830811	-0.0516427189913901
0.5649807235471518	-0.0511775683412174
0.5658143524243718	-0.0506978100083802
0.5666559145462862	-0.0502025506237377
0.5675053036523294	-0.0496908178007596
0.5683623454042108	-0.0491615528406266
0.5692267786153093	-0.0486136036062195
0.5700982312015147	-0.0480457182747035
0.5709761893411823	-0.0474565412074067
0.5718599579972217	-0.0468446130573006
0.5727486107159802	-0.0462083786893474
0.5736409267699408	-0.0455462088715485
0.5745353149840421	-0.0448564454824769
0.5754297276657385	-0.0441374856470161
0.5763215786566452	-0.0433879273549917
0.5772077038785397	-0.0426068033135135
0.5780844505794366	-0.0417939124946717
0.5789480422352277	-0.0409501648762098
0.5797953440512595	-0.0400774690880766
0.5806426458672914	-0.0392047732999433
