0.3467109968791484	-0.2739148752912436
0.3467110448059559	-0.2739148533281122
0.3467111885866798	-0.2739147874385028
0.3467114282215495	-0.2739146776219477
0.3467117637113216	-0.2739145238777161
0.3467121950568642	-0.2739143262044270
0.3467127222593810	-0.2739140846008788
0.3467133453203945	-0.2739137990650340
0.3467140642415218	-0.2739134695949196
0.3467148790248120	-0.2739130961880030
0.3467157896724428	-0.2739126788416272
0.3467167961869538	-0.2739122175523894
0.3467178985711223	-0.2739117123171889
0.3467190968279715	-0.2739111631319270
0.3467203909608627	-0.2739105699927846
0.3467217809732054	-0.2739099328951051
0.3467232668689663	-0.2739092518342960
0.3467248486520983	-0.2739085268053156
0.3467265263272225	-0.2739077578024425
0.3467282998987040	-0.2739069448203226
0.3467301693714859	-0.2739060878525286
0.3467321347507168	-0.2739051868929550
0.3467341960418305	-0.2739042419347480
0.3467363532505695	-0.2739032529706932
0.3467386063826930	-0.2739022199937343
0.3467409554446106	-0.2739011429958407
0.3467434004426422	-0.2739000219691547
0.3467459413835852	-0.2738988569052417
0.3467485782743975	-0.2738976477954054
0.3467513111224020	-0.2738963946305883
0.3467541399350609	-0.2738950974014984
0.3467570647202183	-0.2738937560982370
0.3467600854859045	-0.2738923707109761
0.3467632022404439	-0.2738909412292914
0.3467664149924342	-0.2738894676425030
0.3467697237506643	-0.2738879499396507
0.3467731285243717	-0.2738863881091514
0.3467766293228217	-0.2738847821396399
0.3467802261556901	-0.2738831320188295
0.3467839190330782	-0.2738814377344904
0.3467877079647533	-0.2738796992740305
0.3467915929615293	-0.2738779166242588
0.3467955740339675	-0.2738760897719558
0.3467996511930469	-0.2738742187034157
0.3468038244500002	-0.2738723034047053
0.3468080938163608	-0.2738703438613049
0.3468124593039189	-0.2738683400586496
0.3468169209246740	-0.2738662919815960
0.3468214786909523	-0.2738641996151006
0.3468261326152708	-0.2738620629432172
0.3468308827105182	-0.2738598819499887
0.3468357289897364	-0.2738576566191642
0.3468406714664694	-0.2738553869338983
0.3468457101541185	-0.2738530728772416
0.3468508450666645	-0.2738507144320185
0.3468560762184866	-0.2738483115802434
0.3468614036236656	-0.2738458643040139
0.3468668272971648	-0.2738433725850977
0.3468723472538407	-0.2738408364045395
0.3468779635089859	-0.2738382557434954
0.3468836760780000	-0.2738356305826048
0.3468894849768807	-0.2738329609019934
0.3468953902214215	-0.2738302466817544
0.3469013918281167	-0.2738274879013347
0.3469074898133462	-0.2738246845401652
0.3469136841942357	-0.2738218365770363
0.3469199749876545	-0.2738189439907006
0.3469263622110753	-0.2738160067592875
0.3469328458821303	-0.2738130248607710
0.3469394260187598	-0.2738099982726819
0.3469461026392094	-0.2738069269723167
0.3469528757617867	-0.2738038109364834
0.3469597454052123	-0.2738006501416817
0.3469667115887194	-0.2737974445640826
0.3469737743313798	-0.2737941941797299
0.3469809336526979	-0.2737908989640709
0.3469881895726420	-0.2737875588922274
0.3469955421112509	-0.2737841739389961
0.3470029912886646	-0.2737807440789646
0.3470105371257910	-0.2737772692860830
0.3470181796433532	-0.2737737495343341
0.3470259188625349	-0.2737701847971091
0.3470337548046525	-0.2737665750474111
0.3470416874916302	-0.2737629202581706
0.3470497169451692	-0.2737592204015998
0.3470578431878012	-0.2737554754497838
0.3470660662418312	-0.2737516853744624
0.3470743861301253	-0.2737478501470419
0.3470828028757214	-0.2737439697384789
0.3470913165019461	-0.2737400441194265
0.3470999270323969	-0.2737360732601787
0.3471086344909678	-0.2737320571307207
0.3471174389017868	-0.2737279957006152
0.3471263402892515	-0.2737238889392118
0.3471353386781025	-0.2737197368151679
0.3471444340932706	-0.2737155392972483
0.3471536265600457	-0.2737112963536429
0.3471629161039196	-0.2737070079520038
0.3471723027505038	-0.2737026740599248
0.3471817865261239	-0.2736982946446289
0.3471913674569521	-0.2736938696725827
0.3472010455696176	-0.2736893991105765
0.3472108208911515	-0.2736848829242808
0.3472206934484675	-0.2736803210797533
0.3472306632692787	-0.2736757135419479
0.3472407303810816	-0.2736710602762437
0.3472508948118973	-0.2736663612468240
0.3472611565900454	-0.2736616164182905
0.3472715157440526	-0.2736568257544926
0.3472819723026795	-0.2736519892187713
0.3472925262950310	-0.2736471067743179
0.3473031777505231	-0.2736421783840534
0.3473139266988056	-0.2736372040104939
0.3473247731697464	-0.2736321836153937
0.3473357171935361	-0.2736271171608417
0.3473467588007357	-0.2736220046078516
0.3473578980220516	-0.2736168459176149
0.3473691348885921	-0.2736116410506902
0.3473804694314578	-0.2736063899673026
0.3473919016823491	-0.2736010926272396
0.3474034316734069	-0.2735957489901437
0.3474150594362700	-0.2735903590150295
0.3474267850038371	-0.2735849226607129
0.3474386084085228	-0.2735794398854530
0.3474505296834575	-0.2735739106474775
0.3474625488618706	-0.2735683349043156
0.3474746659772442	-0.2735627126133410
0.3474868810636964	-0.2735570437312158
0.3474991941550278	-0.2735513282146155
0.3475116052856271	-0.2735455660195139
0.3475241144903686	-0.2735397571019054
0.3475367218041363	-0.2735339014171452
0.3475494272621442	-0.2735279989200207
0.3475622308999276	-0.2735220495652662
0.3475751327533436	-0.2735160533072578
0.3475881328584044	-0.2735100100996048
0.3476012312514598	-0.2735039198960974
0.3476144279694178	-0.2734977826493973
0.3476277230489430	-0.2734915983126733
0.3476411165273267	-0.2734853668379219
0.3476546084421802	-0.2734790881771673
0.3476681988312281	-0.2734727622819794
0.3476818877325120	-0.2734663891036216
0.3476956751845417	-0.2734599685926489
0.3477095612258990	-0.2734535006996024
0.3477235458954430	-0.2734469853745454
0.3477376292325046	-0.2734404225667770
0.3477518112765728	-0.2734338122257887
0.3477660920673952	-0.2734271543004058
0.3477804716452407	-0.2734204487387110
0.3477949500502754	-0.2734136954891879
0.3478095273233381	-0.2734068944990872
0.3478242035052073	-0.2734000457158772
0.3478389786372640	-0.2733931490862712
0.3478538527611081	-0.2733862045566064
0.3478688259183155	-0.2733792120732581
0.3478838981513552	-0.2733721715815125
0.3478990695022773	-0.2733650830267609
0.3479143400140128	-0.2733579463537563
0.3479297097294987	-0.2733507615070138
0.3479451786918642	-0.2733435284304588
0.3479607469449583	-0.2733362470676440
0.3479764145323246	-0.2733289173620043
0.3479921814984221	-0.2733215392561040
0.3480080478874725	-0.2733141126923254
0.3480240137443611	-0.2733066376127891
0.3480400791140734	-0.2732991139591130
0.3480562440419516	-0.2732915416720756
0.3480725085736322	-0.2732839206928641
0.3480888727550116	-0.2732762509614575
0.3481053366321806	-0.2732685324178935
0.3481219002520117	-0.2732607650015778
0.3481385636609698	-0.2732529486515811
0.3481553269062665	-0.2732450833067753
0.3481721900353300	-0.2732371689049731
0.3481891530958173	-0.2732292053843046
0.3482062161357711	-0.2732211926820204
0.3482233792034347	-0.2732131307350929
0.3482406423473953	-0.2732050194801190
0.3482580056166373	-0.2731968588530354
0.3482754690602572	-0.2731886487895516
0.3482930327276588	-0.2731803892250095
0.3483106966688496	-0.2731720800940467
0.3483284609338004	-0.2731637213312361
0.3483463255729745	-0.2731553128702574
0.3483642906369179	-0.2731468546449916
0.3483823561767581	-0.2731383465881341
0.3484005222436743	-0.2731297886326538
0.3484187888894975	-0.2731211807104753
0.3484371561656535	-0.2731125227534303
0.3484556241249396	-0.2731038146927832
0.3484741928194970	-0.2730950564596030
0.3484928623021789	-0.2730862479842071
0.3485116326261824	-0.2730773891963890
0.3485305038449068	-0.2730684800260541
0.3485494760120140	-0.2730595204019020
0.3485685491815909	-0.2730505102527924
0.3485877234079428	-0.2730414495069890
0.3486069987458223	-0.2730323380919210
0.3486263752500096	-0.2730231759351803
0.3486458529760117	-0.2730139629634529
0.3486654319791694	-0.2730046991030421
0.3486851123154798	-0.2729953842799708
0.3487048940410624	-0.2729860184196680
0.3487247772124181	-0.2729766014469532
0.3487447618863562	-0.2729671332865943
0.3487648481200625	-0.2729576138625857
0.3487850359708929	-0.2729480430985786
0.3488053254966851	-0.2729384209173961
0.3488257167552914	-0.2729287472420996
0.3488462098054026	-0.2729190219945576
0.3488668047054176	-0.2729092450967105
0.3488875015143830	-0.2728994164697029
0.3489083002916601	-0.2728895360343319
0.3489292010968176	-0.2728796037109377
0.3489502039897937	-0.2728696194192509
0.3489713090308722	-0.2728595830786543
0.3489925162806800	-0.2728494946078302
0.3490138257999553	-0.2728393539254435
0.3490352376499373	-0.2728291609493619
0.3490567518922304	-0.2728189155966110
0.3490783685885551	-0.2728086177844835
0.3491000878011542	-0.2727982674293346
0.3491219095923918	-0.2727878644469794
0.3491438340250893	-0.2727774087530579
0.3491658611625500	-0.2727669002622438
0.3491879910678395	-0.2727563388892225
0.3492102238050709	-0.2727457245477429
0.3492325594380288	-0.2727350571513318
0.3492549980313089	-0.2727243366130994
0.3492775396495140	-0.2727135628452413
0.3493001843577398	-0.2727027357598774
0.3493229322213681	-0.2726918552684735
0.3493457833059385	-0.2726809212818039
0.3493687376777473	-0.2726699337102803
0.3493917954027682	-0.2726588924639259
0.3494149565478943	-0.2726477974520040
0.3494382211801028	-0.2726366485833789
0.3494615893666820	-0.2726254457665837
0.3494850611752499	-0.2726141889093298
0.3495086366737837	-0.2726028779190112
0.3495323159306225	-0.2725915127022160
0.3495560990143529	-0.2725800931654036
0.3495799859939352	-0.2725686192142281
0.3496039769386599	-0.2725570907539160
0.3496280719181595	-0.2725455076891223
0.3496522710023723	-0.2725338699240139
0.3496765742615385	-0.2725221773622540
0.3497009817663634	-0.2725104299067420
0.3497254935876902	-0.2724986274600152
0.3497501097968882	-0.2724867699242070
0.3497748304655494	-0.2724748572007463
0.3497996556654955	-0.2724628891903815
0.3498245854691676	-0.2724508657936006
0.3498496199491362	-0.2724387869102498
0.3498747591783384	-0.2724266524392545
0.3499000032300993	-0.2724144622796422
0.3499253521780161	-0.2724022163294370
0.3499508060960965	-0.2723899144863025
0.3499763650585195	-0.2723775566470290
0.3500020291400917	-0.2723651427081848
0.3500277984157104	-0.2723526725657320
0.3500536729607209	-0.2723401461150518
0.3500796528509076	-0.2723275632506462
0.3501057381619527	-0.2723149238668221
0.3501319289706125	-0.2723022278571514
0.3501582253532634	-0.2722894751148626
0.3501846273870668	-0.2722766655320440
0.3502111351493202	-0.2722637990009845
0.3502377487180865	-0.2722508754125966
0.3502644681709535	-0.2722378946577639
0.3502912935866050	-0.2722248566266208
0.3503182250438754	-0.2722117612085757
0.3503452626217416	-0.2721986082925759
0.3503724063997084	-0.2721853977671122
0.3503996564573353	-0.2721721295198405
0.3504270128752338	-0.2721588034377544
0.3504544757335996	-0.2721454194074170
0.3504820451133623	-0.2721319773149748
0.3505097210957649	-0.2721184770456074
0.3505375037623127	-0.2721049184841534
0.3505653931949375	-0.2720913015144737
0.3505933894759944	-0.2720776260200589
0.3506214926879648	-0.2720638918839865
0.3506497029138128	-0.2720500989884888
0.3506780202370896	-0.2720362472150735
0.3507064447411973	-0.2720223364446578
0.3507349765103097	-0.2720083665578034
0.3507636156289651	-0.2719943374341833
0.3507923621814931	-0.2719802489528832
0.3508212162533901	-0.2719661009924362
0.3508501779300394	-0.2719518934306869
0.3508792472972246	-0.2719376261445225
0.3509084244411658	-0.2719232990108629
0.3509377094484011	-0.2719089119054691
0.3509671024059446	-0.2718944647036078
0.3509966034007708	-0.2718799572798510
0.3510262125208358	-0.2718653895081665
0.3510559298540537	-0.2718507612619335
0.3510857554887217	-0.2718360724134189
0.3511156895136133	-0.2718213228351192
0.3511457320178603	-0.2718065123976974
0.3511758830908752	-0.2717916409722949
0.3512061428224963	-0.2717767084287964
0.3512365113029745	-0.2717617146361024
0.3512669886228137	-0.2717466594632034
0.3512975748730193	-0.2717315427779882
0.3513282701447333	-0.2717163644473278
0.3513590745297845	-0.2717011243381413
0.3513899881202217	-0.2716858223161268
0.3514210110082967	-0.2716704582465987
0.3514521432871044	-0.2716550319937281
0.3514833850495325	-0.2716395434214534
0.3515147363892892	-0.2716239923926940
0.3515461974001488	-0.2716083787701618
0.3515777681765365	-0.2715927024149550
0.3516094488130184	-0.2715769631885538
0.3516412394046923	-0.2715611609507028
0.3516731400468976	-0.2715452955612628
0.3517051508357217	-0.2715293668788348
0.3517372718667441	-0.2715133747614287
0.3517695032371108	-0.2714973190663038
0.3518018450435090	-0.2714811996502638
0.3518342973832735	-0.2714650163691581
0.3518668603541384	-0.2714487690777335
0.3518995340541596	-0.2714324576307284
0.3519323185817481	-0.2714160818817671
0.3519652140359668	-0.2713996416833094
0.3519982205158239	-0.2713831368878907
0.3520313381210143	-0.2713665673468681
0.3520645669515375	-0.2713499329104953
0.3520979071078880	-0.2713332334288953
0.3521313586906966	-0.2713164687510867
0.3521649218012073	-0.2712996387253466
0.3521985965409565	-0.2712827431993091
0.3522323830119657	-0.2712657820195556
0.3522662813165086	-0.2712487550320888
0.3523002915574414	-0.2712316620820514
0.3523344138375801	-0.2712145030138564
0.3523686482607802	-0.2711972776712840
0.3524029949307788	-0.2711799858969792
0.3524374539518856	-0.2711626275328498
0.3524720254289072	-0.2711452024202712
0.3525067094669082	-0.2711277103996121
0.3525415061712355	-0.2711101513103082
0.3525764156479658	-0.2710925249912581
0.3526114380032984	-0.2710748312804707
0.3526465733441054	-0.2710570700148446
0.3526818217770674	-0.2710392410306477
0.3527171834101012	-0.2710213441636901
0.3527526583507872	-0.2710033792481355
0.3527882467076328	-0.2709853461180934
0.3528239485892822	-0.2709672446065799
0.3528597641048634	-0.2709490745451693
0.3528956933635988	-0.2709308357656801
0.3529317364757736	-0.2709125280980513
0.3529678935515742	-0.2708941513722271
0.3530041647016606	-0.2708757054163464
0.3530405500372741	-0.2708571900587291
0.3530770496698248	-0.2708386051257748
0.3531136637113434	-0.2708199504438803
0.3531503922741587	-0.2708012258381519
0.3531872354709295	-0.2707824311328076
0.3532241934151669	-0.2707635661509719
0.3532612662201645	-0.2707446307154275
0.3532984539999895	-0.2707256246476785
0.3533357568691902	-0.2707065477684940
0.3533731749423517	-0.2706873998974553
0.3534107083347793	-0.2706681808532340
0.3534483571621480	-0.2706488904543324
0.3534861215409250	-0.2706295285171730
0.3535240015870745	-0.2706100948581084
0.3535619974178760	-0.2705905892923108
0.3536001091503206	-0.2705710116337902
0.3536383369023884	-0.2705513616959109
0.3536766807922522	-0.2705316392910968
0.3537151409385366	-0.2705118442307169
0.3537537174600264	-0.2704919763249343
0.3537924104765465	-0.2704720353834880
0.3538312201076044	-0.2704520212146164
0.3538701464735665	-0.2704319336259964
0.3539091896951415	-0.2704117724240933
0.3539483498939084	-0.2703915374143316
0.3539876271907202	-0.2703712284013104
0.3540270217080058	-0.2703508451888059
0.3540665335682546	-0.2703303875793082
0.3541061628938694	-0.2703098553742120
0.3541459098085829	-0.2702892483742544
0.3541857744359026	-0.2702685663789316
0.3542257569000374	-0.2702478091869338
0.3542658573255287	-0.2702269765954048
0.3543060758374852	-0.2702060684009813
0.3543464125612010	-0.2701850843992045
0.3543868676224752	-0.2701640243842108
0.3544274411479988	-0.2701428881498110
0.3544681332638842	-0.2701216754880187
0.3545089440979994	-0.2701003861898307
0.3545498737776827	-0.2700790200460889
0.3545909224308230	-0.2700575768451105
0.3546320901861026	-0.2700360563755737
0.3546733771724535	-0.2700144584242217
0.3547147835192496	-0.2699927827768662
0.3547563093562379	-0.2699710292185244
0.3547979548137448	-0.2699491975325213
0.3548397200224482	-0.2699272875015188
0.3548816051135122	-0.2699052989072275
0.3549236102184359	-0.2698832315300025
0.3549657354694527	-0.2698610851486572
0.3550079809988329	-0.2698388595417656
0.3550503469396939	-0.2698165544862474
0.3550928334251443	-0.2697941697575221
0.3551354405892449	-0.2697717051307093
0.3551781685662575	-0.2697491603793802
0.3552210174906462	-0.2697265352754332
0.3552639874978495	-0.2697038295905708
0.3553070787234436	-0.2696810430947265
0.3553502913032878	-0.2696581755566555
0.3553936253742410	-0.2696352267438539
0.3554370810730273	-0.2696121964231813
0.3554806585371563	-0.2695890843597844
0.3555243579045032	-0.2695658903177013
0.3555681793133674	-0.2695426140598534
0.3556121229025992	-0.2695192553478796
0.3556561888115148	-0.2694958139422481
0.3557003771795435	-0.2694722896022176
0.3557446881471234	-0.2694486820854832
0.3557891218547461	-0.2694249911489539
0.3558336784433258	-0.2694012165480590
0.3558783580550118	-0.2693773580369835
0.3559231608308729	-0.2693534153687440
0.3559680869142894	-0.2693293882948204
0.3560131364475347	-0.2693052765655217
0.3560583095743280	-0.2692810799305391
0.3561036064382670	-0.2692567981370853
0.3561490271837799	-0.2692324309316824
0.3561945719556187	-0.2692079780598056
0.3562402408993272	-0.2691834392649084
0.3562860341601204	-0.2691588142899436
0.3563319518844821	-0.2691341028761124
0.3563779942187155	-0.2691093047627354
0.3564241613102409	-0.2690844196888614
0.3564704533064611	-0.2690594473914880
0.3565168703554888	-0.2690343876063341
0.3565634126057538	-0.2690092400680850
0.3566100802062691	-0.2689840045094290
0.3566568733066613	-0.2689586806620072
0.3567037920563338	-0.2689332682560869
0.3567508366061306	-0.2689077670207434
0.3567980071066785	-0.2688821766834444
0.3568453037094020	-0.2688564969699762
0.3568927265660624	-0.2688307276049848
0.3569402758289256	-0.2688048683116395
0.3569879516507027	-0.2687789188118518
0.3570357541849500	-0.2687528788253514
0.3570836835845893	-0.2687267480712300
0.3571317400043639	-0.2687005262664574
0.3571799235988788	-0.2686742131274200
0.3572282345230713	-0.2686478083681965
0.3572766729326430	-0.2686213117015985
0.3573252389835785	-0.2685947228391075
0.3573739328328455	-0.2685680414902605
0.3574227546365465	-0.2685412673631981
0.3574717045528724	-0.2685144001653982
0.3575207827397893	-0.2684874396011095
0.3575699893555394	-0.2684603853746826
0.3576193245592241	-0.2684332371881318
0.3576687885099657	-0.2684059947415486
0.3577183813679386	-0.2683786577342716
0.3577681032934271	-0.2683512258637433
0.3578179544472490	-0.2683236988249660
0.3578679349907329	-0.2682960763128339
0.3579180450857210	-0.2682683580198174
0.3579682848945503	-0.2682405436360777
0.3580186545799218	-0.2682126328515425
0.3580691543051033	-0.2681846253538129
0.3581197842337824	-0.2681565208281788
0.3581705445303298	-0.2681283189595635
0.3582214353592204	-0.2681000194300919
0.3582724568858300	-0.2680716219209152
0.3583236092756374	-0.2680431261113145
0.3583748926951232	-0.2680145316783216
0.3584263073106110	-0.2679858382977602
0.3584778532892409	-0.2679570456439526
0.3585295307986192	-0.2679281533891518
0.3585813400070335	-0.2678991612036833
0.3586332810829565	-0.2678700687561615
0.3586853541950886	-0.2678408757134205
0.3587375595133334	-0.2678115817411855
0.3587898972076846	-0.2677821865025654
0.3588423674484227	-0.2677526896590570
0.3588949704067776	-0.2677230908706446
0.3589477062539355	-0.2676933897947056
0.3590005751620272	-0.2676635860880364
0.3590535773037752	-0.2676336794040161
0.3591067128510302	-0.2676036693956826
0.3591599819782815	-0.2675735557130997
0.3592133848592627	-0.2675433380049967
0.3592669216679513	-0.2675130159175234
0.3593205925794872	-0.2674825890963999
0.3593743977687890	-0.2674520571835976
0.3594283374117981	-0.2674214198202000
0.3594824116850776	-0.2673906766453061
0.3595366207651966	-0.2673598272957777
0.3595909648294569	-0.2673288714065248
0.3596454440555633	-0.2672978086105135
0.3597000586217348	-0.2672666385387599
0.3597548087066327	-0.2672353608201985
0.3598096944894516	-0.2672039750821050
0.3598647161500445	-0.2671724809485002
0.3599198738678984	-0.2671408780425644
0.3599751678242489	-0.2671091659854368
0.3600305981999868	-0.2670773443958540
0.3600861651767951	-0.2670454128897198
0.3601418689362791	-0.2670133710817742
0.3601977096613426	-0.2669812185840975
0.3602536875349114	-0.2669489550074981
0.3603098027404345	-0.2669165799596753
0.3603660554620244	-0.2668840930467027
0.3604224458835628	-0.2668514938720140
0.3604789741902446	-0.2668187820367426
0.3605356405675986	-0.2667859571412091
0.3605924452014738	-0.2667530187814862
0.3606493882776507	-0.2667199665527764
0.3607064699833326	-0.2666868000476747
0.3607636905058120	-0.2666535188562740
0.3608210500322062	-0.2666201225667278
0.3608785487513463	-0.2665866107648490
0.3609361868517763	-0.2665529830342742
0.3609939645222008	-0.2665192389553704
0.3610518819526556	-0.2664853781068293
0.3611099393327847	-0.2664514000659176
0.3611681368529709	-0.2664173044055782
0.3612264747046912	-0.2663830906984020
0.3612849530789539	-0.2663487585127017
0.3613435721677724	-0.2663143074156645
0.3614023321633740	-0.2662797369713028
0.3614612332582987	-0.2662450467412664
0.3615202756466361	-0.2662102362855457
0.3615794595206039	-0.2661753051607926
0.3616387850755783	-0.2661402529212755
0.3616982525059473	-0.2661050791191111
0.3617578620059046	-0.2660697833027055
0.3618176137720238	-0.2660343650200212
0.3618775079992324	-0.2659988238138496
0.3619375448845465	-0.2659631592272856
0.3619977246248083	-0.2659273707975431
0.3620580474162820	-0.2658914580620305
0.3621185134576647	-0.2658554205545609
0.3621791229465937	-0.2658192578054659
0.3622398760819679	-0.2657829693432157
0.3623007730623081	-0.2657465546932544
0.3623618140868749	-0.2657100133786475
0.3624229993556369	-0.2656733449197042
0.3624843290691968	-0.2656365488332791
0.3625458034277577	-0.2655996246337967
0.3626074226328648	-0.2655625718339035
0.3626691868850865	-0.2655253899420079
0.3627310963873069	-0.2654880784638102
0.3627931513413736	-0.2654506369031783
0.3628553519499866	-0.2654130647602032
0.3629176984165961	-0.2653753615327202
0.3629801909441324	-0.2653375267143919
0.3630428297367450	-0.2652995597969067
0.3631056149993244	-0.2652614602697715
0.3631685469356969	-0.2652232276180376
0.3632316257514062	-0.2651848613239987
0.3632948516521620	-0.2651463608678711
0.3633582248427926	-0.2651077257252531
0.3634217455308452	-0.2650689553712303
0.3634854139224528	-0.2650300492745295
0.3635492302243933	-0.2649910069027127
0.3636131946442913	-0.2649518277206039
0.3636773073898548	-0.2649125111889128
0.3637415686689786	-0.2648730567654896
0.3638059786903027	-0.2648334639045066
0.3638705376628942	-0.2647937320567840
0.3639352457958188	-0.2647538606720380
0.3640001032978427	-0.2647138491936055
0.3640651103798194	-0.2646736970636649
0.3641302672509640	-0.2646334037199202
0.3641955741226631	-0.2645929685974793
0.3642610312056500	-0.2645523911279306
0.3643266387105190	-0.2645116707386561
0.3643923968493790	-0.2644708068552369
0.3644583058338436	-0.2644297988987632
0.3645243658760039	-0.2643886462863670
0.3645905771884092	-0.2643473484317043
0.3646569399836178	-0.2643059047467902
0.3647234544752738	-0.2642643146383613
0.3647901208755097	-0.2642225775097057
0.3648569393986991	-0.2641806927606322
0.3649239102585915	-0.2641386597872081
0.3649910336696824	-0.2640964779836366
0.3650583098457592	-0.2640541467364025
0.3651257390023457	-0.2640116654334264
0.3651933213533513	-0.2639690334539414
0.3652610571146646	-0.2639262501773362
0.3653289465022861	-0.2638833149763417
0.3653969897300142	-0.2638402272214688
0.3654651870157779	-0.2637969862802278
0.3655335385745300	-0.2637535915127052
0.3656020446230397	-0.2637100422794494
0.3656707053771078	-0.2636663379341605
0.3657395210549809	-0.2636224778264639
0.3658084918726781	-0.2635784613045366
0.3658776180476984	-0.2635342877101226
0.3659468997965168	-0.2634899563817357
0.3660163373374497	-0.2634454666539789
0.3660859308878062	-0.2634008178562798
0.3661556806657264	-0.2633560093158085
0.3662255868891210	-0.2633110403539393
0.3662956497758957	-0.2632659102884322
0.3663658695444969	-0.2632206184334121
0.3664362464131699	-0.2631751640958553
0.3665067806008585	-0.2631295465831873
0.3665774723254278	-0.2630837651940057
0.3666483218052351	-0.2630378192259787
0.3667193292605225	-0.2629917079688969
0.3667904949088530	-0.2629454307117535
0.3668618189700750	-0.2628989867360861
0.3669333016617953	-0.2628523753198377
0.3670049432051486	-0.2628055957383466
0.3670767438174629	-0.2627586472589781
0.3671487037175452	-0.2627115291476451
0.3672208231261311	-0.2626642406628521
0.3672931022613853	-0.2626167810598605
0.3673655413423113	-0.2625691495886390
0.3674381405890607	-0.2625213454966582
0.3675109002186726	-0.2624733680215978
0.3675838204524742	-0.2624252164018558
0.3676569015080919	-0.2623768898678872
0.3677301436041006	-0.2623283876453443
0.3678035469597514	-0.2622797089546461
0.3678771117948657	-0.2622308530122789
0.3679508383260969	-0.2621818190303427
0.3680247267731658	-0.2621326062127337
0.3680987773544489	-0.2620832137630077
0.3681729902887487	-0.2620336408742087
0.3682473657920672	-0.2619838867376152
0.3683219040841957	-0.2619339505390752
0.3683966053825575	-0.2618838314582646
0.3684714699037866	-0.2618335286698379
0.3685464978659821	-0.2617830413418323
0.3686216894868154	-0.2617323686386781
0.3686970449821728	-0.2616815097183812
0.3687725645681396	-0.2616304637338014
0.3688482484610249	-0.2615792298332380
0.3689240968786417	-0.2615278071570410
0.3690001100351159	-0.2614761948400259
0.3690762881457151	-0.2614243920158646
0.3691526314250714	-0.2613723978062640
0.3692291400888865	-0.2613202113301498
0.3693058143517887	-0.2612678317021094
0.3693826544251029	-0.2612152580286307
0.3694596605252424	-0.2611624894090403
0.3695368328635621	-0.2611095249401877
0.3696141716522477	-0.2610563637101540
0.3696916771042969	-0.2610030048028131
0.3697693494299624	-0.2609494472948880
0.3698471888415666	-0.2608956902559948
0.3699251955483582	-0.2608417327522543
0.3700033697599112	-0.2607875738415738
0.3700817116876021	-0.2607332125737548
0.3701602215387503	-0.2606786479966813
0.3702388995218472	-0.2606238791482002
0.3703177458432289	-0.2605689050608799
0.3703967607096764	-0.2605137247620488
0.3704759443279096	-0.2604583372690548
0.3705552969020376	-0.2604027415969841
0.3706348186376420	-0.2603469367489951
0.3707145097382896	-0.2602909217275042
0.3707943704071590	-0.2602346955203499
0.3708744008448598	-0.2601782571186804
0.3709546012537572	-0.2601216054985063
0.3710349718329505	-0.2600647396306283
0.3711155127837782	-0.2600076584800347
0.3711962243035364	-0.2599503610038418
0.3712771065885077	-0.2598928461550270
0.3713581598364674	-0.2598351128732729
0.3714393842437231	-0.2597771600943279
0.3715207800020321	-0.2597189867495837
0.3716023473066887	-0.2596605917568980
0.3716840863469630	-0.2596019740312608
0.3717659973173703	-0.2595431324794910
0.3718480804063763	-0.2594840659981394
0.3719303358023345	-0.2594247734774499
0.3720127636917574	-0.2593652538003619
0.3720953642587259	-0.2593055058443820
0.3721781376929785	-0.2592455284731645
0.3722610841732594	-0.2591853205480553
0.3723442038829032	-0.2591248809192652
0.3724274970012504	-0.2590642084321877
0.3725109637106663	-0.2590033019165554
0.3725946041832770	-0.2589421602041098
0.3726784185963907	-0.2588807821125269
0.3727624071262528	-0.2588191664478417
0.3728465699434027	-0.2587573120181357
0.3729309072192346	-0.2586952176103701
0.3730154191206247	-0.2586328820115081
0.3731001058176930	-0.2585703039992052
0.3731849674775224	-0.2585074823358064
0.3732700042564021	-0.2584444157845600
0.3733552163226972	-0.2583811030921508
0.3734406038332601	-0.2583175429979931
0.3735261669446276	-0.2582537342343452
0.3736119058149450	-0.2581896755251582
0.3736978205944739	-0.2581253655807983
0.3737839114357460	-0.2580608031061304
0.3738701784889318	-0.2579959867963798
0.3739566219015485	-0.2579309153326803
0.3740432418129483	-0.2578655873925099
0.3741300383695845	-0.2578000016462207
0.3742170117097338	-0.2577341567409284
0.3743041619701596	-0.2576680513284209
0.3743914892858919	-0.2576016840420151
0.3744789937868911	-0.2575350535127910
0.3745666756034463	-0.2574681583521660
0.3746545348626116	-0.2574009971669045
0.3747425716870982	-0.2573335685531713
0.3748307861967632	-0.2572658710962983
0.3749191785119457	-0.2571979033735231
0.3750077487413124	-0.2571296639486811
0.3750964970056359	-0.2570611513705310
0.3751854234054757	-0.2569923641889720
0.3752745280512855	-0.2569233009338712
0.3753638110396327	-0.2568539601253425
0.3754532724758292	-0.2567843402762307
0.3755429124480850	-0.2567144398819084
0.3756327310526851	-0.2566442574373051
0.3757227283759110	-0.2565737914116516
0.3758129045034708	-0.2565030402748423
0.3759032595128030	-0.2564320024815907
0.3759937934834654	-0.2563606764722481
0.3760845064868430	-0.2562890606761397
0.3761753985928524	-0.2562171535140565
0.3762664698637234	-0.2561449533953250
0.3763577203634644	-0.2560724587120992
0.3764491501447357	-0.2559996678448027
0.3765407592611423	-0.2559265791687705
0.3766325477599989	-0.2558531910387358
0.3767245156848372	-0.2557795017984344
0.3768166630703710	-0.2557055097888052
0.3769089899522177	-0.2556312133191502
0.3770014963592407	-0.2555566107086784
0.3770941823112551	-0.2554817002478829
0.3771870478346477	-0.2554064802108066
0.3772800929346381	-0.2553309488742074
0.3773733176182430	-0.2552551044914259
0.3774667218958199	-0.2551789453004149
0.3775603057570766	-0.2551024695357169
0.3776540691945267	-0.2550256754101312
0.3777480121982394	-0.2549485611212837
0.3778421347415114	-0.2548711248580758
0.3779364368028965	-0.2547933647918384
0.3780309183436297	-0.2547152790867048
0.3781255793322086	-0.2546368658764541
0.3782204197146763	-0.2545581233029409
0.3783154394442553	-0.2544790494727367
0.3784106384630140	-0.2543996424947531
0.3785060167014002	-0.2543199004459613
0.3786015740943758	-0.2542398214037352
0.3786973105517987	-0.2541594034265590
0.3787932259922016	-0.2540786445419849
0.3788893203293285	-0.2539975427890852
0.3789855934456714	-0.2539160961758171
0.3790820452397306	-0.2538343026932587
0.3791786755976853	-0.2537521603204049
0.3792754843806999	-0.2536696670158249
0.3793724714708640	-0.2535868207352086
0.3794696367174460	-0.2535036194000146
0.3795669799708360	-0.2534200609319959
0.3796645010713655	-0.2533361432233956
0.3797621998454615	-0.2532518641578962
0.3798600761259379	-0.2531672216004263
0.3799581297164301	-0.2530822133964745
0.3800563604283654	-0.2529968373733540
0.3801547680492992	-0.2529110913489692
0.3802533523628726	-0.2528249731221189
0.3803521131444302	-0.2527384804573882
0.3804510501567018	-0.2526516111323760
0.3805501631540802	-0.2525643628791607
0.3806494518784294	-0.2524767334170296
0.3807489160568492	-0.2523887204641067
0.3808485554129988	-0.2523003217067217
0.3809483696552681	-0.2522115348093888
0.3810483584798411	-0.2521223574232523
0.3811485215644903	-0.2520327871866517
0.3812488585950476	-0.2519428217010335
0.3813493692205360	-0.2518524585691958
0.3814500530845191	-0.2517616953729240
0.3815509098412906	-0.2516705296541804
0.3816519390901242	-0.2515789589502455
0.3817531404521541	-0.2514869807782872
0.3818545135126429	-0.2513945926394947
0.3819560578587344	-0.2513017920135054
0.3820577730480270	-0.2512085763368908
0.3821596586397912	-0.2511149430688459
0.3822617141680611	-0.2510208895977211
0.3823639391456743	-0.2509264133342717
0.3824663330800894	-0.2508315116477304
0.3825688954662363	-0.2507361818941948
0.3826716257656757	-0.2506404214021000
0.3827745234545837	-0.2505442274655647
0.3828775879519351	-0.2504475973787489
0.3829808186898888	-0.2503505284159789
0.3830842150685413	-0.2502530178297195
0.3831877764820888	-0.2501550628048927
0.3832915022820285	-0.2500566605736702
0.3833953918302592	-0.2499578082915649
0.3834994444597670	-0.2498585031258907
0.3836036594801044	-0.2497587421992776
0.3837080361668572	-0.2496585226163187
0.3838125738012952	-0.2495578414590423
0.3839172716265259	-0.2494566958292793
0.3840221288895588	-0.2493550826932605
0.3841271447834951	-0.2492529991246292
0.3842323184927958	-0.2491504420705934
0.3843376491657052	-0.2490474085207512
0.3844431359623865	-0.2489438954298477
0.3845487779999746	-0.2488398996622585
0.3846545743434235	-0.2487354181763240
0.3847605240827143	-0.2486304477985770
0.3848666262504641	-0.2485249853824555
0.3849728798664610	-0.2484190277262145
0.3850792839241938	-0.2483125716592145
0.3851858373748251	-0.2482056139335724
0.3852925391697363	-0.2480981512637072
0.3853993882169109	-0.2479901803866328
0.3855063833798337	-0.2478816980313035
0.3856135235220914	-0.2477727008060682
0.3857208074580682	-0.2476631853609526
0.3858282339952872	-0.2475531483177785
0.3859358018798828	-0.2474425862523320
0.3860435098423745	-0.2473314957478012
0.3861513565914202	-0.2472198732952280
0.3862593407849005	-0.2471077154424471
0.3863674610692759	-0.2469950186702250
0.3864757160068690	-0.2468817793555560
0.3865841041831526	-0.2467679940246547
0.3866926241283470	-0.2466536590032830
0.3868012743282427	-0.2465387706948979
0.3869100532309559	-0.2464233254382258
0.3870189592704314	-0.2463073195123215
0.3871279907952208	-0.2461907492561609
0.3872371461651657	-0.2460736109261182
0.3873464236930069	-0.2459559007333285
0.3874558216007153	-0.2458376148895261
0.3875653381105112	-0.2457187495516332
0.3876749714205731	-0.2455993009079527
0.3877847196245929	-0.2454792650409323
0.3878945808373853	-0.2453586380873324
0.3880045530911311	-0.2452374160705130
0.3881146343716469	-0.2451155950446508
0.3882248226222229	-0.2449931710199075
0.3883351157268594	-0.2448701399669712
0.3884455115579479	-0.2447464978782156
0.3885560078951669	-0.2446222406963760
0.3886666025245088	-0.2444973642449907
0.3887772930566687	-0.2443718644210130
0.3888880772008141	-0.2442457371075710
0.3889989525133986	-0.2441189780618617
0.3891099165639728	-0.2439915830653921
0.3892209667446520	-0.2438635480239064
0.3893321005317807	-0.2437348685055343
0.3894433152818694	-0.2436055402519780
0.3895546082461191	-0.2434755590899607
0.3896659766763589	-0.2433449205103079
0.3897774177841120	-0.2432136202373052
0.3898889285998753	-0.2430816537796361
0.3900005062644004	-0.2429490167461384
0.3901121476112893	-0.2428157048190055
0.3902238496592306	-0.2426817133662653
0.3903356092020984	-0.2425470379986771
0.3904474230148226	-0.2424116742123347
0.3905592877294828	-0.2422756172884926
0.3906712000984182	-0.2421388628812879
0.3907831565216882	-0.2420014062891985
0.3908951535596678	-0.2418632429485241
0.3910071875357696	-0.2417243681743828
0.3911192547569820	-0.2415847773449598
0.3912313515322582	-0.2414444657899910
0.3913434739112866	-0.2413034289180153
0.3914556181372099	-0.2411616618609555
0.3915677799147733	-0.2410191598793535
0.3916799551904794	-0.2408759184861586
0.3917921398883155	-0.2407319327866632
0.3919043296478680	-0.2405871978037061
0.3920165201019806	-0.2404417090592798
0.3921287066960167	-0.2402954615312701
0.3922408849091105	-0.2401484505055937
0.3923530501156904	-0.2400006712654787
0.3924651973555172	-0.2398521185414963
0.3925773219657946	-0.2397027881278658
0.3926894187013470	-0.2395526747639762
0.3928014827841591	-0.2394017736560779
0.3929135087253313	-0.2392500799357651
0.3930254915019664	-0.2390975888752661
0.3931374255463204	-0.2389442956632616
0.3932493052731864	-0.2387901951186203
0.3933611250606360	-0.2386352825644517
0.3934728792628333	-0.2384795533480007
0.3935845618843461	-0.2383230023804122
0.3936961670235886	-0.2381656248683740
0.3938076883329925	-0.2380074160199716
0.3939191201276296	-0.2378483707762482
0.3940304551642518	-0.2376884847187839
0.3941416877706047	-0.2375277531225356
0.3942528110134625	-0.2373661709425572
0.3943638180721096	-0.2372037334329143
0.3944747017691109	-0.2370404361960846
0.3945854552848504	-0.2368762739658712
0.3946960722360363	-0.2367112424957592
0.3948065440350803	-0.2365453371737163
0.3949168640313467	-0.2363785536241737
0.3950270244097880	-0.2362108868526605
0.3951370174918856	-0.2360423321295892
0.3952468354469102	-0.2358728864848212
0.3953564704668429	-0.2357025438336012
0.3954659131290906	-0.2355313001357348
0.3955751571911059	-0.2353591521221668
0.3956841930792898	-0.2351860950108959
0.3957930117286777	-0.2350121234832585
0.3959016050671831	-0.2348372350469812
0.3960099641389973	-0.2346614252091115
0.3961180789958073	-0.2344846899740109
0.3962259413070267	-0.2343070254455662
0.3963335420912913	-0.2341284285463874
0.3964408708008881	-0.2339488942997787
0.3965479183123761	-0.2337684189864599
0.3966546743989497	-0.2335870017600236
0.3967611296938203	-0.2334046371990147
0.3968672721902701	-0.2332213228808865
0.3969730940159434	-0.2330370541617147
0.3970785831033904	-0.2328518282999739
0.3971837318470305	-0.2326656447633904
0.3972885245653940	-0.2324784996056340
0.3973929544347284	-0.2322903904289448
0.3974970075625660	-0.2321013102951158
0.3976006744001088	-0.2319112662619688
0.3977039444204201	-0.2317202489568782
0.3978068001264717	-0.2315282571496268
0.3979092422382073	-0.2313352903119120
0.3980112450538367	-0.2311413474671148
0.3981128032792903	-0.2309464283080125
0.3982139065797111	-0.2307505239478292
0.3983145431237683	-0.2305536451084314
0.3984146946864850	-0.2303557847428312
0.3985143534278558	-0.2301569407569597
0.3986135055255270	-0.2299571176573374
0.3987126576231983	-0.2297572945577150
0.3988102395221859	-0.2295545270494105
0.3989078214211735	-0.2293517595411060
0.3990054033201612	-0.2291489920328015
0.3991012348286393	-0.2289432681894925
0.3991970663371174	-0.2287375443461835
0.3992928978455956	-0.2285318205028745
0.3993887293540737	-0.2283260966595654
0.3994845608625519	-0.2281203728162564
0.3995803923710300	-0.2279146489729474
0.3996670449315636	-0.2276942508454445
0.3997536974920972	-0.2274738527179415
0.3998403500526307	-0.2272534545904386
0.3999270026131643	-0.2270330564629356
0.4000136551736979	-0.2268126583354327
0.4001003077342315	-0.2265922602079298
0.4001869602947651	-0.2263718620804268
0.4002736128552987	-0.2261514639529239
0.4003602654158323	-0.2259310658254210
0.4004469179763658	-0.2257106676979180
0.4005335705368994	-0.2254902695704151
0.4006202230974330	-0.2252698714429122
0.4007068756579666	-0.2250494733154092
0.4007935282185002	-0.2248290751879063
0.4008801807790338	-0.2246086770604034
0.4009668333395673	-0.2243882789329004
0.4010534859001009	-0.2241678808053975
0.4011401384606345	-0.2239474826778945
0.4012267910211681	-0.2237270845503916
0.4013134435817017	-0.2235066864228887
0.4014000961422353	-0.2232862882953857
0.4014867487027688	-0.2230658901678828
0.4015734012633024	-0.2228454920403799
0.4016600538238360	-0.2226250939128769
0.4017467063843696	-0.2224046957853740
0.4018333589449032	-0.2221842976578711
0.4019200115054368	-0.2219638995303681
0.4020066640659704	-0.2217435014028652
0.4020933166265039	-0.2215231032753623
0.4021799691870375	-0.2213027051478593
0.4022666217475711	-0.2210823070203564
0.4023532743081047	-0.2208619088928535
0.4024399268686383	-0.2206415107653505
0.4025265794291719	-0.2204211126378476
0.4026132319897054	-0.2202007145103446
0.4026998845502390	-0.2199803163828417
0.4027865371107726	-0.2197599182553388
0.4028731896713062	-0.2195395201278358
0.4029598422318398	-0.2193191220003329
0.4030464947923734	-0.2190987238728300
0.4031331473529070	-0.2188783257453270
