0.346710996879163439717675359733331	-0.273914875291234817349560222138189
0.346854952694162649940793008287733	-0.273902089111743915480494512900068
0.346999060452102151207920235432641	-0.273889268646587518334519767312976
0.347143320445577124366464162643182	-0.273876413814108568874054198084628
0.347287732968046974111117414261604	-0.273863524532362071844012673984628
0.34743229831383875469593143928277	-0.273850600719113837002778411472349
0.347577016778150612398971444029988	-0.273837642291839215496900998311697
0.347721888657055244838059675151768	-0.273824649167721829334779377655335
0.347866914247503377236784423702457	-0.273811621263652293914255392904629
0.348012093847327255740627940542963	-0.273798558496226933558707644851267
0.348157427755244157883747505981859	-0.273785460781746490015896716754995
0.348302916270859920307630227976055	-0.273772328036214823873471253413908
0.348448559694672483833533799261249	-0.273759160175337608844699909968322
0.348594358328075455991322470873538	-0.273745957114521018877646787892733
0.348740312473361691108009944476382	-0.27373271876887040804065762184719
0.348886422433726888060028796009568	-0.2737194450531889831366706439576
0.349032688513273205793959466158594	-0.273706135881976468998509703576377
0.349179111017012896721170837206544	-0.27369279116942776641695783224143
0.349325690250871958092549009636248	-0.273679410829431602653046986718188
0.349472426521693801460221144534333	-0.27366599477556917448563414868675
0.349619320137242940333917199018927	-0.273652542921112783744965278541283
0.349766371406208696140354101662955	-0.273639055179024465282556783306729
0.349913580638208922594774443789157	-0.273625531461954607327349134952927
0.350060948143793748594525151641335	-0.273611971682240564177709035187466
0.350208474234449339745320905354528	-0.273598375751905261178475035610512
0.350356159222601678631602335417965	-0.273584743582655791931856757077466
0.350504003421620363943170308527372	-0.273571075085882007690609778070015
0.350652007145822428571054965439805	-0.273557370172655098881516847337306
0.350800170710476176786361647281718	-0.273543628753726168706811289213128
0.350948494431805040616625497847387	-0.273529850739524798770780278692529
0.351096978626991455535002412415732	-0.273516036040157606678384035072884
0.351245623614180755578426173706126	-0.273502184565406795552321884898072
0.351394429712485088011670128515096	-0.273488296224728695414567543920268
0.351543397241987347655066670613027	-0.273474370927252296377983830284457
0.351692526523745130994459163458635	-0.273460408581777773593211313276184
0.351841817879794710192788817606384	-0.273446409096775003895606089517332
0.35199127163315502712355349028923	-0.273432372380382074096578926860218
0.35214088810783170754721645708455	-0.27341829834040378086326139045722
0.352290667628821095552490976917386	-0.273404186884310122129994230249229
0.35244061052211430838528099160827	-0.2733900379192347799846992287203
0.352590717114701311788919630008014	-0.273375851351973594972757846135547
0.352740987734575015980215385351128	-0.273361627088983031760578321154496
0.352891422710735392386690964275821	-0.273347365036378636100587350851593
0.353042022373193611271281929084285	-0.273333065099933483038933048544887
0.353192787052976200371651433950719	-0.273318727185076616306732522803835
0.353343717082129224682173654245678	-0.273304351196891478835240098550908
0.353494812793722487507541989883192	-0.273289937040114334334850872854984
0.353646074521853752917868853197072	-0.273275484619132679877388924997753
0.353797502601652989736061894541524	-0.273260993837983649420660043421568
0.353949097369286637189186940467984	-0.273246464600352408213775251566043
0.354100859161961892356460786487299	-0.273231896809570538021273670274179
0.354252788317931019547457366285443	-0.273217290368614413103591305872742
0.354404885176495681745058779689438	-0.27320264518010356689093615924865
0.35455715007801129424863827122931	-0.273187961146299049287139570857591
0.354709583363891400653925579046519	-0.273173238169101774539558907772838
0.354862185376612071306976190087538	-0.273158476150050859610607519326921
0.355014956459716324370645012626863	-0.273143674990321952985984294872003
0.355167896957818569642951882523294	-0.273128834590725553854167107490069
0.355321007216609075267721227287912	-0.27311395485170532159122187745492
0.35547428758285845747888119481109	-0.273099035673336375484461894752627
0.355627738404422193520818684976692	-0.273084076955323584627970356395671
0.355781360030245157888206076640279	-0.273069078596999847922472756529689
0.355935152810366182029743094570584	-0.273054040497324364111514769854052
0.356089117095922637661293286714689	-0.27303896255488089178536554559145
0.356243253239155043834939058076183	-0.27302384466787599928352583358044
0.356397561593411697911532210897538	-0.273008686734137304426175048960199
0.356552042513153330585378549802099	-0.272993488651111704004341199788794
0.356706696353957785110765403955344	-0.272978250315863592958022504690694
0.356861523472524720881119975833852	-0.272962971625073073170929466649834
0.357016524226680341512674328331534	-0.272947652475034151809951095207914
0.357171698975382147585609649999426	-0.272932292761652929136878832912941
0.357327048078723714196758274342372	-0.272916892380445775719346492676721
0.357482571897939493479056856262079	-0.27290145122653749896736409997059
0.357638270795409642244068210761241	-0.272885969194659498921237906203359
0.357794145134664874905022680587033	-0.272870446179147913216077945302272
0.357950195280391341838972606139203	-0.272854882073941751147498292013212
0.358106421598435533347805609117477	-0.272839276772581016762513594733232
0.35826282445580920937902405834159	-0.272823630168204820899028444187676
0.358419404220694355168369350144994	-0.272807942153549482096703647781978
0.358576161262448162967550595828348	-0.272792212620946616301365453216002
0.358733095951608040021528054882555	-0.27277644146232121528450014856671
0.358890208659896642961002276003165	-0.272760628569189713698747203536259
0.359047499760226938776970500202817	-0.272744773832658044689669151323972
0.3592049696267072925454325344206	-0.272728877143419683983435685386728
0.359362618634646582071559113715674	-0.272712938391753682369412902347682
0.359520447160559339623876830178206	-0.27269695746752268649599620300464
0.359678455582170920930275112833568	-0.272680934260170947897367008637654
0.35983664427842270160890259178565	-0.272664868658722320168189099830101
0.359995013629477301208292569376655	-0.272648760551778244202589979344657
0.360153564016723835032340349979618	-0.272632609827515721413096138115416
0.360312295822783193927048947960329	-0.272616416373685274844508402329866
0.36047120943151335220726430115526	-0.272600180077608898097014597398503
0.360630305228014703902936666771522	-0.272583900826177991972141518166948
0.360789583598635427505771470843016	-0.272567578505851288754446580138879
0.360949044930976879398470625266511	-0.272551213002652764041141479158736
0.361108689613899016150114323071056	-0.272534804202169536031125641645111
0.361268518037525845862593679120486	-0.27251835198954975218418613803308
0.361428530593250908754376407197706	-0.272501856249500463160392991808271
0.361588727673742787169271123783298	-0.272485316866285483948984377879092
0.361749109672950645199250953363975	-0.272468733723723242095294998768947
0.3619096769861097981118039904869	-0.272452106705184612933532886182562
0.362070430009747311773696961871402	-0.272435435693590741732454929105381
0.362231369141687632264469240735984	-0.272418720571410852660229507144179
0.36239249478105824587441730931952	-0.272401961220660044474005637932178
0.362553807328295369683284959801627	-0.27238515752289707283893195792172
0.362715307185149672917342085101592	-0.272368309359222119180585573782847
0.362876994754692029284014957238138	-0.272351416610274545973980273102757
0.363038870441319300484723541186054	-0.272334479156230638371525693498455
0.363200934650760151108086766853876	-0.272317496876801332071503743127848
0.363363187790080895107174902591102	-0.2723004696512299273278157665787
0.363525630267691374066019363460016	-0.272283397358289789000933581033645
0.363688262493350867462134570633371	-0.272266279876282032549159490383107
0.363851084878174035133363980278288	-0.272249117083033195858464640635208
0.364014097834636892158933248069819	-0.272231908855892896808331528706214
0.364177301776582816366177817307352	-0.272214655071731476470175037715903
0.364340697119228588676010144112098	-0.272197355606937627834056963592615
0.364504284279170466501803433377794	-0.272180010337416009958541537519087
0.364668063674390290417994286442028	-0.272162619138584847437663852987935
0.364832035724261624316346189670146	-0.272145181885373515078099290504102
0.364996200849555929269469437559803	-0.27212769845222010767872991182243
0.365160559472448771322861021292153	-0.272110168713068994803903282624893
0.365325112016526063438410362054146	-0.27209259254136836044077019031672
0.365489858906790341814013667595916	-0.272074969810067727430170163750551
0.36565480056966707680565128153326	-0.272057300391615466559607484758596
0.365819937433011018680008820538966	-0.272039584157956290205925416946091
0.365985269926112578427464299010258	-0.272021820980528730414342573801876
0.366150798479704243867019969827599	-0.272004010730262601299562613291159
0.366316523525967031276529410784831	-0.271986153277576445653706686126053
0.366482445498536972783357608113335	-0.271968248492374965644847185202635
0.366648564832511639752414581800364	-0.271950296244046437488941248499653
0.366814881964456702410321614299922	-0.271932296401460109976973060203343
0.366981397332412525946303538589601	-0.271914248832963586738115176988389
0.367148111375900803332250968846873	-0.271896153406380192118710779150388
0.367315024535931225106262974500832	-0.271878009989006320555860809408302
0.367482137255008186365863664966413	-0.271859818447608769323372314278856
0.367649449977137531218985628630519	-0.271841578648422054526786841393917
0.367816963147833334942729318019148	-0.271823290457145710223160367227913
0.367984677214124724101840457699285	-0.271804953738941570540208828461662
0.368152592624562734880797538314383	-0.271786568358431034668365800450052
0.368320709829227209885368616991992	-0.271768134179692314598221100570551
0.368489029279733733671481140807646	-0.271749651066257665474720983943287
0.368657551429240607261250517511315	-0.271731118881110598438412034204374
0.368826276732455861908032849675254	-0.271712537486683075822901721473109
0.368995205645644312374404800062471	-0.271693906744852688576588790876402
0.369164338626634649989029144531128	-0.271675226516939815775586044159943
0.369333676134826575750438373318667	-0.271656496663704766093616568878654
0.369503218631197973747860903204381	-0.271637717045344901093511937921902
0.369672966578312125171325244942902	-0.271618887521491740203777228833166
0.369842920440324963185407017629283	-0.271600007951208047242512778288684
0.370013080682992368943132201483612	-0.271581078192984898349796271565005
0.37018344777367750901871766218633	-0.271562098104738731188430947795559
0.370354022181358214540016954710646	-0.271543067543808375271756255799962
0.370524804376634402303745916065631	-0.271523986366952063275996097321892
0.370695794831735538158788780112122	-0.271504854430344423193386718217288
0.370866994020528142945131691450669	-0.271485671589573451181081225585991
0.371038402418523341278236759315201	-0.271466437699637464959570490621815
0.371210020502884453470956378677917	-0.271447152614942037613090712122133
0.371381848752434630887394658877527	-0.27142781618929691164320603165457
0.371553887647664535025450646806387	-0.271408428275912893125460174262678
0.371726137670740060627126821129075	-0.271388988727398725817684002652845
0.371898599305510103118056277593438	-0.271369497395757945067225980780484
0.372071273037514370680093337044353	-0.271349954132385711363039705753955
0.37224415935399124126322520346956	-0.271330358788065623377216744458227
0.372417258743885664845496997936124	-0.271310711212966510339193861052071
0.37259057169785711125209921671396	-0.271291011256639203584491199605545
0.372764098708287563847245631820808	-0.271271258768013287118451946993337
0.372937840269289559414971095771616	-0.271251453595393827034054297383138
0.373111796876714274547502858140233	-0.271231595586458079621453022132697
0.373285969028159658862406080891941	-0.271211684588252178005480466728506
0.373460357222978615372274486187203	-0.271191720447187797145895196849818
0.373634961962287228333330721007583	-0.271171703009038797033710644180029
0.3738097837489730389019183167113	-0.271151632118937843915465802816054
0.37398482308770336893050830040474	-0.271131507621373009375815140768632
0.3741600804849336932375088234814	-0.271111329360184347107315257924105
0.374335556448916060687855858282567	-0.271091097178560447194771279844431
0.374511251489707564424077326843262	-0.27107081091903496773997636185728
0.374687166119178861590262219228438	-0.271050470423483143651132823994622
0.374863300851022742894130589053856	-0.271030075533118272419683176433271
0.375039656200762752355190039366941	-0.27100962608848817670570345710209
0.375216232685761857589779695044314	-0.270989121929471643551419715916644
0.37539303082523117098664396315338	-0.27096856289527484004080096946892
0.375570051140238722129545878276416	-0.270947948824427705221558339610232
0.375747294153718281826323786634938	-0.270927279554780318104240200752715
0.375924760390478238106715815125078	-0.27090655492349924155145681324553
0.376102450377210524554224276384898	-0.270885774767063841868594931023606
0.376280364642499601340267159260612	-0.270864938921262583905693055824489
0.376458503716831489331866429258915	-0.270844047221189301478441180309605
0.37663686813260285764715330278314	-0.270823099501239442914544828814503
0.3768154584241301650360292524889	-0.270802095595106291529951775276049
0.376994275127658855466408542660976	-0.270781035335777160837680798885715
0.377173318781372608299583880213906	-0.270759918555529564290215032562304
0.377352589925402643441401599310337	-0.27073874508592735935462766838077
0.377532089101837081859106979724705	-0.270717514757816865717794806152225
0.377711816854730361856924138543467	-0.270696227401322957417218862466076
0.377891773730112711506668742761745	-0.270674882845845128691135991213983
0.378071960275999677632955881612476	-0.27065348092005353333971219391361
0.378252377042401711755860130530416	-0.270632021451884997387245007459889
0.378433024581333813397210455714165	-0.270610504268539004833380634066635
0.378613903446825231160059475283891	-0.270588929196473656279429906293098
0.378795014194929221994255039840068	-0.270567296061401600213920339669766
0.378976357383732869064462455479928	-0.270545604688285936739555494323537
0.379157933573366958640438283615494	-0.270523854901336093521766720180062
0.37933974332601591643284185582304	-0.270502046524003673737035870028879
0.379521787205927803801388784026519	-0.27048017937897827579714050038709
0.379704065779424374265702176239194	-0.270458253288183284623425208238345
0.379886579614911190752802339650957	-0.270436268072771634243133836001354
0.380069329282887804018794824027781	-0.270414223553121541477747078200553
0.380252315355957992685970091397213	-0.27039211954883221049115829899289
0.380435538408840065340216259333958	-0.270369955878719507963386874649837
0.380618999018377225137369625686985	-0.270347732360811608653372860940083
0.380802697763547997370886417563705	-0.270325448812344611112219000638589
0.380986635225476720457013796531251	-0.270303105049758123306045776488589
0.381170811987444100797468979556283	-0.270280700888690817905402122060642
0.381355228634897831983502790010576	-0.270258236143975956995928266051137
0.381539885755463278809128428590549	-0.270235710629636885962697740327932
0.3817247839389542265652381484089	-0.270213124158882496298372560827901
0.381909923777383696090310234754839	-0.270190476544102657082988722237382
0.38209530586497482505742663585436	-0.270167767596863614880848157826199
0.382280930798171815981378179054631	-0.270144997127903361797627926983058
0.38246679917565095143372995482469	-0.270122164947126971438427323531149
0.382652911598331676957854581450151	-0.270099270863601902505058562849288
0.382839268669387752180116104033744	-0.270076314685553269768446416641467
0.3830258709942584706176026652859	-0.270053296220359082149536328689742
0.383212719180659948687062250715635	-0.270030215274545447639618867189068
0.383399813838596484423993200624255	-0.27000707165378174478846054964111
0.383587155580371986425180244541238	-0.269983865162875760486086811312318
0.383774745020601473532348004641843	-0.269960595605768793761491870614871
0.383962582776222645779027692977743	-0.269937262785530725318952163209712
0.384150669466507527127199558351925	-0.269913866504355052529994555953032
0.384339005713074180524783993351186	-0.269890406563553889596417392783758
0.384527592139898495819608567127488	-0.269866882763552932597081243972839
0.384716429373326051070077087518865	-0.269843294903886389128476700384796
0.384905518042084047797410605440035	-0.269819642783191872246338343903692
0.385094858777293320729019549543303	-0.269795926199205258412806798065143
0.38528445221248042258730142039475	-0.269772144948755509150844179017726
0.385474298983589784482940187406403	-0.269748298827759456104781981646522
0.385664399728995952476612231308174	-0.269724387631216549203024100031321
0.385854755089515900877879879130827	-0.269700411153203567616040941892518
0.386045365708421422854977812988329	-0.269676369186869293199873095252432
0.386236232231451598934170430355024	-0.269652261524429146112414379541984
0.386427355306825343972380130552204	-0.269628087957159782286763995460917
0.386618735585254033191858044965913	-0.26960384827539365244292550595128
0.386810373719954207870790469030832	-0.269579542268513522316086157748504
0.387002270366660361288906750989094	-0.269555169724946953776633207326185
0.387194426183637805532378211549897	-0.269530730432160746513954059889235
0.387386841831695619767573382545107	-0.269506224176655339952923773610466
0.387579517974199680598563041324527	-0.269481650743959175068806426667825
0.387772455277085775128649768010352	-0.269457009918623015763085589775515
0.387965654408872797351631659198728	-0.269432301484214229459493284523401
0.388159116040676028503998996041053	-0.269407525223311026576225925342146
0.388352840846220502014806696165494	-0.269382680917496658527019422301918
0.388546829501854453695564894541084	-0.269357768347353573900403439769163
0.38874108268656285781814562280564	-0.269332787292457532463066333182547
0.388935601081981049734415922275622	-0.269307737531371676629837088235362
0.389130385372408435697077473279252	-0.269282618841640560039328223233222
0.389325436244822290547020601109808	-0.269257430999784132870783640212415
0.389520754388891643938386983460019	-0.269232173781291683534137371567675
0.389716340496991255778481200630609	-0.269206846960615736361712608507261
0.389912195264215681565677111465965	-0.269181450311165904926374851649703
0.390108319388393428314531586733596	-0.269155983605302700607298022397762
0.390304713570101201763446078044547	-0.269130446614331296020807440055574
0.390501378512678245566406543678674	-0.269104839108495242930028221378316
0.390698314922240773176585100982015	-0.269079160856970144243291407350819
0.390895523507696493135903145498973	-0.269053411627857279707432470988693
0.391093004980759228491036295976161	-0.269027591188177184898257307771481
0.391290760055963631062787127375929	-0.269001699303863183106548848206917
0.391488789450679991302262986004992	-0.268975735739754869714042544474514
0.391687093885129144473873996260247	-0.268949700259591548649810647723036
0.391885674082397473911811431442587	-0.268923592626005620513462880050649
0.392084530768452012103379705508665	-0.268897412600515921947494279060849
0.39228366467215564035933713237347	-0.268871159943521015836989109572226
0.392483076525282387838252088373195	-0.268844834414292431910722245701677
0.392682767062532830698803105897732	-0.268818435770967857313485768892031
0.392882737021549592160944536520297	-0.268791963770544276715208137781187
0.393082987142932944263924575216903	-0.268765418168871061518125590776501
0.393283518170256512116280469172885	-0.268738798720643007718909860761655
0.393484330850083081440147491726802	-0.26871210517939332197825222465693
0.393685425931980510219504601683947	-0.268685337297486555445950781774533
0.393886804168537745269341499152877	-0.268658494826111484885045049200243
0.39408846631538094455016991111712	-0.268631577515273940633988866762398
0.394290413131189706059817284502569	-0.268604585113789580941248597196745
0.394492645377713404142034534505536	-0.268577517369276612202058059144907
0.394695163819787634059122006161258	-0.268550374028148454622353903360434
0.394897969225350765683530284264409	-0.268523154835606352830154588999934
0.39510106236546060717122586963912	-0.268495859535631930949832081415799
0.395304444014311179487526979536226	-0.268468487870979691649857210786413
0.395508114949249602664112790233902	-0.268441039583169458669676628509479
0.395712075950793094673991297022822	-0.26841351441247876232640079264487
0.395916327802646083819377609805914	-0.268385912097935167496947712599701
0.396120871291717435535686933709859	-0.268358232377308543566195585010206
0.396325707208137794523185718792086	-0.268330474987103275826548246096804
0.396530836345277043126271529954985	-0.268302639662550417809109829606021
0.396736259499761876888868129987543	-0.268274726137599784021398422866936
0.39694197747149349822302814150056	-0.268246734144911982561202115499194
0.397147991063665429136532527681059	-0.268218663415850387070793884741216
0.39735430108278144397406509176849	-0.268190513680473047490273496701421
0.397560908338673623135422339889181	-0.268162284667524539063294252053192
0.397767813644520528743195494965474	-0.268133976104427749042859185117785
0.397975017816865503241433319297327	-0.268105587717275600539234443412346
0.398182521675635091915962843638295	-0.268077119230822712946326226104634
0.398390326044157590336311270005944	-0.26804857036847699837710102878721
0.398598431749181717728537388467371	-0.268019940852291193532796201621267
0.398806839620895417297746014880434	-0.26799123040295432642476813977721
0.39901555049294478452862542321066	-0.267962438739783117361857939128445
0.399224565202453124502016734984223	-0.267933565580713313610118204412572
0.399433884590040139275296978565801	-0.2679046106422909571256390176191
0.399643509499841246384235297883801	-0.267875573639663584755034975055492
0.399853440779527029533965846564434	-0.267846454286571360291907783858371
0.400063679280322822556812539016629	-0.267817252295338137771279261555837
0.400274225857028427724901352164456	-0.267787967376862455377596781786713
0.400485081368037969515806605343691	-0.267758599240608459335446318618878
0.400696246675359884939899934483789	-0.267729147594596757145566311099577
0.400907722644637051548605881502733	-0.267699612145395199522137635373741
0.401119510145167054253417520844514	-0.267669992598109590380630057014754
0.401331610049922592096290741137735	-0.267640288656374324218712650446341
0.40154402323557202612291810904373	-0.267610500022342950225883810829793
0.401756750582500069521384101921549	-0.267580626396678662450544627683398
0.401969792974828621199824363123888	-0.267550667478544715346226505507958
0.40218315130043774398795398574065	-0.267520622965594764011588956889354
0.402396826450986788658695164950427	-0.267490492553963128431625395145198
0.402610819321935664977624393996523	-0.267460275938254981020252438688369
0.402825130812566260999575253308138	-0.267429972811536456757110614676142
0.403039761826004011843476316858385	-0.267399582865324685203970306409948
0.403254713269239619188376356520178	-0.267369105789577743678615202747736
0.403469986053150922745612467922771	-0.267338541272684530856465237831593
0.403685581092524924974212596383439	-0.267307889001454560062500898753569
0.403901499306079970318893857771652	-0.267277148661107671508259653858096
0.404117741616488080262423698515701	-0.267246319935263662720791924864891
0.404334308950397445496654016571779	-0.267215402505931836402487284464601
0.404551202238455076529220589924703	-0.267184396053500464952610182713215
0.404768422415329614055723274018932	-0.267153300256726170873217248030302
0.404985970419734300440168201804658	-0.267122114792723222273863811592444
0.405203847194450113659563442017778	-0.26709083933695274268114448892766
0.405422053686349065081816060288309	-0.267059473563211834350650122614445
0.405640590846417662459483126678863	-0.267028017143622614270359829467896
0.405859459629780539535483791279947	-0.26699646974862116203582096969937
0.406078660995724253670586001922541	-0.266964831046946378768700210155225
0.406298195907721252916341687120067	-0.266933100705628756241414115103133
0.406518065333454013971160222471601	-0.266901278389979055361566472397883
0.406738270244839352471383717065151	-0.266869363763576893160830436189916
0.406958811618052907083561103139433	-0.266837356488259237423715104994389
0.407179690433553798878613221170666	-0.266805256224108808082346900332525
0.407400907676109467483240126424541	-0.266773062629442384493974589432854
0.407622464334820685518746794092276	-0.26674077536079901770837150716758
0.407844361403146752852456390582097	-0.266708394072928146822657957070794
0.408066599878930872202043460937833	-0.266675918418777618511299366202627
0.408289180764425707648454940168661	-0.266643348049481608809149968383036
0.408512105066319127628597044345102	-0.266610682614348446215406006485491
0.408735373795760133994653082377218	-0.266577921760848335176205065219389
0.408958987968384978742763330566967	-0.266545065134600978993357535528576
0.409182948604343470029845641357857	-0.266512112379363101196320710619513
0.409407256728325469113566760673283	-0.266479063137015864404023937384836
0.409631913369587579866891784303456	-0.266445917047552185692522886337712
0.409856919561980032535245206960394	-0.266412673749063947473700623501526
0.410082276343973763421114056947757	-0.266379332877729102879341008628811
0.41030798475868769219791414961624	-0.266345894067798674633874219095622
0.410534045853916198572127054854912	-0.266312356951583646387933094670787
0.4107604606821568000301005155809	-0.266278721159441745473560674895692
0.410987230300638032423491370726473	-0.266244986319764116030471890353297
0.411214355771347535165120160801176	-0.266211152058961881441193976053772
0.41144183816106034282500319858834	-0.266177218001452595001188875534963
0.411669678541367384934533683057717	-0.266143183769646577738194745239106
0.411897877988704195825201172193775	-0.266109048983933142283010668133854
0.4121264375843798363468712017794	-0.266074813262666701681786831446755
0.4123553584146060293294968751022	-0.266040476222152762027569673538726
0.412584641570526510671204727845355	-0.266006037476633797776385786326351
0.412814288148246597954991010473288	-0.265971496638275008600527567951587
0.413044299248862978515784687918863	-0.265936853317149956618925619455113
0.41327467597849371889938293804228	-0.265902107121226082831555500561799
0.413505419448308497674746785633625	-0.265867257656350101571727501986341
0.413736530774559063581361832637495	-0.265832304526233271776845320147717
0.413968011078609921013824979005309	-0.265797247332436543864790666103528
0.414199861486969244866515760364911	-0.265762085674355580989493600601867
0.414432083131320026782153694576512	-0.265726819149205653435480423008345
0.414664677148551454869234113858795	-0.265691447352006404897249879409796
0.414897644680790528974777696572603	-0.265655969875566489375211884039565
0.415130986875433913620526687236605	-0.265620386310468077405628421025611
0.415364704885180030732677040298744	-0.265584696245051230327521325525828
0.415598799868061394317453929920545	-0.265548899265398141274853711628948
0.41583327298747718925732177468799	-0.265512994955317241567448357218365
0.416068125412226096425372726589289	-0.26547698289632717115907477213103
0.416303358316539366338463116259677	-0.265440862667640611785914324098095
0.416538972880114143592969335388633	-0.265404633846147981443196995047182
0.416774970288147044350616832799691	-0.265368296006400988802191364824022
0.417011351731367989165702120972202	-0.265331848720596046163918504523608
0.417248118406074293469181811020512	-0.26529529155855753952994779878779
0.417485271514165018049548652135408	-0.265258624087720954354415453388085
0.417722812263175581895156342409616	-0.265221845873115855524981684570193
0.417960741866312639787696559459019	-0.265184956477348720103807388275016
0.418199061542489227061877351474582	-0.265147955460585621342782462869301
0.418437772516360173972005916043656	-0.265110842380534762470172874148334
0.418676876018357792132145123692206	-0.265073616792428858728568924376016
0.418916373284727835522796229843985	-0.265036278249007366126509887987033
0.419156265557565738583664443922189	-0.264998826300498555348427026164523
0.4193965540848531339389938368735	-0.26496126049460142924958476174462
0.41963724012049465232921798697965	-0.264923580376467482344505204893121
0.419878324924355007350267377411332	-0.264885785488682300678930937166619
0.420119809762296367629808528239153	-0.264847875371247000456711602746281
0.420361695906216019097967904152202	-0.264809849561559503774087983161585
0.420603984634084320038720594765335	-0.264771707594395649794689353629938
0.420846677229982951637104500448589	-0.264733449001890139679152487791328
0.421089774984143466766760233244601	-0.264695073313517313563610089355519
0.421333279192986139792000197988352	-0.264656580056071757861379022939647
0.421577191159159120188682471095698	-0.264617968753648741142000772790035
0.421821512191577892818611342481078	-0.264579238927624476821344298466352
0.42206624360546504772301201091828	-0.264540390096636210875771041873216
0.422311386722390362331837289921224	-0.264501421776562132772379369793018
0.422556942870311199017264740262473	-0.264462333480501107786087247349805
0.422802913383613220951738933762116	-0.26442312471875222885277340407277
0.42304929960315142926331119653754	-0.26438379499879418608587458417365
0.42329610287629152451383389401712	-0.264344343825264452061725509199177
0.423543324556951595558783911747221	-0.264304770699938280956524700247613
0.423790966005644138881126355602843	-0.264265075121707519595109016128855
0.424039028589518411525690637537148	-0.264225256586559228448718301474866
0.424287513682403120795023120112422	-0.264185314587554110595624472507531
0.424536422664849453902609554665512	-0.264145248614804746634882193686534
0.424785756924174450814732954045653	-0.264105058155453633519526438359313
0.425035517854504723548054683247126	-0.264064742693651025251291028908766
0.425285706856820525226284925461239	-0.264024301710532573354346989024044
0.425536325339000172236049888178345	-0.26398373468419676502065540772245
0.425787374715864822859273862549932	-0.263943041089682156794291628195888
0.426038856409223615797081357275367	-0.263902220398944401636520971055518
0.42629077184791917203839492523469	-0.26386127208083306718748583632096
0.426543122467873463565065029829871	-0.263820195601068243014094773901788
0.426795909712134052424526516931376	-0.263778990422216934607080756350559
0.427049135030920703740639243503852	-0.263737656003669241863213132449333
0.427302799881672376273545561250893	-0.263696191801614319761300200412551
0.427556905729094594180072180816169	-0.263654597269016118912901540815915
0.42781145404520720366742609129107	-0.263612871855588903640575626824503
0.428066446309392518274691449621636	-0.263571015007772545208013125640046
0.428321884008443856558934582463352	-0.263529026168707587797543969096033
0.428577768636614476005575487835994	-0.263486904778210084801250856096951
0.428834101695666907026094648003519	-0.26344465027274620296226741078943
0.42909088469492269095012186693492	-0.263402262085406591872779714416468
0.429348119151312525963507662783492	-0.263359739645880516304779211152444
0.429605806589426824989116056634524	-0.263317082380429748818726811362735
0.42986394854156668955280912582394	-0.263274289711862220063976027405609
0.430122546547795303723427302553438	-0.263231361059505424153060718301303
0.430381602155989752262514114823133	-0.263188295839179576459773922646705
0.430641116921893267167099057550185	-0.263145093463170521158341645660672
0.430901092409167906837046872863915	-0.263101753340202385787922545053788
0.431161530189447672147315193653063	-0.263058274875409980093134325523794
0.431422431842392063754944908130434	-0.263014657470310936357313280090857
0.431683798955740085020748544114402	-0.262970900522777588410747666042166
0.431945633125364694976471425657027	-0.262927003427008586461181210393911
0.432207935955327715819688467613007	-0.262882965573500244858452617275781
0.432470709057935199470876565311266	-0.262838786349017619869212984289322
0.432733954053793257779979103071835	-0.26279446513656531450123788512932
0.432997672571864361023365823538077	-0.262750001315358007379916769265882
0.433261866249524109386399029976741	-0.262705394260790702642051360717346
0.433526536732618482181856883345094	-0.262660643344408697774118865612455
0.433791685675521569610247643346314	-0.262615747933877266283646842748749
0.434057314741193791924586520680025	-0.262570707392951052053296232179695
0.434323425601240610919510987265894	-0.262525521081443172187648809880326
0.434590019935971738722692765464865	-0.262480188355194025122536631292539
0.434857099434460848925377325319421	-0.262434708566039800726025083459743
0.435124665794605795148556809642759	-0.262389081061780689078859072984473
0.435392720723189342201772343540427	-0.262343305186148784580294568769902
0.435661265935940415052859349027953	-0.262297380278775681982755970189235
0.435930303157595870889107680706744	-0.262251305675159760915674197853038
0.436199834121962799613320255738607	-0.262205080706633155415161456444435
0.436469860571981358182132732695534	-0.262158704700328404931856580981727
0.436740384259788144258716297200202	-0.262112176979144783244319862824467
0.437011406946780114717639576069305	-0.262065496861714301659758199607536
0.437282930403679054606228209639162	-0.262018663662367382837610086918707
0.437554956410596602234245997911415	-0.261971676691098201524604951350308
0.437827486757099836132144388989969	-0.261924535253529688442322013039596
0.438100523242277429687502247000161	-0.261877238650878193519999471931064
0.438374067674806379339620435602032	-0.261829786179917804616374355534482
0.438648121873019312283561167237979	-0.261782177132944317824655671785656
0.438922687664972379707245958294602	-0.261734410797738855404337204879412
0.439197766888513741658564338834405	-0.26168648645753112733242979813763
0.439473361391352649713814422058494	-0.261638403390962332414824502981508
0.439749473031129133694212565729365	-0.261590160872047694845875543088641
0.440026103675484298753689476785125	-0.261541758170138632050903439174657
0.440303255202131239238751347554507	-0.261493194549884549592151434790512
0.440580929498926575799844404611587	-0.261444469271194258863769905873979
0.440859128463942622313437354002987	-0.261395581589197013245640847464956
0.44113785400554018925494669773122	-0.261346530754203158329274698506182
0.441417108042442030244693184746412	-0.26129731601166439177160134147861
0.441696892503806938572312491148658	-0.261247936602133628274222507461985
0.441977209329304500589468688689062	-0.261198391761224465126580192148841
0.442258060469190512946354598865613	-0.261148680719570243691510955897058
0.442539447884383070734328541061055	-0.261098802702782702150784795991146
0.442821373546539333685152431982275	-0.261048756931410214766455035024524
0.443103839438132977666682217982085	-0.260998542620895612851157491783394
0.443386847552532338805539140353837	-0.260948158981533582576877943818552
0.443670399894079257659280653775436	-0.260897605218427634687141129670929
0.4439544984781686309539146438967	-0.260846880531446641112046565489528
0.44423914533132867849728203077577	-0.260795984115180933419070268184089
0.444524342491301932974893423077623	-0.260744915158897957965050792647329
0.444810092007126960432268148314175	-0.260693672846497482546266210014157
0.445096395939220819346712102479144	-0.260642256356466349273968875977827
0.445383256359462266291808253669502	-0.260590664861832768332159847661788
0.445670675351275716299704563290669	-0.260538897530120147202737069038259
0.445958655009715966129593278407844	-0.2604869535233004498704230961673
0.446247197441553688755608191182168	-0.260434831997747080446050978830074
0.446536304765361707493748225718451	-0.260382532104187285571842418229274
0.446825979111602058295392756922649	-0.260330052987654069896231597615354
0.447116222622713848844533046622652	-0.260277393787437618828551895549632
0.447407037453201923207032264974376	-0.260224553637036222705491439531035
0.447698425769726340893071435862819	-0.260171531664106696421617170759513
0.447990389751192679308468520600901	-0.260118326990414288495445421404546
0.448282931588843168686801494257648	-0.260064938731782073460479221164488
0.448576053486348668712252987118269	-0.260011365998039821387317524090099
0.448869757659901496162853739881273	-0.259957607892972338258347751960568
0.449164046338309113025365213293372	-0.259903663514267270830638549251728
0.449458921763088684656439249822468	-0.259849531953462369535432080530292
0.449754386188562517689956359007573	-0.259795212295892202874071789993336
0.450050441881954387517606258240163	-0.259740703620634316680269064277369
0.45034709112348676529886764585605	-0.259686005000454831527287027120662
0.45064433620647895458760235618761	-0.259631115501753471465877626125289
0.45094217943744614779553624702546	-0.259576034184508017184624660781593
0.451240623136199412847990271271266	-0.25952076010221817658869538509516
0.451539669635946620524385745779913	-0.259465292301848865695861250383517
0.451839321283394323115314112764755	-0.259409629823772892649988191237486
0.452139580438850595169370471316187	-0.259353771701713037551992051119792
0.452440449476328847246539550388063	-0.259297716962683520706478227230085
0.452741930783652623740731061250528	-0.259241464626930851778908792332424
0.453044026762561395982127734084317	-0.25918501370787405225313708960769
0.453346739828817361980373820273605	-0.259128363212044243472490409088219
0.4536500724123132643223352396106	-0.259071512139023592439236591125289
0.453954026957181237893246498860677	-0.25901445948138360743721043805586
0.454258605921902699247566470273325	-0.258957204224622775430570235768857
0.454563811779419289615838416227608	-0.258899745347103533078072476903862
0.45486964701724488369633347427177	-0.258842081819988563086862407114671
0.455176114137578676545296264454103	-0.258784212607176407512547027334804
0.455483215657419361047252351394216	-0.258726136665236389493212778553773
0.455790954108680408617126925257229	-0.258667852943342834784038755454718
0.456099332038306465958910152977358	-0.258609360383208584336203714990757
0.456408352008390880881336065793499	-0.258550657919017789038856453731429
0.456718016596294370349568463453655	-0.258491744477357977615978711012432
0.457028328394764844133260024135234	-0.258432618977151388540981284646405
0.457339290012058397595621553162862	-0.258373280329585556700800460919994
0.457650904072061487355360094009465	-0.258313727438043145408065350775102
0.457963173214414303743571567489797	-0.258253959198031014224548713844084
0.458276100094635354170960924940787	-0.258193974497108512921554982979137
0.458589687384247271717166869569156	-0.258133772214814991763099315235603
0.458903937770903863453546560127465	-0.258073351222596518155649613543229
0.459218853958518413213587104932982	-0.258012710383731789563797772044637
0.4595344386673932537312150512521	-0.257951848553257232444454226710338
0.459850694634350623276733700052798	-0.257890764577891276802977695180295
0.460167624612864822132993438688617	-0.257829457295957795823015324091334
0.460485231373195684470756208630324	-0.257767925537308699867691970637694
0.460803517702523381402116881896992	-0.257706168123245673993104732940975
0.461122486405084571214358255497877	-0.257644183866441047955802857559307
0.461442140302309913013810544657082	-0.257581971570857787534015558071339
0.461762482232962960240230062287791	-0.257519530031668595817781838760459
0.462083515053280450746976090383904	-0.25745685803517411295578686811734
0.462405241637114010380922166781017	-0.257393954358720202676567473969977
0.462727664876073287238662063863936	-0.257330817770614313728762546590454
0.463050787679670534022237144514453	-0.257267447030040904209199049373979
0.463374612975466656168397687416946	-0.257203840886975916568766334408523
0.463699143709218743680394982313845	-0.257139998082100290904184776378394
0.464024382845029104850564010279161	-0.257075917346712503958862427814444
0.464350333365495820325580590540148	-0.257011597402640121067997310135027
0.464676998271864836234346023344168	-0.256947036962150348091863701546065
0.465004380584183615371052343903843	-0.256882234727859570186757713725457
0.465332483341456365703200052315159	-0.25681718939264186406530861908765
0.465661309601800865756267241298939	-0.256751899639536470196724529078625
0.465990862442606906713456012972244	-0.256686364141654211192969504588269
0.466321144960696371360562573221584	-0.256620581562082842418797986422587
0.466652160272484970302627092577786	-0.256554550553791320651934128880572
0.466983911514145656180716110435569	-0.256488269759532976404409308524316
0.467316401841773736924073881077688	-0.256421737811747575297090377547193
0.467649634431553709385051775815503	-0.256354953332462253656672223738874
0.467983612479927835021791095238103	-0.2562879149331913132777974096775
0.468318339203766479616701163698247	-0.256220621214834860062428013056495
0.468653817840540239347450511936159	-0.25615307076757627101405355751039
0.468990051648493875861585881965975	-0.256085262170778473825695707434468
0.469327043906822083346125792160653	-0.256017193992879023057885077507677
0.469664797915847110929659125669846	-0.255948864791283956655756190104794
0.470003316997198264106733926403423	-0.255880273112260416303049606176452
0.470342604493993309232769272835182	-0.25581141749082801485504001015102
0.470682663771021805502488481971778	-0.255742296450648933832138101976323
0.471023498214930389196082536725161	-0.255672908503916733691053149998891
0.471365111234410035355098995331186	-0.255603252151243859320860604622242
0.471707506260385322434547173414077	-0.255533325881547822937001839943081
0.472050686746205725869051581571713	-0.25546312817193604626705536100529
0.472394656167838966889212076926286	-0.255392657487589343637963024646115
0.472739418024066443329783777777803	-0.25532191228164402728517110966247
0.473084975836680769584018618861559	-0.255250890995072615909752320328103
0.473431333150685453278662988166694	-0.255179592056563127209906588137498
0.473778493534496736671835143630918	-0.255108013882396934808189052574807
0.474126460580147631211468568430974	-0.255036154876325169685273625836165
0.474475237903494174135363237969389	-0.254964013429443645914918360874809
0.474824829144423936445299826764883	-0.254891587920066290172940174617184
0.475175237967066812047309898549348	-0.25481887671359705416531443693523
0.475526468060008118318229749172707	-0.254745878162400288786869942705547
0.475878523136504038835272494848551	-0.254672590605669558482329505464352
0.476231406934699439490712042664061	-0.254599012369294873935525687071263
0.47658512321784808970806781853395	-0.254525141765728320860371949771603
0.476939675774535320979598991168949	-0.254450977093848062308460752608636
0.477295068418903155457654323764239	-0.254376516638820691542857729937349
0.477651304990877937854676203712193	-0.254301758671961912155627872395862
0.478008389356400504438627052705958	-0.254226701450595521727725155076633
0.478366325407658923452500250074546	-0.254151343217910674943957603350751
0.478725117063323841838607921258821	-0.254075682202817401682658251681882
0.47908476826878647371072155842884	-0.253999716619800355199298262216139
0.479445282996399266590100791883747	-0.253923444668770765115417493562556
0.479806665245719282005208432514721	-0.253846864534916569508762255832905
0.480168919043754327649709387531555	-0.253769974388550699977248313049306
0.480532048445211878899426109103943	-0.253692772384957493118144003778995
0.480896057532750828106518581256663	-0.25361525666423720142452429614567
0.481260950417236100718523171432202	-0.25353742535114857615340826505357
0.481626731237996177911278792808843	-0.253459276554949494263882299853228
0.481993404163083566078453867426133	-0.253380808369235601058747461753323
0.482360973389538254186633147939755	-0.253302018871776939689625558592429
0.482729443143654200684005797200608	-0.253222906124352538202823922744206
0.483098817681248892342898321622559	-0.253143468172582924311398162585103
0.483469101287936018122008107414582	-0.253063703045760537577565144102093
0.483840298279401301853512731067967	-0.252983608756678008178700090769789
0.484212413001681538293561630346709	-0.252903183301454270909391886284959
0.484585449831446877822312467790813	-0.252822424659358482541214183876654
0.484959413176286405841974759515601	-0.252741330792631710120776222264891
0.485334307474997063698596284836459	-0.252659899646306357235020327509778
0.485710137197875958745909910480889	-0.252578129148023294710401348430835
0.486086906847016111977794727441539	-0.252496017207846661639279383565955
0.486464620956605692480149514051022	-0.252413561718076302042337849036777
0.486843284093230788793591190209834	-0.25233076055305780187985487079182
0.487222900856181768135748031191036	-0.252247611568990090516951576087298
0.487603475877763275306398373204658	-0.252164112603730570128254100719871
0.487985013823607923990701534957095	-0.252080261476597735895468411879813
0.488367519392993734085679904092033	-0.251996055988171249206902975920154
0.488750997319165369603351120178481	-0.251911493920089425410701501886332
0.489135452369659232650899167364474	-0.251826573034844097003176915841674
0.489520889346632469954446028448762	-0.251741291075572812449871439496639
0.489907313087195949378785636808696	-0.251655645765848330139501642461429
0.490294728463751264901325034778351	-0.251569634809465366259469288792414
0.490683140384331829524911632955653	-0.251483255890224554655808355668298
0.49107255379294811666169021838195	-0.251396506671713575999967157267331
0.491462973669937111589121415588618	-0.251309384797085412829354957093055
0.491854405032316035670310144053507	-0.251221887888833686257768953716673
0.492246852934140407144357041784267	-0.251134013548565029365305241843354
0.492640322466866503429090351174931	-0.251045759356768451474782192802155
0.493034818759718291038807014754773	-0.250957122872581646702693053361915
0.493430346980058890404110854378871	-0.25086810163355419933687301621209
0.493826912333766644090158808556248	-0.25077869315540763774002106963451
0.494224520065615858144204771506871	-0.250688894931792287607554705232623
0.494623175459662287563871953110941	-0.250598704434040874519581480409563
0.495022883839633438164712515794213	-0.250508119110918824819619922600858
0.495423650569323758439967997425365	-0.250417136388371212926656422260897
0.495825481052994796347683453789041	-0.250325753669266302241736023551092
0.496228380735780397331127922440885	-0.250233968333135625845092805872507
0.496632355104097021278527644450014	-0.250141777735910552194356905685243
0.497037409686059257558139305662645	-0.250049179209655280028144465667699
0.497443550051900618725410668877837	-0.24995617006229620565184510332678
0.497850781814399694991147714826401	-0.24986274757734760473315653168658
0.498259110629311753064003810200753	-0.249768909013633569663351482401441
0.498668542195805864538021784493258	-0.249674651605006142445857470328278
0.499079082256907650587210373541167	-0.249579972560059581955929808287657
0.499490736599947731355061135674456	-0.249484869061840703273432007420823
0.499903511057015970088372827108658	-0.249389338267555225624418958714862
0.500317411505421603762633514343073	-0.249293377308270064275744580889553
0.50073244386815935368142733624523	-0.249196983288611500509667757074202
0.501148614114381611305819260402906	-0.249100153286459162561771993804346
0.501565928259876796382390169857068	-0.249002884352635749134791223666425
0.501984392367553986291536056070419	-0.248905173510592425802474167222336
0.502404012547933917431826840602954	-0.248807017756089823290731459104157
0.502824794959646461392689103105428	-0.248708414056874565267282686691556
0.503246745809934680647509204217601	-0.24860935935235125188512390979696
0.503669871355165570523556085334122	-0.248509850553249823908618782570908
0.504094177901347596275035174417987	-0.248409884541288230803105424185397
0.504519671804655136202277743287775	-0.24830945816883032468881203296466
0.504946359471959943924748839368064	-0.248208568258538900546769573707496
0.505374247361369745129461392288618	-0.248107211603023801517458947486463
0.505803341982774086380789963943559	-0.248005384964485006551267982181786
0.506233649898397555893897557926607	-0.247903085074350616052570540872141
0.506665177723360498543373800900065	-0.247800308632909649505460490835875
0.507097932126247349802622932947975	-0.247697052308939567377935114372556
0.507531919829682715789466352405971	-0.247593312739328427871656272712715
0.50796714761091532913080990077875	-0.247489086528691587315325460621077
0.50840362230241001295558694498448	-0.247384370248982851190163804151384
0.508841350792447787982085677936273	-0.247279160439099980924932886085194
0.509280340025734260384810194578342	-0.247173453604484459704278712957529
0.509720597004016430908864819463645	-0.247067246216715418596808675241957
0.510162128786708068548194169435197	-0.246960534713097622327066283011004
0.510604942491523795019612752626933	-0.246853315496243411987262746439506
0.511049045295122029249225349747077	-0.24674558493364849990903462061053
0.511494444433756944143435147406909	-0.24663733935726150979136262126836
0.511941147203939591045178885878492	-0.246528575063047153006810364796069
0.512389160963108350479293440886478	-0.246419288310542929783086098878068
0.512838493130308871071042518878348	-0.246309475322409241679217952023604
0.513289151186883661880913694867232	-0.246199132283972799443944539220318
0.513741142677171506838997078230352	-0.246088255342763207956795425065115
0.514194475209216873485805858149019	-0.245976840608042607508262820964953
0.514649156455489491835592683027729	-0.245864884150328248172893669798058
0.515105194153614282875421835629351	-0.245752382000907871466458903622562
0.515562596107111820000916193393619	-0.245639330151347770853933735526024
0.516021370186149510570226368836949	-0.245525724552993399987147897072961
0.516481524328303688733961794927383	-0.245411561116462394797883479260724
0.516943066539332814773255355839611	-0.245296835711129872752101568287208
0.517406004893961980353563664976624	-0.245181544164605869682001759341328
0.517870347536678923381080049923564	-0.245065682262204771652836973795721
0.518336102682541760534692097887852	-0.244949245746406596288835374365219
0.518803278617998650042278327828555	-0.244832230316309974875174517890048
0.519271883701719601878933204160483	-0.244714631627076683368598333652752
0.519741926365440657289659598644837	-0.244596445289367567185786094041632
0.520213415114820664383499022161823	-0.244477666868769701293725815773434
0.52068635853031088151341495748545	-0.244358291885214623697792132555074
0.5211607652680376452500460463616	-0.244238315812387476908585776933411
0.521636644060698344981360386970797	-0.244117734077126888365386435113427
0.522114003718470951528044551852617	-0.243996542058815417099751044985572
0.522592853129937352660048226046031	-0.24387473508876039013472099836771
0.523073201263020754037101364369144	-0.243752308449564948230563863741719
0.523555057165937409879380485467479	-0.243629257374489116604159028413728
0.524038429968162953608115130380546	-0.243505577046800712163140898473182
0.524523328881413604784226460573137	-0.243381262599115894604741443353745
0.525009763200642534920655280392902	-0.243256309112729164429830527145465
0.525497742305051681155595556591132	-0.243130711616932606511739758771519
0.525987275659119303354287697316778	-0.24300446508832417333376941417018
0.52647837281364358696139192004562	-0.242877564450104797365404088542427
0.526971043406802600859472979557335	-0.242750004571364117281672664412806
0.527465297165230926607175074483875	-0.242621780266354597839135021380041
0.527961143905113282738822831655434	-0.242492886293753818201891899054063
0.528458593533295475311211729761052	-0.24236331735591469835789824500051
0.528957656048413013589204934582191	-0.242233068098103427975684804940373
0.529458341542037737675591245999632	-0.242102133107724856620191023461223
0.529960660199842813018848454278156	-0.241970506913535098669475534660592
0.530464622302786455081583298393559	-0.241838183984841100547141892066646
0.530970238228314756029294735866646	-0.241705158730686912003786604742036
0.531477518451583994110777148589326	-0.241571425499026397139874683257041
0.531986473546702815455233566625158	-0.241436978575882114657240117555497
0.532497114187994687314547788697035	-0.241301812184490090451788714265881
0.533009451151281031339972537022904	-0.241165920484430199110663948045883
0.533523495315185455308805034159546	-0.24102929757074186414765319907938
0.534039257662459511816801069419639	-0.240891937473024779895299874291762
0.5345567492813304228347770293212	-0.240753834154524350865184517123456
0.535075981366871219702025068409704	-0.240614981511201537083075518401797
0.535596965222393759104095331213176	-0.240475373370786786396842065754557
0.536119712260865086867786217285032	-0.240335003491817727035658829240159
0.536644234006347633011776939479374	-0.240193865562660285762370732371164
0.537170542095463733427539903336477	-0.240051953200512888799941746775231
0.537698648278884985842657667120267	-0.239909259950393394320446662540584
0.538228564422846960348499144014918	-0.23976577928410839665357978235036
0.538760302510689797767841108237674	-0.239621504599204533493377382137673
0.539293874644425242507328904412844	-0.239476429217901418248725875697246
0.539829293046330670296962285777928	-0.239330546386005810286904144408433
0.540366570060570685376826521646625	-0.239183849271806626151228637168548
0.540905718154846876263291773697881	-0.239036330964950384884856266269097
0.541446749922076334226589170072917	-0.238887984475296670353642889384649
0.541989678082099554053261263584203	-0.238738802731753182921998114576016
0.542534515483418352565226984028218	-0.238588778581089941986903651663789
0.543081275104964456737395884135087	-0.238437904786732189706280440253557
0.543629970057899430113784951421024	-0.238286174027531534757916345772583
0.544180613587446623584401130704787	-0.238133578896514863123011138291336
0.544733219074755854468842446562323	-0.237980111899610530692444315801308
0.545287800038801536275375444194565	-0.237825765454351339932067616554152
0.545844370138315000484575603225115	-0.237670531888553789903150627476445
0.546402943173751771263581565952205	-0.237514403438973075602567431403345
0.546963533089294574170456343830415	-0.237357372249933298850906905469973
0.547526153974892880678674737412067	-0.237199430371932338801399381192717
0.54809082006833981176076679938815	-0.237040569760220815553814003049403
0.548657545757387245839872164990689	-0.236880782273354565320162803892051
0.549226345581899999171493983959768	-0.236720059671720030087425728892703
0.549797234236049970179080372760138	-0.236558393616031948740244375037122
0.55037022657055116346114293205367	-0.236395775665802720126635320845481
0.550945337594936534140364730192283	-0.236232197277782791554588178241815
0.551522582479877618963497402675726	-0.236067649804371408678578329158515
0.552101976559547947112811001420701	-0.235902124491997044653446086832937
0.552683535334031251084569417360518	-0.235735612479466807778913680225629
0.553267274471775526257752412753649	-0.235568104796284107610570537188749
0.553853209812094016948543299306338	-0.235399592360933839650962368493982
0.554441357367714236855730903808345	-0.235230065979134328235104703759325
0.555031733327376162883245300051852	-0.235059516342055246065029434501881
0.555624354058480773414055820840618	-0.23488793402450070700363355783628
0.556219236109790135241553870375398	-0.234715309483056706183906863735993
0.556816396214180277578784171127391	-0.234541633054202058199302852581898
0.557415851291448126902522610262543	-0.234366894952381960087229145643847
0.558017618451173812889929526269076	-0.234191085268043280971875916424526
0.558621714995639693413769104973651	-0.23401419396563065456518825427832
0.559228158422807485523225504752516	-0.23383621088154242420478957493518
0.55983696642935492959830703999401	-0.233657125722045462702842893870191
0.560448156913773455475837478735096	-0.233476928061147860956594785445145
0.561061747979528362355290575108047	-0.233295607338428449994654136840717
0.561677757938283068756605913189193	-0.233113152856822090866389257225127
0.56229620531318903477528194206121	-0.232929553780359635487090591220285
0.56291710884224300642050953846316	-0.2327447991318614291890090720758
0.563540487481713280990416222343422	-0.232558877790583192256589409008493
0.564166360409636743297781737975913	-0.232371778489813083099918852361577
0.564794747029388475175744492296817	-0.23218348981441870989846217605686
0.565425666973325795134801355375103	-0.231994000198342820480429871401975
0.566059140106508641381576949216263	-0.231803297922046361842430000475266
0.566695186530498269721325528077587	-0.231611371109897561008008729561179
0.567333826587236298228161837701098	-0.231418207727505637818630276986355
0.567975080863006193061302158199742	-0.231223795578997717690527582718015
0.568618970192479354517481378434156	-0.231028122304237468297099364660075
0.569265515662848029428367804975339	-0.2308311753759839384879265829705
0.569914738618047345430408762411799	-0.23063294209698903046804945891818
0.570566660663068834550504245094723	-0.230433409597031987267992462077909
0.571221303668367888066044490881488	-0.230232564829889226766199462226083
0.571878689774367661818628902763187	-0.230030394570237800907883199480285
0.572538841396062031198558868922425	-0.229826885410490704221265989854225
0.573201781227720277988446621011058	-0.229622023757562199183708322863514
0.573867532247696277280879545798003	-0.229415795829561267352475318069597
0.574536117723345041894566647882112	-0.22920818765241123436014252750492
0.575207561216049574239274964698106	-0.228999185056393553791031701058521
0.575881886586361071561912941482419	-0.228788773672613669506393175605442
0.576559117999255630090706417298137	-0.228576938929386808071546560211557
0.577239279929510696934854628069524	-0.228363666048541482452279959826596
0.57792239716720462585396967523665	-0.22814894004163841497985313971471
0.578608494823342804353308201196164	-0.227932745706102511617984401516721
0.579297598335613935163716042513294	-0.227715067621265440679642181463686
0.579989733474280175214278032161522	-0.227495890144316287208811960980763
0.58068492634820495989484169648379	-0.227275197406157669128933279632197
0.581383203411022469938289372887955	-0.22705297330716461282509365191774
0.582084591467452832842084352321803	-0.226829201512843393924088092698986
0.582789117679767290619165648657486	-0.226603865449387453510556261607382
0.583496809574407711054779171332326	-0.226376948299127400706332594959184
0.584207695048764970795102189305365	-0.226148432995872009273487369965914
0.584921802378120895764709217145222	-0.225918302220137008500305556535234
0.585639160222758607875269886157161	-0.225686538394258356905580397346089
0.586359797635246297033385472220572	-0.225453123677386571052442748872588
0.587083744067899614381751965354419	-0.225218039960358560790734917617685
0.587811029380428066830867730863798	-0.224981268860443296328200581873717
0.588541683847770984590533879219726	-0.224742791715957501435723169092931
0.589275738168128832940872855579276	-0.22450258958074743057876870428502
0.590013223471195847259147163351628	-0.224260643218532645581692757230398
0.590754171326600186728161705699331	-0.22401693309710755930589016017123
0.591498613752558027601697543355209	-0.22377143938239635947497385688175
0.592246583224748251821009245962521	-0.223524141932356764913345849916915
0.592998112685414631615484182546172	-0.223275020290727898765871785822073
0.593753235552702665955822557103033	-0.223024053680617388406275448517145
0.59451198573023849086084886978802	-0.222771220997922619372892586005256
0.595274397616957563117718035689648	-0.222516500804580880426236556027116
0.596040506117191106516981910374145	-0.222259871321642938317072561364711
0.596810346651018611816359220588801	-0.222001310422164373678768943007949
0.59758395516489499695005490729004	-0.221740795623908793183448125788804
0.598361368142561363148355432920451	-0.22147830408185680727382719236693
0.599142622616248626315644435497035	-0.221213812580514426922148959608859
0.599927756178183661963255662087756	-0.220947297526014286467811933598858
0.600716806992407976977085222366498	-0.220678734938002842111103256464636
0.601509813806919313332628216388646	-0.220408100441306426526252919778985
0.602306815966146998412462337784559	-0.220135369257368758704904485055454
0.60310785342377228474285477003472	-0.219860516195452213918637746720325
0.603912966755905369709243272768107	-0.219583515643594850927336589045371
0.604722197174631254152763471529579	-0.219304341559314871550922076425222
0.605535586541937088769083305348776	-0.219022967460053850715691036852091
0.606353177384034170067128826335366	-0.218739366413349722289408032126533
0.607175012906088284506779024439812	-0.218453511026730136590459837209443
0.608001137007372661600996878544289	-0.218165373437316418504628543914678
0.608831594296858385595404861945051	-0.217874925301127949723638748658024
0.609666430109257732264875098821937	-0.21758213778207637373071220101293
0.610505690521536543917227033164874	-0.217286981540638576737068225752873
0.611349422369912433486476929337945	-0.216989426722196930691689745011819
0.61219767326735631934935228231921	-0.21668944294503479454725575050628
0.613050491621615538032040461619759	-0.216386999287974755896158610031375
0.613907926653777564225705220304702	-0.216082064277646555540811710393385
0.61477002841739418855656582443356	-0.215774605875371071095932540194835
0.615636847818186865546160656588599	-0.215464591463646140810244445904245
0.616508436634354849475215851017639	-0.215151987832219383816943935714486
0.61738484753750868690400573122199	-0.214836761163732516248101467363935
0.618266134114252634035722031694088	-0.214518877018920972238167399160934
0.619152350888440617739791152304543	-0.214198300321351912836707074024659
0.620043553344131463864274383244382	-0.213874995341682942163032577679185
0.620939797949270278640978896264019	-0.213548925681423046540743971384113
0.621841142180124091914003588964305	-0.213220054256176426476063609220267
0.62274764454650115821761520046619	-0.212888343278349000659616387993582
0.623659364617784667249859241401768	-0.212553754239296422976252281921811
0.624576363049813043151189741703942	-0.212216247890891464918098177928724
0.625498701612640516598905857799275	-0.211875784226487573732182272489184
0.626426443219213239764845182019389	-0.211532322461254317804168810253568
0.627359651954997886675222818270654	-0.211185821011859271664866402230724
0.628298393108601445825145043211653	-0.210836237475469669842051360993203
0.629242733203422773778194591449114	-0.210483528608045867538557258712729
0.630192740030378444069292104227893	-0.210127650301897282485668472719179
0.631148482681747501607745192682239	-0.209768557562470051678770268267914
0.632110031586181925997500140528419	-0.209406204484334114098812523941215
0.633077458544931925310411851642032	-0.209040544226335820649594783543157
0.634050836769337632970475924021584	-0.208671528985880469701890919999077
0.635030240919641373228484667330411	-0.208299109972307364717992306242985
0.636015747145177404562989278271418	-0.207923237379318082869551810036542
0.637007433125998955262056252679193	-0.207543860356416623303915646276033
0.638005378116005442197191339558138	-0.207160926979317963176257643744144
0.639009662987636023983102182627675	-0.20677438421927928058996340374832
0.640020370278199095790786734160841	-0.206384177911305697397122748810035
0.641037584237910998466056160492157	-0.205990252721179841951290195659874
0.642061390879721103754620028793872	-0.205592552111261822190132862699576
0.643091878031004565924913233844921	-0.205191018305003321875003025970766
0.644129135387208414707746880855834	-0.204785592250116475582055604824703
0.645173254567541323361032597802757	-0.20437621358033492833914368275524
0.646224329172802338384922523112181	-0.203962820575701029824818800060812
0.64728245484544912509560761302201	-0.203545350121309435866208427896429
0.6483477293320118887643261158284	-0.203123737664433475452506243430175
0.649420252547965099057537771139766	-0.202697917169956472156701512861574
0.650500126645175502826220508525303	-0.202267821074025765820595413090776
0.651587456082051685860941980673494	-0.201833380235842443118644415235422
0.652682347696527669457134831984643	-0.201394523887494731960399529836975
0.653784910782020736579254538578681	-0.20095117958173762051719130978691
0.654895257166511912035710295733003	-0.200503273137615500797777250937428
0.656013501294906311522323514243835	-0.200050728583818480717778950533142
0.657139760314839969290567822257298	-0.199593468099656426594987834805806
0.658274154166109801001662551073435	-0.199131411953527756320062429332862
0.659416805673914108689594382238464	-0.198664478438752465472600367063471
0.660567840646102544937161397501308	-0.198192583806630794462507310514414
0.661727387974646784700824839100666	-0.197715642196580290847586471621324
0.662895579741556372613306422094529	-0.197233565563194739802253721890047
0.664072551329478394103264447256503	-0.196746263600058475396048128193035
0.665258441537234840129078914367524	-0.196253643660138889154770432173221
0.666453392700567885033626836899017	-0.195755610672568458253731508401848
0.667657550818380870549174804752909	-0.19525206705561525566530836058259
0.668871065684781691002503420727354	-0.194742912625627604161966459026379
0.670094091027255620074821505953136	-0.194228044501724213549847447895572
0.671326784651316534028810266392771	-0.19370735700598570616362680656798
0.672569308592009108497468496218867	-0.193180741558886790901390478726334
0.673821829272660047871259757475	-0.192648086569690382474264512422114
0.675084517671303915448068215268527	-0.192109277321505560690859120809625
0.676357549495238853258707854506731	-0.191564195850690292904267055134314
0.677641105364199616219271126829197	-0.191012720820257156055911991393111
0.678935371002670120467191954065386	-0.190454727386915732753094829988084
0.680240537441895368439999373629998	-0.189890087061358741311408254240693
0.681556801232193437796359987863671	-0.189318667561370096584932385271384
0.68288436466621251143052767552899	-0.188740332657301769464118947913919
0.6842234360138260183233542270529	-0.188154942009432277229899516875219
0.685574229769411223487315141555605	-0.187562350996682627035370050245826
0.686936966912313464964653451904488	-0.186962410536125253331454168222701
0.68831187518136014852181510948544	-0.186354966892677606197293341100919
0.689699189364356090628952119278472	-0.185739861478324192636791072705693
0.691099151603565420951909857662202	-0.185116930640158635717452596696102
0.692512011718265657106965381488699	-0.18448600543648023761462404042404
0.693938027545547462478104241594519	-0.183846911400117098455413119580204
0.695377465300629793512601783118713	-0.183199468288079478020623682028874
0.696830599958065533929923063241827	-0.182543489816572146712949749265826
0.698297715655328307422514638519919	-0.181878783380312231274916435714575
0.699779106120398090349917781058706	-0.181205149755008704862961292774029
0.701275075125102786554980098486681	-0.180522382781760282794462522639737
0.70278593696612651496357846435075	-0.179830269032019029833911994177075
0.704312016975764619670771195599675	-0.17912858745164629345960805841858
0.705853652064692176558685744770011	-0.17841710898245432783735982932682
0.707411191299219118197001532150751	-0.17769559615947966683949648212964
0.70898499651573338731562480242316	-0.176963802682071240689750847490832
0.710575442975286437488445427755078	-0.17622147295669547609032069386554
0.712182920061555977457999456245839	-0.175468341609159971776942420781972
0.713807832025732580542155850435889	-0.174704132963734287703195334715049
0.71545059878222362612746549369052	-0.173928560486398054368511349947943
0.717111656759454554456968791190951	-0.173141326189169709972261826236492
0.71879145981047881488388953138625	-0.172342119992159932896523416144119
0.720490480188590165755664291297793	-0.171530619039647916100424409100421
0.722209209593671043839305888139464	-0.17070648696609102883559351991217
0.723948160295616528467829942063302	-0.169869373107543357366729673154199
0.725707866341854193061976658223807	-0.169018911653469430968666283614626
0.727488884856746543240839459443202	-0.168154720733388376474595845496936
0.729291797441527193682773202318497	-0.167276401432161800094528787516099
0.731117211684398885440502242156636	-0.166383536727035377539944738328324
0.732965762791527762904295876840486	-0.165475690338747187369757604826423
0.734838115350923763856637608562311	-0.164552405488110895605653760171795
0.736734965242624705561009503538275	-0.163613203548452139314082267899476
0.738657041710228953184104775478141	-0.162657582583102019894882061437935
0.740605109610680629484681527347612	-0.161685015755809072719485186204913
0.74257997186134027714283317684024	-0.160694949600392680576501895288272
0.744582472105817967651619553786896	-0.159686802134193682947889587914373
0.746613497622858961361661476524901	-0.158659960797842623757703925006196
0.748673982505818571690484021817523	-0.157613780201515718522319757080621
0.750764911144020107062395719179241	-0.156547579655126875332873509461443
0.752887322041650598518249400965054	-0.155460640456743155512783863450236
0.755042312014925725817423756013399	-0.154352202909828964537968825252241
0.757231040814184037501814009182551	-0.153221463035621627232745809799083
0.759454736224516907394287378799741	-0.152067568941896780747458345856345
0.76171469970670721848914431786449	-0.150889616803448194564950692239013
0.764012312649885178718762220867624	-0.149686646402601401884844160894672
0.766349043318720637810784460617983	-0.148457636169779604965850631582692
0.768726454591537840489734973971646	-0.14720149765426565264722736386878
0.771146212601934031823735035482967	-0.145917069343509091425408727408904
0.773610096415900269877578272314011	-0.144603109735178579694566531599237
0.776120008899827078225941206891077	-0.14325828954911113390538999259953
0.778677988963073488608681618963183	-0.141881182945669058680401321260078
0.781286225393188336960792497161613	-0.140470257591901774056716868767543
0.783947072543939104857203778868734	-0.139023863386193245471946449117676
0.786663068188015657254065527937157	-0.137540219614298017349609173846434
0.789436953910219533251937041224398	-0.136017400262934301201621484193905
0.792271698496509588878021672838308	-0.134453317158928595009863621349779
0.795170524873920152063640214115578	-0.132845700529015854952978808852187
0.798136941282045775396500339911095	-0.131192076483430050324570284602159
0.801174777516484161062108786700954	-0.129489740809513137363363585627747
0.804288227289174812403668793015962	-0.127735728311781958786768329213506
0.807481898014797724991215971830719	-0.125926776741340857142028721912629
0.810760869676842089213558375482989	-0.124059284105145263875375871070874
0.814130764880392610014912444144405	-0.12212925781329949257403108556266
0.817597832801930075795033689167534	-0.12013225368036577512051578296201
0.821169050558202115395412222016568	-0.118063302201514132875993590760771
0.824852246622145293891953960548338	-0.115916818713431058160224559188508
0.828656252440926075338670154716014	-0.113686492930100981340899898854305
0.832591090550991698991277688978729	-0.111365151774418911113527233044609
0.836668210532106600410248286272756	-0.10894458719219742179092337860638
0.840900788559008421742116296634629	-0.106415337396710031629349411152328
0.845304112838098850267866802482472	-0.103766405205489824667603904505598
0.849896087080932327880115029063305	-0.100984889900721506878605547812482
0.854697899440160324050234196428466	-0.0980554978519974278740195378592482
0.85973492864719198264248332024425	-0.0949598793291820878908229923390691
0.865037999032907674602131991668616	-0.0916757096847445139188567906186953
0.870645164148759468976133851144778	-0.0881753832867359684797562952920214
0.876604319578874721119198417586463	-0.0844241001574216387579986500823722
0.882977171199954431138700804427264	-0.0803769602792195309620057294393937
0.88984553225162825171859996455163	-0.0759743538390749572345160713825522
0.897321875175277992774937857285106	-0.0711342401090342875406275190741543
0.905568287587493586913013948927762	-0.0657382852760464163203871992281296
0.914833825130830078660400006986807	-0.0596045685682917826038228410985776
0.925538321133743290488001356116223	-0.0524263990290011789012899921720363
0.938501853691260000800186095767942	-0.0436049556511718203152802825653926
0.955846913891749008658149051579842	-0.0315916424061790458011960777475264
