0.3010534546123796	-0.4782769832230661
0.3009674921989597	-0.4782993746457055
0.3008816751928583	-0.4783216813544700
0.3007960034566906	-0.4783439034380582
0.3007104768535028	-0.4783660409844128
0.3006250952467219	-0.4783880940809123
0.3005398585002724	-0.4784100628142920
0.3004547664784280	-0.4784319472707178
0.3003698190459357	-0.4784537475357253
0.3002850160679119	-0.4784754636942729
0.3002003574099320	-0.4784970958306504
0.3001158429379611	-0.4785186440286538
0.3000314725183773	-0.4785401083713504
0.2999472460179780	-0.4785614889413257
0.2998631633039712	-0.4785827858205263
0.2997792242439832	-0.4786039990902510
0.2996954287060167	-0.4786251288312530
0.2996117765584507	-0.4786461751237412
0.2995282676701883	-0.4786671380472294
0.2994449019104748	-0.4786880176806787
0.2993616791488856	-0.4787088141023847
0.2992785992554527	-0.4787295273903329
0.2991956621006335	-0.4787501576216363
0.2991128675552627	-0.4787707048728976
0.2990302154905194	-0.4787911692201858
0.2989477057780714	-0.4788115507389094
0.2988653382898785	-0.4788318495039987
0.2987831128984000	-0.4788520655897010
0.2987010294763617	-0.4788721990697521
0.2986190878969893	-0.4788922500172113
0.2985372880337818	-0.4789122185046588
0.2984556297607584	-0.4789321046041227
0.2983741129522190	-0.4789519083869976
0.2982927374828940	-0.4789716299240684
0.2982115032278450	-0.4789912692856456
0.2981304100625860	-0.4790108265413660
0.2980494578629635	-0.4790303017603562
0.2979686465051400	-0.4790496950111731
0.2978879758658610	-0.4790690063617917
0.2978074458219440	-0.4790882358796229
0.2977270562508445	-0.4791073836314756
0.2976468070302745	-0.4791264496836793
0.2975666980382943	-0.4791454341019137
0.2974867291534057	-0.4791643369513494
0.2974069002543860	-0.4791831582965731
0.2973272112204636	-0.4792018982016417
0.2972476619312173	-0.4792205567299538
0.2971682522665126	-0.4792391339444937
0.2970889821066273	-0.4792576299076045
0.2970098513322625	-0.4792760446810974
0.2969308598244081	-0.4792943783261004
0.2968520074644022	-0.4793126309034320
0.2967732941339639	-0.4793308024731961
0.2966947197151599	-0.4793488930949564
0.2966162840904281	-0.4793669028277334
0.2965379871425535	-0.4793848317300342
0.2964598287546488	-0.4794026798597742
0.2963818088101586	-0.4794204472743849
0.2963039271929364	-0.4794381340306229
0.2962261837871358	-0.4794557401848242
0.2961485784773572	-0.4794732657926357
0.2960711111483778	-0.4794907109093696
0.2959937816854065	-0.4795080755896607
0.2959165899740299	-0.4795253598875647
0.2958395359001021	-0.4795425638566721
0.2957626193498436	-0.4795596875500397
0.2956858402098461	-0.4795767310201012
0.2956091983670062	-0.4795936943188329
0.2955326937085166	-0.4796105774976040
0.2954563261219721	-0.4796273806073901
0.2953800954952954	-0.4796441036982902
0.2953040017167006	-0.4796607468203198
0.2952280446747618	-0.4796773100226273
0.2951522242583519	-0.4796937933539658
0.2950765403566823	-0.4797101968625419
0.2950009928593260	-0.4797265205959551
0.2949255816561460	-0.4797427646013566
0.2948503066372983	-0.4797589289253515
0.2947751676933641	-0.4797750136139846
0.2947001647150932	-0.4797910187128341
0.2946252975937683	-0.4798069442666584
0.2945505662207370	-0.4798227903202379
0.2944759704878497	-0.4798385569173754
0.2944015102872125	-0.4798542441014972
0.2943271855112438	-0.4798698519154945
0.2942529960526868	-0.4798853804017097
0.2941789418045530	-0.4799008296020398
0.2941050226602507	-0.4799161995576642
0.2940312385134580	-0.4799314903095078
0.2939575892580664	-0.4799467018977413
0.2938840747884378	-0.4799618343621535
0.2938106949991786	-0.4799768877419458
0.2937374497851106	-0.4799918620758526
0.2936643390415021	-0.4800067574019978
0.2935913626638163	-0.4800215737580520
0.2935185205478621	-0.4800363111811378
0.2934458125897433	-0.4800509697079415
0.2933732386858852	-0.4800655493745096
0.2933007987329481	-0.4800800502163912
0.2932284926279279	-0.4800944722687227
0.2931563202681536	-0.4801088155659822
0.2930842815511861	-0.4801230801422463
0.2930123763748844	-0.4801372660310435
0.2929406046374539	-0.4801513732653546
0.2928689662373077	-0.4801654018776493
0.2927974610732214	-0.4801793518999397
0.2927260890442374	-0.4801932233636529
0.2926548500496236	-0.4802070162997830
0.2925837439890779	-0.4802207307386803
0.2925127707623863	-0.4802343667103856
0.2924419302697976	-0.4802479242442044
0.2923712224117231	-0.4802614033691080
0.2923006470889257	-0.4802748041134508
0.2922302042023876	-0.4802881265051399
0.2921598936534232	-0.4803013705715457
0.2920897153436033	-0.4803145363394795
0.2920196691747465	-0.4803276238354183
0.2919497550490059	-0.4803406330850825
0.2918799728687237	-0.4803535641139132
0.2918103225366286	-0.4803664169466271
0.2917408039555934	-0.4803791916077024
0.2916714170288742	-0.4803918881208468
0.2916021616598867	-0.4804045065094421
0.2915330377524299	-0.4804170467962253
0.2914640452104529	-0.4804295090035989
0.2913951839382818	-0.4804418931532602
0.2913264538403940	-0.4804541992666169
0.2912578548216492	-0.4804664273643578
0.2911893867869933	-0.4804785774668762
0.2911210496418941	-0.4804906495938096
0.2910528432918265	-0.4805026437646089
0.2909847676426446	-0.4805145599979904
0.2909168226004639	-0.4805263983122152
0.2908490080715890	-0.4805381587250699
0.2907813239626789	-0.4805498412538498
0.2907137701805225	-0.4805614459153194
0.2906463466322558	-0.4805729727257682
0.2905790532252452	-0.4805844217009866
0.2905118898670663	-0.4805957928561940
0.2904448564656132	-0.4806070862061987
0.2903779529289388	-0.4806183017652820
0.2903111791654069	-0.4806294395472191
0.2902445350836241	-0.4806404995653035
0.2901780205924190	-0.4806514818322791
0.2901116356008606	-0.4806623863604823
0.2900453800182849	-0.4806732131616371
0.2899792537541990	-0.4806839622471113
0.2899132567184639	-0.4806946336276364
0.2898473888210664	-0.4807052273134306
0.2897816499723212	-0.4807157433144417
0.2897160400826965	-0.4807261816399053
0.2896505590629358	-0.4807365422985817
0.2895852068240307	-0.4807468252988003
0.2895199832771787	-0.4807570306484071
0.2894548883338194	-0.4807671583546966
0.2893899219056176	-0.4807772084244027
0.2893250839044444	-0.4807871808639631
0.2892603742424464	-0.4807970756791582
0.2891957928319566	-0.4808068928752831
0.2891313395855724	-0.4808166324572701
0.2890670144160591	-0.4808262944293282
0.2890028172364339	-0.4808358787953624
0.2889387479599432	-0.4808453855587618
0.2888748065000544	-0.4808548147223051
0.2888109927704183	-0.4808641662884486
0.2887473066849605	-0.4808734402589568
0.2886837481577760	-0.4808826366353229
0.2886203171031582	-0.4808917554182966
0.2885570134357408	-0.4809007966083095
0.2884938370702022	-0.4809097602053139
0.2884307879214756	-0.4809186462085850
0.2883678659048468	-0.4809274546170736
0.2883050709355997	-0.4809361854292618
0.2882424029293694	-0.4809448386429979
0.2881798618019529	-0.4809534142557063
0.2881174474693652	-0.4809619122643221
0.2880551598478205	-0.4809703326652393
0.2879929988536988	-0.4809786754545308
0.2879309644036189	-0.4809869406275070
0.2878690564144608	-0.4809951281791169
0.2878072748031866	-0.4810032381039286
0.2877456194870195	-0.4810112703958206
0.2876840903834063	-0.4810192250483208
0.2876226874098740	-0.4810271020543778
0.2875614104843353	-0.4810349014064581
0.2875002595247281	-0.4810426230966104
0.2874392344492334	-0.4810502671162838
0.2873783351762821	-0.4810578334565320
0.2873175616243984	-0.4810653221078081
0.2872569137123402	-0.4810727330602252
0.2871963913591861	-0.4810800663032143
0.2871359944839140	-0.4810873218258333
0.2870757230059272	-0.4810944996166440
0.2870155768447175	-0.4811015996636824
0.2869555559199731	-0.4811086219545151
0.2868956601515710	-0.4811155664761467
0.2868358894595545	-0.4811224332151823
0.2867762437641755	-0.4811292221576898
0.2867167229858038	-0.4811359332892788
0.2866573270450828	-0.4811425665949789
0.2865980558627880	-0.4811491220593898
0.2865389093597744	-0.4811555996665838
0.2864798874572510	-0.4811619994001891
0.2864209900764347	-0.4811683212433248
0.2863622171388134	-0.4811745651785390
0.2863035685660090	-0.4811807311880043
0.2862450442798234	-0.4811868192533332
0.2861866442021905	-0.4811928293555626
0.2861283682552650	-0.4811987614754183
0.2860702163613318	-0.4812046155930729
0.2860121884428903	-0.4812103916879967
0.2859542844224833	-0.4812160897394842
0.2858965042229430	-0.4812217097261042
0.2858388477672059	-0.4812272516259919
0.2857813149783373	-0.4812327154169191
0.2857239057796420	-0.4812381010758621
0.2856666200944886	-0.4812434085796257
0.2856094578464667	-0.4812486379042604
0.2855524189593229	-0.4812537890255374
0.2854955033569300	-0.4812588619186158
0.2854387109632652	-0.4812638565580279
0.2853820417025394	-0.4812687729180231
0.2853254954990649	-0.4812736109723479
0.2852690722773145	-0.4812783706941008
0.2852127719619362	-0.4812830520559207
0.2851565944776650	-0.4812876550301130
0.2851005397494093	-0.4812921795882397
0.2850446077022634	-0.4812966257014942
0.2849887982612976	-0.4813009933405493
0.2849331113519660	-0.4813052824757245
0.2848775468997288	-0.4813094930764313
0.2848221048301121	-0.4813136251120481
0.2847667850689403	-0.4813176785511821
0.2847115875420443	-0.4813216533620185
0.2846565121754598	-0.4813255495122206
0.2846015588953092	-0.4813293669689961
0.2845467276279071	-0.4813331056989672
0.2844920182995778	-0.4813367656683050
0.2844374308369495	-0.4813403468426495
0.2843829651666032	-0.4813438491872461
0.2843286212153793	-0.4813472726666564
0.2842743989101460	-0.4813506172450907
0.2842202981779898	-0.4813538828861477
0.2841663189459804	-0.4813570695530299
0.2841124611414640	-0.4813601772083059
0.2840587246918107	-0.4813632058141494
0.2840051095245302	-0.4813661553322092
0.2839516155672422	-0.4813690257235297
0.2838982427477001	-0.4813718169487752
0.2838449909937120	-0.4813745289680140
0.2837918602333489	-0.4813771617409008
0.2837388503946006	-0.4813797152264417
0.2836859614057026	-0.4813821893833036
0.2836331931949533	-0.4813845841694899
0.2835805456907265	-0.4813868995426124
0.2835280188215026	-0.4813891354597232
0.2834756125159792	-0.4813912918773265
0.2834233267028420	-0.4813933687514649
0.2833711613108476	-0.4813953660377361
0.2833191162689820	-0.4813972836909746
0.2832671915062733	-0.4813991216658420
0.2832153869518286	-0.4814008799163245
0.2831637025347977	-0.4814025583957283
0.2831121381845301	-0.4814041570571745
0.2830606938304023	-0.4814056758530483
0.2830093694019322	-0.4814071147352916
0.2829581648286969	-0.4814084736552730
0.2829070800403436	-0.4814097525639982
0.2828561149666310	-0.4814109514117493
0.2828052695373945	-0.4814120701483764
0.2827545436825959	-0.4814131087233200
0.2827039373322172	-0.4814140670853764
0.2826534504163370	-0.4814149451828611
0.2826030828651888	-0.4814157429634742
0.2825528346089430	-0.4814164603746353
0.2825027055779412	-0.4814170973630580
0.2824526957026316	-0.4814176538749248
0.2824028049134295	-0.4814181298560185
0.2823530331409549	-0.4814185252514627
0.2823033803157656	-0.4814188400059747
0.2822538463686101	-0.4814190740636639
0.2822044312302142	-0.4814192273681818
0.2821551348314020	-0.4814192998626556
0.2821059571030690	-0.4814192914896334
0.2820568979761565	-0.4814192021910732
0.2820079573817352	-0.4814190319086577
0.2819591352508107	-0.4814187805833223
0.2819104315146291	-0.4814184481555047
0.2818618461042477	-0.4814180345651206
0.2818133789510326	-0.4814175397517074
0.2817650299862302	-0.4814169636540822
0.2817167991412470	-0.4814163062105392
0.2816686863474475	-0.4814155673589557
0.2816206915363242	-0.4814147470366212
0.2815728146393541	-0.4814138451803563
0.2815250555881241	-0.4814128617262674
0.2814774143142644	-0.4814117966101997
0.2814298907493916	-0.4814106497671924
0.2813824848251552	-0.4814094211319049
0.2813351964733497	-0.4814081106384257
0.2812880256256907	-0.4814067182203787
0.2812409722140604	-0.4814052438107346
0.2811940361702045	-0.4814036873419765
0.2811472174260611	-0.4814020487460256
0.2811005159135374	-0.4814003279542831
0.2810539315645748	-0.4813985248976902
0.2810074643110498	-0.4813966395065352
0.2809611140850644	-0.4813946717105335
0.2809148808186175	-0.4813926214390589
0.2808687644437095	-0.4813904886206579
0.2808227648925221	-0.4813882731836607
0.2807768820970117	-0.4813859750554966
0.2807311159893776	-0.4813835941633811
0.2806854665016995	-0.4813811304337391
0.2806399335661167	-0.4813785837926027
0.2805945171147758	-0.4813759541653949
0.2805492170798908	-0.4813732414769947
0.2805040333935965	-0.4813704456516698
0.2804589659880963	-0.4813675666133458
0.2804140147956061	-0.4813646042850677
0.2803691797482729	-0.4813615585896596
0.2803244607783253	-0.4813584294492648
0.2802798578180113	-0.4813552167852910
0.2802353707994678	-0.4813519205188562
0.2801909996548856	-0.4813485405704924
0.2801467443165732	-0.4813450768600362
0.2801026047166466	-0.4813415293067706
0.2800585807872550	-0.4813378978296788
0.2800146724606308	-0.4813341823468083
0.2799708796689549	-0.4813303827759672
0.2799272023443378	-0.4813264990342050
0.2798836404189170	-0.4813225310380952
0.2798401938248285	-0.4813184787037087
0.2797968624942038	-0.4813143419462838
0.2797536463591463	-0.4813101206808760
0.2797105453515890	-0.4813058148217504
0.2796675594036998	-0.4813014242825845
0.2796246884474467	-0.4812969489766543
0.2795819324147935	-0.4812923888164524
0.2795392912377028	-0.4812877437140743
0.2794967648481573	-0.4812830135809570
0.2794543531779581	-0.4812781983280796
0.2794120561590316	-0.4812732978657621
0.2793698737231167	-0.4812683121036365
0.2793278058020190	-0.4812632409509534
0.2792858523275343	-0.4812580843163125
0.2792440132312783	-0.4812528421078092
0.2792022884449564	-0.4812475142328442
0.2791606779000774	-0.4812421005983721
0.2791191815282834	-0.4812366011104999
0.2790777992610020	-0.4812310156751577
0.2790365310297331	-0.4812253441974045
0.2789953767658268	-0.4812195865819001
0.2789543364005974	-0.4812137427324861
0.2789134098653541	-0.4812078125526095
0.2788725970913034	-0.4812017959450891
0.2788318980095821	-0.4811956928121818
0.2787913125512834	-0.4811895030555310
0.2787508406473348	-0.4811832265761464
0.2787104822287475	-0.4811768632745810
0.2786702372263928	-0.4811704130505401
0.2786301055710668	-0.4811638758035471
0.2785900871933124	-0.4811572514321319
0.2785501820240913	-0.4811505398344540
0.2785103899937074	-0.4811437409080643
0.2784707110327107	-0.4811368545498180
0.2784311450714634	-0.4811298806560395
0.2783916920402472	-0.4811228191225542
0.2783523518692360	-0.4811156698443824
0.2783131244886985	-0.4811084327160853
0.2782740098285726	-0.4811011076316135
0.2782350078186819	-0.4810936944842526
0.2781961183889495	-0.4810861931668097
0.2781573414690461	-0.4810786035712938
0.2781186769886596	-0.4810709255893408
0.2780801248772039	-0.4810631591117698
0.2780416850641467	-0.4810553040290433
0.2780033574787562	-0.4810473602306178
0.2779651420501985	-0.4810393276057803
0.2779270387075795	-0.4810312060430437
0.2778890473796815	-0.4810229954299818
0.2778511679955745	-0.4810146956542083
0.2778134004838149	-0.4810063066022546
0.2777757447729143	-0.4809978281600039
0.2777382007914596	-0.4809892602130471
0.2777007684676194	-0.4809806026461145
0.2776634477297034	-0.4809718553434223
0.2776262385057029	-0.4809630181884718
0.2775891407234360	-0.4809540910642658
0.2775521543108239	-0.4809450738530814
0.2775152791953892	-0.4809359664365773
0.2774785153046032	-0.4809267686958336
0.2774418625659268	-0.4809174805114325
0.2774053209064024	-0.4809081017630714
0.2773688902530418	-0.4808986323299566
0.2773325705326937	-0.4808890720906822
0.2772963616721735	-0.4808794209231613
0.2772602635980236	-0.4808696787047234
0.2772242762365333	-0.4808598453120254
0.2771883995139671	-0.4808499206209995
0.2771526333563760	-0.4808399045072607
0.2771169776896585	-0.4808297968454166
0.2770814324394265	-0.4808195975096412
0.2770459975311990	-0.4808093063733858
0.2770106728904140	-0.4807989233095191
0.2769754584421945	-0.4807884481903070
0.2769403541114761	-0.4807778808874067
0.2769053598229793	-0.4807672212713779
0.2768704755014877	-0.4807564692128150
0.2768357010712008	-0.4807456245812458
0.2768010364564010	-0.4807346872456942
0.2767664815809942	-0.4807236570745082
0.2767320363688767	-0.4807125339352257
0.2766977007436611	-0.4807013176950860
0.2766634746285880	-0.4806900082202977
0.2766293579469142	-0.4806786053767407
0.2765953506215374	-0.4806671090293865
0.2765614525752073	-0.4806555190426755
0.2765276637303843	-0.4806438352803611
0.2764939840094486	-0.4806320576055448
0.2764604133343613	-0.4806201858807500
0.2764269516269013	-0.4806082199675400
0.2763935988088048	-0.4805961597270934
0.2763603548014131	-0.4805840050201194
0.2763272195257260	-0.4805717557059917
0.2762941929025536	-0.4805594116441677
0.2762612748527556	-0.4805469726929685
0.2762284652964959	-0.4805344387101645
0.2761957641539614	-0.4805218095528680
0.2761631713450717	-0.4805090850775277
0.2761306867892990	-0.4804962651397899
0.2760983104060996	-0.4804833495949124
0.2760660421144584	-0.4804703382973068
0.2760338818332760	-0.4804572311005403
0.2760018294809998	-0.4804440278577871
0.2759698849758948	-0.4804307284214026
0.2759380482359328	-0.4804173326430975
0.2759063191788740	-0.4804038403737577
0.2758746977220308	-0.4803902514639611
0.2758431837826006	-0.4803765657630387
0.2758117772772805	-0.4803627831202077
0.2757804781226877	-0.4803489033834740
0.2757492862350696	-0.4803349264006902
0.2757182015303112	-0.4803208520186308
0.2756872239238861	-0.4803066800834057
0.2756563533313330	-0.4802924104405675
0.2756255896674674	-0.4802780429348169
0.2755949328470070	-0.4802635774104383
0.2755643827843127	-0.4802490137107248
0.2755339393934302	-0.4802343516784580
0.2755036025878123	-0.4802195911556052
0.2754733722811206	-0.4802047319835095
0.2754432483861732	-0.4801897740025194
0.2754132308158087	-0.4801747170529719
0.2753833194821337	-0.4801595609736851
0.2753535142972973	-0.4801443056033625
0.2753238151728433	-0.4801289507796649
0.2752942220201243	-0.4801134963396902
0.2752647347498794	-0.4800979421198339
0.2752353532729152	-0.4800822879555904
0.2752060774990476	-0.4800665336820789
0.2751769073384701	-0.4800506791334709
0.2751478427003369	-0.4800347241430666
0.2751188834937840	-0.4800186685438535
0.2750900296274312	-0.4800025121676806
0.2750612810095690	-0.4799862548462161
0.2750326375480923	-0.4799698964096799
0.2750040991504922	-0.4799534366883215
0.2749756657237052	-0.4799368755110474
0.2749473371746762	-0.4799202127063945
0.2749191134094087	-0.4799034481020470
0.2748909943337024	-0.4798865815248275
0.2748629798532508	-0.4798696128012469
0.2748350698728759	-0.4798525417567724
0.2748072642973052	-0.4798353682160801
0.2747795630304130	-0.4798180920033184
0.2747519659760346	-0.4798007129416615
0.2747244730376363	-0.4797832308537853
0.2746970841177257	-0.4797656455614990
0.2746697991189170	-0.4797479568859579
0.2746426179429359	-0.4797301646474035
0.2746155404912478	-0.4797122686655044
0.2745885666650028	-0.4796942687592100
0.2745616963647073	-0.4796761647464341
0.2745349294901702	-0.4796579564448412
0.2745082659411198	-0.4796396436707859
0.2744817056167043	-0.4796212262402283
0.2744552484154514	-0.4796027039683922
0.2744288942354698	-0.4795840766696746
0.2744026429743467	-0.4795653441573893
0.2743764945291232	-0.4795465062446992
0.2743504487966381	-0.4795275627439265
0.2743245056727295	-0.4795085134659612
0.2742986650530333	-0.4794893582215370
0.2742729268327325	-0.4794700968206032
0.2742472909061088	-0.4794507290721527
0.2742217571673297	-0.4794312547846231
0.2741963255097547	-0.4794116737653533
0.2741709958264075	-0.4793919858212241
0.2741457680095705	-0.4793721907584671
0.2741206419508965	-0.4793522883820656
0.2740956175417864	-0.4793322784965504
0.2740706946729692	-0.4793121609055947
0.2740458732345285	-0.4792919354124135
0.2740211531158696	-0.4792716018190366
0.2739965342060945	-0.4792511599266293
0.2739720163934814	-0.4792306095360356
0.2739475995658201	-0.4792099504472065
0.2739232836103854	-0.4791891824591017
0.2738990684135531	-0.4791683053700321
0.2738749538615916	-0.4791473189774174
0.2738509398395139	-0.4791262230781796
0.2738270262323283	-0.4791050174682330
0.2738032129241695	-0.4790837019425321
0.2737794997981824	-0.4790622762958085
0.2737558867375782	-0.4790407403213374
0.2737323736244599	-0.4790190938123588
0.2737089603403003	-0.4789973365606016
0.2736856467659112	-0.4789754683572017
0.2736624327817032	-0.4789534889928600
0.2736393182671639	-0.4789313982571641
0.2736163031015090	-0.4789091959391885
0.2735933871622735	-0.4788868818266389
0.2735705703275300	-0.4788644557071946
0.2735478524740126	-0.4788419173669851
0.2735252334777304	-0.4788192665920717
0.2735027132143448	-0.4787965031671111
0.2734802915583963	-0.4787736268764708
0.2734579683840677	-0.4787506375031094
0.2734357435643569	-0.4787275348297427
0.2734136169721263	-0.4787043186383480
0.2733915884791937	-0.4786809887094784
0.2733696579564663	-0.4786575448231003
0.2733478252740173	-0.4786339867588817
0.2733260903019373	-0.4786103142955166
0.2733044529090158	-0.4785865272102403
0.2732829129629981	-0.4785626252803651
0.2732614703312947	-0.4785386082814361
0.2732401248802860	-0.4785144759893785
0.2732188764759834	-0.4784902281783390
0.2731977249828081	-0.4784658646220215
0.2731766702655019	-0.4784413850932738
0.2731557121865769	-0.4784167893642737
0.2731348506090450	-0.4783920772064881
0.2731140853942418	-0.4783672483898916
0.2730934164031503	-0.4783423026842969
0.2730728434955466	-0.4783172398586620
0.2730523665309680	-0.4782920596807767
0.2730319853672806	-0.4782667619182846
0.2730116998617955	-0.4782413463368260
0.2729915098715880	-0.4782158127023613
0.2729714152517608	-0.4781901607796213
0.2729514158574349	-0.4781643903330210
0.2729315115423688	-0.4781385011251290
0.2729117021594829	-0.4781124929186821
0.2728919875608355	-0.4780863654743373
0.2728723675979569	-0.4780601185536037
0.2728528421205389	-0.4780337519163962
0.2728334109779833	-0.4780072653208924
0.2728140740188815	-0.4779806585261943
0.2727948310908089	-0.4779539312892787
0.2727756820398329	-0.4779270833672083
0.2727566267115634	-0.4779001145148860
0.2727376649507068	-0.4778730244883018
0.2727187966007855	-0.4778458130412229
0.2727000215040474	-0.4778184799262956
0.2726813395024053	-0.4777910248970161
0.2726627504364127	-0.4777634477047774
0.2726442541449728	-0.4777357481001173
0.2726258504677432	-0.4777079258329889
0.2726075392411776	-0.4776799806536866
0.2725893203026560	-0.4776519123095209
0.2725711934870579	-0.4776237205486374
0.2725531586284680	-0.4775954051176736
0.2725352155606947	-0.4775669657624876
0.2725173641159320	-0.4775384022283675
0.2724996041249342	-0.4775097142598558
0.2724819354182674	-0.4774809015995188
0.2724643578245254	-0.4774519639916217
0.2724468711714852	-0.4774229011770122
0.2724294752863708	-0.4773937128969483
0.2724121700612040	-0.4773643988181820
0.2723949551194696	-0.4773349589003346
0.2723778304857865	-0.4773053926623880
0.2723607959153139	-0.4772756999149244
0.2723438512287077	-0.4772458803951056
0.2723269962460597	-0.4772159338391787
0.2723102307859697	-0.4771858599832062
0.2722935546660507	-0.4771556585604873
0.2722769677021187	-0.4771253293056686
0.2722604697092147	-0.4770948719517019
0.2722440605015233	-0.4770642862298175
0.2722277398909894	-0.4770335718723073
0.2722115076902815	-0.4770027286099587
0.2721953637076112	-0.4769717561713231
0.2721793077533500	-0.4769406542871055
0.2721633396335490	-0.4769094226836985
0.2721474591563063	-0.4768780610889435
0.2721316661246249	-0.4768465692299321
0.2721159603436645	-0.4768149468316305
0.2721003416151189	-0.4767831936194902
0.2720848097400423	-0.4767513093178976
0.2720693645176774	-0.4767192936495936
0.2720540057470442	-0.4766871463371712
0.2720387332252535	-0.4766548671032971
0.2720235467470434	-0.4766224556679377
0.2720084461071524	-0.4765899117509330
0.2719934310985824	-0.4765572350735600
0.2719785015123207	-0.4765244253525767
0.2719636571385245	-0.4764914823072446
0.2719488977664618	-0.4764584056530915
0.2719342231823063	-0.4764251951083671
0.2719196331721195	-0.4763918503865501
0.2719051275199262	-0.4763583712044695
0.2718907060088377	-0.4763247572743105
0.2718763684213529	-0.4762910083101847
0.2718621145352800	-0.4762571240246351
0.2718479441291445	-0.4762231041285020
0.2718338569810216	-0.4761889483336688
0.2718198528658362	-0.4761546563503438
0.2718059315562121	-0.4761202278874493
0.2717920928248068	-0.4760856626542536
0.2717783364436452	-0.4760509603576680
0.2717646621806660	-0.4760161207057795
0.2717510698030708	-0.4759811434049526
0.2717375590765740	-0.4759460281603479
0.2717241297664336	-0.4759107746769249
0.2717107816340867	-0.4758753826610369
0.2716975144422888	-0.4758398518135321
0.2716843279492273	-0.4758041818368441
0.2716712219121691	-0.4757683724359304
0.2716581960870635	-0.4757324233099746
0.2716452502303116	-0.4756963341609218
0.2716323840919991	-0.4756601046878795
0.2716195974244089	-0.4756237345898729
0.2716068899758710	-0.4755872235659261
0.2715942614957714	-0.4755505713134837
0.2715817117273768	-0.4755137775306680
0.2715692404158004	-0.4754768419130298
0.2715568473032155	-0.4754397641563296
0.2715445321297150	-0.4754025439558985
0.2715322946347942	-0.4753651810064137
0.2715201345533129	-0.4753276750017472
0.2715080516221808	-0.4752900256346554
0.2714960455744989	-0.4752522325961688
0.2714841161397353	-0.4752142955810766
0.2714722630482702	-0.4751762142787110
0.2714604860275219	-0.4751379883794748
0.2714487848040042	-0.4750996175739520
0.2714371590991609	-0.4750611015509282
0.2714256086366643	-0.4750224399987075
0.2714141331006311	-0.4749836327804959
0.2714027323134036	-0.4749446790607296
0.2713914058861284	-0.4749055790472853
0.2713801535677515	-0.4748663322549298
0.2713689750706424	-0.4748269383664374
0.2713578701058235	-0.4747873970684401
0.2713468383791288	-0.4747477080450118
0.2713358795962145	-0.4747078709803922
0.2713249934601294	-0.4746678855573673
0.2713141796765751	-0.4746277514593176
0.2713034383049717	-0.4745874684613080
0.2712927679532228	-0.4745470359631453
0.2712821694078749	-0.4745064539280992
0.2712716419979198	-0.4744657219427658
0.2712611854124662	-0.4744248396885840
0.2712507993436630	-0.4743838068435192
0.2712404834806352	-0.4743426230877473
0.2712302375029561	-0.4743012880960932
0.2712200610942438	-0.4742598015518356
0.2712099539337508	-0.4742181631304134
0.2711999157016755	-0.4741763725076720
0.2711899460717341	-0.4741344293616914
0.2711800447198560	-0.4740923333694180
0.2711702113152074	-0.4740500842044181
0.2711604455262636	-0.4740076815439749
0.2711507470216219	-0.4739651250612025
0.2711411154618115	-0.4739224144317405
0.2711315505118551	-0.4738795493288376
0.2711220518287232	-0.4738365294272580
0.2711126190744907	-0.4737933544007731
0.2711032521496444	-0.4737500243578078
0.2710939508164677	-0.4737065371887655
0.2710847128913856	-0.4736628952903342
0.2710755403605086	-0.4736190964851028
0.2710664320003551	-0.4735751409172247
0.2710573874605456	-0.4735310282534667
0.2710484063735665	-0.4734867581678222
0.2710394883881480	-0.4734423303332326
0.2710306331257591	-0.4733977444105483
0.2710218402271427	-0.4733530000838347
0.2710131096079715	-0.4733080968770145
0.2710044400315275	-0.4732630348702848
0.2709958319853741	-0.4732178133256273
0.2709872848047686	-0.4731724320461392
0.2709787981105947	-0.4731268907069105
0.2709703715189092	-0.4730811889695645
0.2709620046401673	-0.4730353265048091
0.2709536970919180	-0.4729893029811043
0.2709454484743104	-0.4729431180698358
0.2709372584085136	-0.4728967714367057
0.2709291267572988	-0.4728502624364888
0.2709210523012568	-0.4728035916759683
0.2709130354650745	-0.4727567578861130
0.2709050755679248	-0.4727097610439743
0.2708971722029198	-0.4726626008222898
0.2708893249600248	-0.4726152768880166
0.2708815334229849	-0.4725677888987760
0.2708737971781398	-0.4725201365368363
0.2708661158045920	-0.4724723194655644
0.2708584888779408	-0.4724243373520627
0.2708509168340350	-0.4723761897983505
0.2708433966820123	-0.4723278766579528
0.2708359305508263	-0.4722793974185501
0.2708285171510853	-0.4722307518085169
0.2708211560512426	-0.4721819394925501
0.2708138468057641	-0.4721329601414505
0.2708065889814248	-0.4720838134310240
0.2707993821169548	-0.4720344990130148
0.2707922257752097	-0.4719850165708180
0.2707851195074313	-0.4719353657696660
0.2707780642512223	-0.4718855459064090
0.2707710567586549	-0.4718355578400658
0.2707640965463660	-0.4717853998994754
0.2707571859771800	-0.4717350723535117
0.2707503231724070	-0.4716845747984055
0.2707435076595548	-0.4716339069062069
0.2707367389590838	-0.4715830683476481
0.2707300166301300	-0.4715320587894641
0.2707233401366763	-0.4714808778988434
0.2707167090395198	-0.4714295253602240
0.2707101223610711	-0.4713780014229432
0.2707035842978553	-0.4713263022751135
0.2706970831613445	-0.4712744345738720
0.2706906286934093	-0.4712223921631092
0.2706842171466597	-0.4711701764669087
0.2706778480141440	-0.4711177871741722
0.2706715207873437	-0.4710652239396417
0.2706652349619618	-0.4710124864573635
0.2706589900372959	-0.4709595743949094
0.2706527917979208	-0.4709064892416730
0.2706466210804034	-0.4708532265893412
0.2706404995860691	-0.4707997873424660
0.2706344108820448	-0.4707461755906512
0.2706283605123266	-0.4706923842064807
0.2706223545147881	-0.4706384218996720
0.2706163766048725	-0.4705842748936171
0.2706104398985443	-0.4705299546877401
0.2706045393479646	-0.4704754570437213
0.2705986743270413	-0.4704207816417169
0.2705928515758695	-0.4703659292650902
0.2705870495336672	-0.4703108965208717
0.2705812899186680	-0.4702556875779028
0.2705755676203642	-0.4702002949710344
0.2705698718475385	-0.4701447234117494
0.2705642003626887	-0.4700889787832156
0.2705585687731011	-0.4700330503422320
0.2705529682533349	-0.4699769416389981
0.2705473982349814	-0.4699206524404393
0.2705418581238246	-0.4698641823719786
0.2705363476630158	-0.4698075301951396
0.2705308652539383	-0.4697506995022194
0.2705254173886979	-0.4696936836149309
0.2705199949007745	-0.4696364857493091
0.2705145968286140	-0.4695791070201173
0.2705092124291133	-0.4695215473272288
0.2705038801534989	-0.4694638034140596
0.2704985427741498	-0.4694058753511206
0.2704932450226043	-0.4693477642273557
0.2704879911515690	-0.4692894645405489
0.2704827119108257	-0.4692309943409942
0.2704774956180798	-0.4691723240294328
0.2704722981634620	-0.4691134754029947
0.2704671182775877	-0.4690544378010792
0.2704619567134837	-0.4689952210384024
0.2704568222608110	-0.4689358287154963
0.2704516754040653	-0.4688762216848071
0.2704465624938066	-0.4688164564453262
0.2704414766270765	-0.4687564968984367
0.2704364065797000	-0.4686963484440724
0.2704313551609315	-0.4686359923196428
0.2704263138754934	-0.4685754926186572
0.2704212923132890	-0.4685147742446995
0.2704162986615722	-0.4684538858669223
0.2704113252868085	-0.4683927838154380
0.2704063356105625	-0.4683315314112496
0.2704013528090951	-0.4682700638026827
0.2703964134182585	-0.4682084119311942
0.2703914916598587	-0.4681465618936538
0.2703865200904284	-0.4680845424913633
0.2703816109452106	-0.4680223197377339
0.2703766853894998	-0.4679599179486533
0.2703717603752027	-0.4678973391808516
0.2703668864503717	-0.4678345415476356
0.2703620078339347	-0.4677715513284151
0.2703571317338238	-0.4677083996964046
0.2703522688572836	-0.4676449647477448
0.2703474157132764	-0.4675814572417069
0.2703425281448007	-0.4675177861074108
0.2703376548971318	-0.4674537597935985
0.2703327834272362	-0.4673896518315356
0.2703278995074785	-0.4673253493617552
0.2703230499533027	-0.4672608348538875
0.2703181958746350	-0.4671961249183119
0.2703133626993398	-0.4671312741501341
0.2703084789232383	-0.4670661450288131
0.2703036682708073	-0.4670008815297796
0.2702987821977058	-0.4669354052596666
0.2702939991599137	-0.4668697727810782
0.2702890359152800	-0.4668037958122446
0.2702841464267024	-0.4667378095685828
0.2702792562095001	-0.4666715708701635
0.2702743451285262	-0.4666051134325250
0.2702694976049403	-0.4665384939413273
0.2702645896710627	-0.4664716809535774
0.2702597205371514	-0.4664046233871010
0.2702547842223614	-0.4663374298682048
0.2702499223299920	-0.4662700304156516
0.2702448576296813	-0.4662024558976385
0.2702399366116243	-0.4661344862576253
0.2702349237967977	-0.4660665923855246
0.2702299913382478	-0.4659983699932528
0.2702249800341047	-0.4659300235597963
0.2702200565800163	-0.4658613874585471
0.2702149106051995	-0.4657925952311164
0.2702098542252527	-0.4657236315346959
0.2702047676228327	-0.4656544799164005
0.2701996006784766	-0.4655850012517723
0.2701946625702502	-0.4655154739276539
0.2701896741401660	-0.4654458852378685
0.2701844404514956	-0.4653757394063743
0.2701792042007911	-0.4653056059721639
0.2701739904975428	-0.4652352888357607
0.2701688959035771	-0.4651647468305363
0.2701636364951255	-0.4650939622314230
0.2701584286788544	-0.4650231601109997
0.2701530623480945	-0.4649521554690329
0.2701476828854097	-0.4648803330842252
0.2701424562131603	-0.4648089603769054
0.2701372912447665	-0.4647370506462674
0.2701317169223941	-0.4646654306365873
0.2701262022585794	-0.4645931965816665
0.2701207793481097	-0.4645208743148599
0.2701150955588056	-0.4644483200211135
0.2701098198646782	-0.4643755689837785
0.2701042878694438	-0.4643028312845353
0.2700985227186711	-0.4642294930353911
0.2700924491127508	-0.4641560783774212
0.2700871128197194	-0.4640823949578337
0.2700815277540035	-0.4640090023221605
0.2700757101982006	-0.4639351096527452
0.2700699535394699	-0.4638609413899438
0.2700641928221124	-0.4637865871394775
0.2700583197015147	-0.4637120262804470
0.2700523904320228	-0.4636374124419838
0.2700464363410453	-0.4635625795022239
0.2700402265012070	-0.4634871170515912
0.2700344821223302	-0.4634127177846020
0.2700280466930622	-0.4633369131249240
0.2700221938086365	-0.4632611452407044
0.2700158254905131	-0.4631851687283766
0.2700098639251837	-0.4631089689491003
0.2700035553874589	-0.4630327737831104
0.2699967444424238	-0.4629560240933386
0.2699904841486556	-0.4628797895460627
0.2699846506154934	-0.4628031994083587
0.2699775664571513	-0.4627250713459226
0.2699705716842654	-0.4626481538560435
0.2699662888010225	-0.4625712535845939
0.2699575742020677	-0.4624934752792949
0.2699515614822660	-0.4624149502236296
0.2699444210369052	-0.4623293703897687
0.2699372805915444	-0.4622437905559080
0.2699310137160742	-0.4621807863320327
0.2699237270260582	-0.4621017753562093
0.2699172454597431	-0.4620230842209842
0.2699102881729998	-0.4619435709338511
0.2699018586592989	-0.4618639835316479
0.2698958353386094	-0.4617859560815506
0.2698862667589087	-0.4617050135463651
0.2698872974740189	-0.4616447317188825
0.2698801570286581	-0.4615591518850217
0.2698730165832973	-0.4614735720511610
0.2698658761379366	-0.4613879922173002
0.2698587356925757	-0.4613024123834394
0.2698515952472150	-0.4612168325495787
0.2698444548018542	-0.4611312527157179
0.2698373143564934	-0.4610456728818570
0.2698301739111326	-0.4609600930479963
0.2698230334657718	-0.4608745132141355
0.2698230334657718	-0.4608745132141355
0.2698158930204110	-0.4607889333802747
0.2698087525750502	-0.4607033535464140
0.2698016121296894	-0.4606177737125532
0.2697944716843287	-0.4605321938786924
0.2697873312389679	-0.4604466140448317
0.2697801907936070	-0.4603610342109709
0.2697730503482463	-0.4602754543771101
0.2697659099028855	-0.4601898745432493
0.2697587694575247	-0.4601042947093885
0.2697587694575247	-0.4601042947093885
0.2697516290121639	-0.4600187148755277
0.2697444885668031	-0.4599331350416669
0.2697373481214423	-0.4598475552078062
0.2697302076760815	-0.4597619753739454
0.2697230672307208	-0.4596763955400846
0.2697159267853599	-0.4595908157062238
0.2697087863399992	-0.4595052358723631
0.2697016458946384	-0.4594196560385023
0.2696945054492776	-0.4593340762046415
0.2696945054492776	-0.4593340762046415
0.2696873650039168	-0.4592484963707807
0.2696802245585560	-0.4591629165369200
0.2696730841131952	-0.4590773367030592
0.2696659436678345	-0.4589917568691984
0.2696588032224737	-0.4589061770353376
0.2696516627771128	-0.4588205972014768
0.2696445223317521	-0.4587350173676160
0.2696373818863913	-0.4586494375337553
0.2696302414410305	-0.4585638576998945
0.2696302414410305	-0.4585638576998945
0.2696231009956697	-0.4584782778660337
0.2696159605503089	-0.4583926980321729
0.2696088201049481	-0.4583071181983122
0.2696016796595873	-0.4582215383644514
0.2695945392142265	-0.4581359585305906
0.2695873987688657	-0.4580503786967298
0.2695802583235050	-0.4579647988628691
0.2695731178781441	-0.4578792190290082
0.2695659774327834	-0.4577936391951475
0.2695659774327834	-0.4577936391951475
0.2695588369874226	-0.4577080593612867
0.2695516965420618	-0.4576224795274259
0.2695445560967010	-0.4575368996935651
0.2695374156513402	-0.4574513198597043
0.2695302752059794	-0.4573657400258436
0.2695231347606186	-0.4572801601919828
0.2695159943152579	-0.4571945803581220
0.2695088538698970	-0.4571090005242612
0.2695017134245363	-0.4570234206904005
0.2695017134245363	-0.4570234206904005
0.2694945729791755	-0.4569378408565397
0.2694874325338147	-0.4568522610226790
0.2694802920884539	-0.4567666811888181
0.2694731516430931	-0.4566811013549573
0.2694660111977323	-0.4565955215210966
0.2694588707523715	-0.4565099416872358
0.2694517303070108	-0.4564243618533750
0.2694445898616499	-0.4563387820195143
0.2694374494162892	-0.4562532021856535
0.2694374494162892	-0.4562532021856535
0.2694303089709283	-0.4561676223517926
0.2694231685255676	-0.4560820425179319
0.2694160280802068	-0.4559964626840711
0.2694088876348460	-0.4559108828502104
0.2694017471894852	-0.4558253030163496
0.2693946067441244	-0.4557397231824888
0.2693874662987636	-0.4556541433486280
0.2693803258534028	-0.4555685635147672
0.2693731854080421	-0.4554829836809065
0.2693731854080421	-0.4554829836809065
0.2693660449626812	-0.4553974038470456
0.2693589045173205	-0.4553118240131849
0.2693517640719597	-0.4552262441793241
0.2693446236265989	-0.4551406643454633
0.2693374831812381	-0.4550550845116025
0.2693303427358773	-0.4549695046777418
0.2693232022905165	-0.4548839248438810
0.2693160618451557	-0.4547983450100202
0.2693089213997950	-0.4547127651761594
0.2693089213997950	-0.4547127651761594
0.2693017809544341	-0.4546271853422986
0.2692946405090734	-0.4545416055084379
0.2692875000637126	-0.4544560256745771
0.2692803596183518	-0.4543704458407163
0.2692732191729910	-0.4542848660068556
0.2692660787276302	-0.4541992861729948
0.2692589382822694	-0.4541137063391339
0.2692517978369087	-0.4540281265052732
0.2692446573915478	-0.4539425466714124
0.2692446573915478	-0.4539425466714124
0.2692375169461870	-0.4538569668375516
0.2692303765008263	-0.4537713870036909
0.2692232360554655	-0.4536858071698301
0.2692160956101047	-0.4536002273359693
0.2692089551647439	-0.4535146475021086
0.2692018147193831	-0.4534290676682478
0.2691946742740223	-0.4533434878343870
0.2691875338286616	-0.4532579080005262
0.2691803933833007	-0.4531723281666654
0.2691803933833007	-0.4531723281666654
0.2691732529379400	-0.4530867483328047
0.2691661124925792	-0.4530011684989439
0.2691589720472183	-0.4529155886650831
0.2691518316018576	-0.4528300088312223
0.2691446911564968	-0.4527444289973615
0.2691375507111360	-0.4526588491635007
0.2691304102657752	-0.4525732693296399
0.2691232753185451	-0.4524876957693402
0.2691161295776740	-0.4524021100291670
