0.5516849007788717	-0.4790927509665821
0.5514486642290916	-0.4791168856969619
0.5512126612496221	-0.4791409456801190
0.5509768914126491	-0.4791649310997403
0.5507413542906261	-0.4791888421383470
0.5505060494583895	-0.4792126789782537
0.5502709764916015	-0.4792364418008903
0.5500361349665226	-0.4792601307864989
0.5498015244622370	-0.4792837461175187
0.5495671445569599	-0.4793072879708196
0.5493329948307845	-0.4793307565277019
0.5490990748653956	-0.4793541519656981
0.5488653842432658	-0.4793774744628133
0.5486319225494575	-0.4794007241981154
0.5483986893659047	-0.4794239013456314
0.5481656842808855	-0.4794470060831890
0.5479329068815051	-0.4794700385868205
0.5477003567550449	-0.4794929990316093
0.5474680334909305	-0.4795158875913391
0.5472359366806389	-0.4795387044407008
0.5470040659148447	-0.4795614497524346
0.5467724207871096	-0.4795841237004435
0.5465410008897644	-0.4796067264565519
0.5463098058193259	-0.4796292581914264
0.5460788351714891	-0.4796517190783456
0.5458480885430393	-0.4796741092865813
0.5456175655317179	-0.4796964289865526
0.5453872657377250	-0.4797186783484672
0.5451571887614873	-0.4797408575402924
0.5449273342036497	-0.4797629667313632
0.5446977016670828	-0.4797850060890678
0.5444682907560742	-0.4798069757814282
0.5442391010752518	-0.4798288759750410
0.5440101322291085	-0.4798507068358794
0.5437813838250063	-0.4798724685301051
0.5435528554717698	-0.4798941612231402
0.5433245467779013	-0.4799157850790376
0.5430964573521520	-0.4799373402641740
0.5428685868069749	-0.4799588269393463
0.5426409347539954	-0.4799802452703139
0.5424135008059554	-0.4800015954176894
0.5421862845774944	-0.4800228775449514
0.5419592856843475	-0.4800440918134253
0.5417325037406082	-0.4800652383831411
0.5415059383658566	-0.4800863174182611
0.5412795891766463	-0.4801073290749316
0.5410534557923377	-0.4801282735138278
0.5408275378335967	-0.4801491508943064
0.5406018349225840	-0.4801699613778003
0.5403763466799747	-0.4801907051165209
0.5401510727301831	-0.4802113822733117
0.5399260126967526	-0.4802319930032781
0.5397011662057237	-0.4802525374625756
0.5394765328821532	-0.4802730158090620
0.5392521123542336	-0.4802934281966194
0.5390279042499373	-0.4803137747808626
0.5388039081978615	-0.4803340557173579
0.5385801238295044	-0.4803542711594986
0.5383565507748185	-0.4803744212608596
0.5381331886658869	-0.4803945061752968
0.5379100371367335	-0.4804145260543561
0.5376870958203359	-0.4804344810524511
0.5374643643523460	-0.4804543713194156
0.5372418423679494	-0.4804741970073439
0.5370195295052632	-0.4804939582671113
0.5367974254013350	-0.4805136552492366
0.5365755296953990	-0.4805332881032576
0.5363538420254994	-0.4805528569789094
0.5361323620347861	-0.4805723620252798
0.5359110893636859	-0.4805918033904481
0.5356900236543641	-0.4806111812226775
0.5354691645505122	-0.4806304956697769
0.5352485116965624	-0.4806497468789134
0.5350280647394317	-0.4806689349966968
0.5348078233217547	-0.4806880601711351
0.5345877870931517	-0.4807071225421496
0.5343679557015029	-0.4807261222616696
0.5341483287951395	-0.4807450594714915
0.5339289060223568	-0.4807639343153420
0.5337096870400468	-0.4807827469431852
0.5334906714941566	-0.4808014974911994
0.5332718590371381	-0.4808201861047759
0.5330532493252642	-0.4808388129280176
0.5328348420110626	-0.4808573781013176
0.5326166367508692	-0.4808758817684111
0.5323986331994741	-0.4808943240687047
0.5321808310149475	-0.4809127051447802
0.5319632298547347	-0.4809310251369607
0.5317458293779027	-0.4809492841846261
0.5315286292426494	-0.4809674824270556
0.5313116291120171	-0.4809856200053605
0.5310948286454830	-0.4810036970562324
0.5308782275057741	-0.4810217137196995
0.5306618253560285	-0.4810396701310722
0.5304456218591623	-0.4810575664300841
0.5302296166758386	-0.4810754027555018
0.5300138094861627	-0.4810931792437141
0.5297981999435069	-0.4811108960268555
0.5295827877173093	-0.4811285532439237
0.5293675724780860	-0.4811461510293017
0.5291525538931887	-0.4811636895190992
0.5289377316333026	-0.4811811688475960
0.5287231053685952	-0.4811985891489913
0.5285086747713458	-0.4812159505567352
0.5282944395149964	-0.4812332532035573
0.5280803992652321	-0.4812504972257560
0.5278665537088520	-0.4812676827562401
0.5276529025096860	-0.4812848099169214
0.5274394453482053	-0.4813018788469628
0.5272261819046110	-0.4813188896893443
0.5270131118410850	-0.4813358425561967
0.5268002348517314	-0.4813527375874149
0.5265875506092682	-0.4813695749123950
0.5263750587926590	-0.4813863546598094
0.5261627590842712	-0.4814030769592488
0.5259506511647697	-0.4814197419405388
0.5257387347091060	-0.4814363497394138
0.5255270094226234	-0.4814529004677822
0.5253154749564229	-0.4814693942609399
0.5251041310204922	-0.4814858312551391
0.5248929772886269	-0.4815022115686478
0.5246820134492785	-0.4815185353300963
0.5244712391887530	-0.4815348026662493
0.5242606541949711	-0.4815510137021108
0.5240502581546037	-0.4815671685689320
0.5238400507620820	-0.4815832673814442
0.5236300317010768	-0.4815993102750205
0.5234202006608338	-0.4816152973634115
0.5232105573399568	-0.4816312287816424
0.5230011014243189	-0.4816471046491873
0.5227918326133517	-0.4816629250874043
0.5225827505930030	-0.4816786902218999
0.5223738550623183	-0.4816944001746381
0.5221651457158057	-0.4817100550695873
0.5219566222482528	-0.4817256550245538
0.5217482843582095	-0.4817412001656965
0.5215401317314670	-0.4817566906155210
0.5213321640850398	-0.4817721264891609
0.5211243811016473	-0.4817875079137639
0.5209167825061387	-0.4818028349985374
0.5207093679678374	-0.4818181078655568
0.5205021372026806	-0.4818333266464476
0.5202950899088731	-0.4818484914526994
0.5200882257891878	-0.4818636024049606
0.5198815445512351	-0.4818786596191574
0.5196750458952178	-0.4818936632156477
0.5194687295301490	-0.4819086133082466
0.5192625951493886	-0.4819235100195680
0.5190566424720572	-0.4819383534526890
0.5188508711969422	-0.4819531437495451
0.5186452810302892	-0.4819678810173184
0.5184398716894126	-0.4819825653600904
0.5182346428769380	-0.4819971969016182
0.5180295943038422	-0.4820117757571196
0.5178247256820051	-0.4820263020425072
0.5176200367244304	-0.4820407758700226
0.5174155271297700	-0.4820551973441867
0.5172111966164727	-0.4820695666118068
0.5170070449187464	-0.4820838837520232
0.5168030717153256	-0.4820981488805144
0.5165992767443538	-0.4821123621460143
0.5163956597130949	-0.4821265236235838
0.5161922203387157	-0.4821406334389224
0.5159889583362154	-0.4821546917032689
0.5157858734216295	-0.4821686985281852
0.5155829653258738	-0.4821826540253480
0.5153802337498996	-0.4821965583083275
0.5151776784181978	-0.4822104114846876
0.5149752990508165	-0.4822242136613872
0.5147730953663744	-0.4822379649569828
0.5145710670914712	-0.4822516654730904
0.5143692139464204	-0.4822653153264922
0.5141675356531165	-0.4822789146238660
0.5139660319326832	-0.4822924634707105
0.5137647025091902	-0.4823059619816200
0.5135635471112514	-0.4823194102620841
0.5133625654675966	-0.4823328084131694
0.5131617572801674	-0.4823461565612194
0.5129611223116096	-0.4823594547858304
0.5127606602535822	-0.4823727032099084
0.5125603708601220	-0.4823859019579183
0.5123602538471201	-0.4823990511077611
0.5121603089447474	-0.4824121507757950
0.5119605358828839	-0.4824252010677865
0.5117609343976185	-0.4824382020885031
0.5115615042083748	-0.4824511539503602
0.5113622450505964	-0.4824640567432686
0.5111631566767764	-0.4824769105896591
0.5109642387820037	-0.4824897155685192
0.5107654911192344	-0.4825024718209672
0.5105669134290495	-0.4825151794118498
0.5103685054384175	-0.4825278384698112
0.5101702668829522	-0.4825404490916007
0.5099721974994864	-0.4825530113792477
0.5097742970234085	-0.4825655254343628
0.5095765651917684	-0.4825779913639111
0.5093790017448118	-0.4825904092527445
0.5091816064173941	-0.4826027792258528
0.5089843789357680	-0.4826151013877588
0.5087873190895212	-0.4826273757997659
0.5085904265522374	-0.4826396026074352
0.5083937011034131	-0.4826517818883553
0.5081971424735440	-0.4826639137483535
0.5080007504104328	-0.4826759982872894
0.5078045246519886	-0.4826880356014795
0.5076084649390940	-0.4827000257929635
0.5074125710191714	-0.4827119689601866
0.5072168426326924	-0.4827238652063534
0.5070212795256227	-0.4827357146319585
0.5068258814617015	-0.4827475173109390
0.5066306481640104	-0.4827592733881116
0.5064355793819608	-0.4827709829182040
0.5062406748662356	-0.4827826460161466
0.5060459343645920	-0.4827942627745948
0.5058513576239797	-0.4828058332921481
0.5056569444036909	-0.4828173576721808
0.5054626944383112	-0.4828288360004955
0.5052686074751755	-0.4828402683886027
0.5050746832767802	-0.4828516549064124
0.5048809215996727	-0.4828629956502542
0.5046873221818632	-0.4828742907662921
0.5044938847812872	-0.4828855402966035
0.5043006091488392	-0.4828967443527552
0.5041074950415938	-0.4829079030292475
0.5039145422094427	-0.4829190164256520
0.5037217504127726	-0.4829300846239187
0.5035291194021064	-0.4829411077238863
0.5033366489237825	-0.4829520858254200
0.5031443387403324	-0.4829630189921924
0.5029521886050818	-0.4829739073968286
0.5027601983229526	-0.4829847510228115
0.5025683675870426	-0.4829955500334882
0.5023766961769894	-0.4830063045040837
0.5021851838557435	-0.4830170145253981
0.5019938303870136	-0.4830276801923382
0.5018026355252188	-0.4830383015850446
0.5016115990083506	-0.4830488788243186
0.5014207206669880	-0.4830594119519492
0.5012300001876500	-0.4830699010859824
0.5010394373393440	-0.4830803463805011
0.5008490319235032	-0.4830907477963330
0.5006587836868229	-0.4831011055100709
0.5004686923932362	-0.4831114195924276
0.5002787578050167	-0.4831216901301323
0.5000889796913777	-0.4831319172249660
0.4998993577974192	-0.4831421009455672
0.4997098919290499	-0.4831522413861833
0.4995205817981014	-0.4831623386450201
0.4993314272655444	-0.4831723928179285
0.4991424279913732	-0.4831824039499876
0.4989535837630492	-0.4831923721787560
0.4987648943990742	-0.4832022975671713
0.4985763596414149	-0.4832121802095014
0.4983879792649925	-0.4832220201909024
0.4981997530360143	-0.4832318175971968
0.4980116807127674	-0.4832415725140721
0.4978237620837703	-0.4832512850234051
0.4976359969365250	-0.4832609552189129
0.4974483849604094	-0.4832705832291577
0.4972609260755684	-0.4832801690361526
0.4970736199090759	-0.4832897127970547
0.4968864663077567	-0.4832992145922884
0.4966994650333815	-0.4833086744981003
0.4965126158575595	-0.4833180925997265
0.4963259185523374	-0.4833274689920032
0.4961393729016740	-0.4833368037361747
0.4959529786911503	-0.4833460969312807
0.4957667356360806	-0.4833553486900010
0.4955806435938663	-0.4833645590386273
0.4953947023165254	-0.4833737281094361
0.4952089115513874	-0.4833828558933777
0.4950232711054485	-0.4833919425920717
0.4948377807534635	-0.4834009882373455
0.4946524402739505	-0.4834099929150216
0.4944672494301094	-0.4834189567034949
0.4942822080384008	-0.4834278796859722
0.4940973158602611	-0.4834367619531540
0.4939125726532246	-0.4834456035740055
0.4937279781654740	-0.4834544046195351
0.4935435323562051	-0.4834631651746376
0.4933592348409875	-0.4834718854182066
0.4931750854394463	-0.4834805652865517
0.4929910839399655	-0.4834892049243046
0.4928072301309666	-0.4834978044000457
0.4926235238007083	-0.4835063638037260
0.4924399647220084	-0.4835148831989088
0.4922565526848581	-0.4835233626808766
0.4920732875033548	-0.4835318023370538
0.4918901689501046	-0.4835402022487719
0.4917071967623980	-0.4835485625006842
0.4915243707624191	-0.4835568830824236
0.4913416907579086	-0.4835651641765262
0.4911591565183544	-0.4835734058294894
0.4909767678378695	-0.4835816081199892
0.4907945245088908	-0.4835897711139264
0.4906124262902396	-0.4835978949258996
0.4904304730254805	-0.4836059796138510
0.4902486644564130	-0.4836140251733491
0.4900670004324911	-0.4836220317826690
0.4898854806711478	-0.4836299995610053
0.4897041049726617	-0.4836379284523702
0.4895228731816422	-0.4836458186142883
0.4893417850669298	-0.4836536701070147
0.4891608404216046	-0.4836614830042262
0.4889800390325592	-0.4836692573920077
0.4887993806995482	-0.4836769933002439
0.4886188652220148	-0.4836846909011607
0.4884384923980983	-0.4836923501961247
0.4882582620138666	-0.4836999712818358
0.4880781737973447	-0.4837075541820405
0.4878982269839818	-0.4837150997888190
0.4877184233674498	-0.4837226058782417
0.4875387606836430	-0.4837300748274431
0.4873592394218875	-0.4837375059268877
0.4871798593800331	-0.4837448992775054
0.4870006203883265	-0.4837522549131973
0.4868215221402070	-0.4837595729003921
0.4866425645455610	-0.4837668533942469
0.4864637473670290	-0.4837740963415143
0.4862850704523194	-0.4837813020078124
0.4861065334828292	-0.4837884702329294
0.4859281363552286	-0.4837956012425151
0.4857498788471055	-0.4838026950617737
0.4855717607535125	-0.4838097517659292
0.4853937818810441	-0.4838167714552102
0.4852159420615614	-0.4838237541267984
0.4850382410310617	-0.4838306999639507
0.4848606785883755	-0.4838376088805902
0.4846832546517741	-0.4838444811790107
0.4845059689143145	-0.4838513167249079
0.4843288212973111	-0.4838581156353109
0.4841518114674274	-0.4838648780310441
0.4839749392991288	-0.4838716039537290
0.4837982045711470	-0.4838782934724836
0.4836216071293683	-0.4838849466667683
0.4834451467589321	-0.4838915636097859
0.4832688232042837	-0.4838981443285909
0.4830926363899086	-0.4839046889414241
0.4829165860141367	-0.4839111975394834
0.4827406719390239	-0.4839176701637060
0.4825648941753354	-0.4839241068458859
0.4823892521812588	-0.4839305076912804
0.4822137459042882	-0.4839368727656533
0.4820383751882841	-0.4839432021166851
0.4818631398020513	-0.4839494958341476
0.4816880395959209	-0.4839557540415454
0.4815130742817022	-0.4839619766724187
0.4813382437927281	-0.4839681638975400
0.4811635479634831	-0.4839743157638671
0.4809889865663408	-0.4839804323444506
0.4808145592233547	-0.4839865136813777
0.4806402659902084	-0.4839925598598587
0.4804661066024947	-0.4839985709362249
0.4802920808634439	-0.4840045470071238
0.4801181885807674	-0.4840104880966254
0.4799444295913377	-0.4840163942982256
0.4797708037044332	-0.4840222656720241
0.4795973107069582	-0.4840281023206710
0.4794239504632428	-0.4840339042451602
0.4792507228719146	-0.4840396713979466
0.4790776274744281	-0.4840454041709736
0.4789046633164701	-0.4840511012825584
0.4787318331526644	-0.4840567661779205
0.4785591337956545	-0.4840623955970966
0.4783865660755381	-0.4840679907159171
0.4782141297980276	-0.4840735515994404
0.4780418247264118	-0.4840790783523565
0.4778696507934383	-0.4840845708771287
0.4776976078539688	-0.4840900294613318
0.4775256955022330	-0.4840954540658671
0.4773539128754387	-0.4841008448644361
0.4771822576083082	-0.4841061981600621
0.4770107411908994	-0.4841115244907306
0.4768393499785674	-0.4841168137590489
0.4766680885970883	-0.4841220694014539
0.4764969568551344	-0.4841272914039710
0.4763259545956862	-0.4841324799198394
0.4761550816603720	-0.4841376348616312
0.4759843377396279	-0.4841427565573331
0.4758137229281229	-0.4841478448386599
0.4756432342594324	-0.4841528987112113
0.4754728773557433	-0.4841579268180916
0.4753026499968964	-0.4841629101828462
0.4751325490749940	-0.4841678656756221
0.4749625761930385	-0.4841727881811517
0.4747927311994602	-0.4841776776541240
0.4746230139261781	-0.4841825342591008
0.4744534242867653	-0.4841873579912329
0.4742839618893433	-0.4841921488769406
0.4741146266265777	-0.4841969071670683
0.4739454134215879	-0.4842016278351637
0.4737763371190346	-0.4842063256535201
0.4736073824812331	-0.4842109860560803
0.4734385498628823	-0.4842156222679588
0.4732698523877750	-0.4842202094782005
0.4731012767776275	-0.4842247725877983
0.4729328270444573	-0.4842293034034438
0.4727645032051559	-0.4842338019539893
0.4725963049684490	-0.4842382684750231
0.4724282321089298	-0.4842427027482474
0.4722602721879367	-0.4842471129951689
0.4720924590344309	-0.4842514848060105
0.4719247649850116	-0.4842558132685085
0.4717571924028369	-0.4842601196331639
0.4715897444951868	-0.4842643941582401
0.4714224209893848	-0.4842686369261639
0.4712552216708732	-0.4842728478393821
0.4710881465588699	-0.4842770272017718
0.4709211954360183	-0.4842811751346320
0.4707543680026530	-0.4842852913668693
0.4705876713777103	-0.4842893688513922
0.4704210913751039	-0.4842934457954978
0.4702546367508195	-0.4842974397896398
0.4700882908837399	-0.4843014234454294
0.4699220826113576	-0.4843054017647631
0.4697559945394455	-0.4843093299420343
0.4695900291714899	-0.4843132268946055
0.4694241862289311	-0.4843170931464041
0.4692584653206768	-0.4843209282376791
0.4690928673706576	-0.4843247324786690
0.4689273892309700	-0.4843285132439717
0.4687620318734577	-0.4843322387969548
0.4685967872666228	-0.4843359753958691
0.4684316909366818	-0.4843396400144817
0.4682667007111114	-0.4843432901946943
0.4681018317235985	-0.4843469095162961
0.4679370835920113	-0.4843504985118321
0.4677724562778983	-0.4843540569669688
0.4676079496495279	-0.4843575849205455
0.4674435639138618	-0.4843610822177296
0.4672793096109539	-0.4843645541378171
0.4671151767880791	-0.4843679609380983
0.4669511270315523	-0.4843713930922638
0.4667872216232569	-0.4843747695989905
0.4666234357573373	-0.4843781159674935
0.4664597693420525	-0.4843814323039982
0.4662962225923147	-0.4843847184505501
0.4661327951960015	-0.4843879748414193
0.4659694866809849	-0.4843912010161511
0.4658062969189094	-0.4843943975841565
0.4656432375587518	-0.4843975714184535
0.4654802983064465	-0.4844006977620131
0.4653174402025552	-0.4844038085945176
0.4651546910755167	-0.4844068695535984
0.4649921277247884	-0.4844099344202786
0.4648296483389021	-0.4844129528581984
0.4646672869398562	-0.4844159420030270
0.4645050434104618	-0.4844189014646822
0.4643429171697719	-0.4844218314614493
0.4641809085918484	-0.4844247325677319
0.4640190133197008	-0.4844276063952071
0.4638572224304348	-0.4844304276115400
0.4636955152585887	-0.4844332341260624
0.4635340437845702	-0.4844360440601408
0.4633726195832562	-0.4844387992709895
0.4632113117912159	-0.4844415254318731
0.4630500727725252	-0.4844441961337155
0.4628890449769035	-0.4844468911407316
0.4627280858620566	-0.4844495306051849
0.4625672423405306	-0.4844521408638055
0.4624064936889452	-0.4844547354713863
0.4622459050176959	-0.4844572712547005
0.4620853428277624	-0.4844598077923198
0.4619249885595396	-0.4844623744912142
0.4617647576610903	-0.4844647637116846
0.4616045517618833	-0.4844671000992568
0.4614445694411760	-0.4844696125358733
0.4612846474345904	-0.4844719947720911
0.4611248401045558	-0.4844743482629927
0.4609650370632265	-0.4844766515861334
0.4608055623796724	-0.4844789834671773
0.4606460919024192	-0.4844812500242077
0.4604866117219846	-0.4844834420462347
0.4603276075047484	-0.4844856960449258
0.4601683902952210	-0.4844878779717775
0.4600093221585804	-0.4844900221060625
0.4598504832858796	-0.4844921629877612
0.4596916965477846	-0.4844943254961738
0.4595329477172739	-0.4844962876553597
0.4593744708290988	-0.4844983834175728
0.4592160215195225	-0.4845003973343811
0.4590577703030626	-0.4845023926660322
0.4588995480370976	-0.4845041931123891
0.4587413063772940	-0.4845062279112026
0.4585833737099899	-0.4845081453901457
0.4584254866009291	-0.4845100732889248
0.4582677146636731	-0.4845119254610200
0.4581101990983134	-0.4845138169080615
0.4579525045061867	-0.4845155476972109
0.4577950708587052	-0.4845173166544137
0.4576377617703704	-0.4845190694255592
0.4574804963326350	-0.4845208295172148
0.4573234845866350	-0.4845223780224486
0.4571664488764789	-0.4845240665648030
0.4570095072704003	-0.4845258214498278
0.4568529783258314	-0.4845275621213024
0.4566961195200215	-0.4845289454616116
0.4565395678665949	-0.4845305036471526
0.4563828047532063	-0.4845321030916020
0.4562267984106988	-0.4845335246020807
0.4560706106134690	-0.4845349919064310
0.4559144025269232	-0.4845364176460197
0.4557583370530551	-0.4845378413380484
0.4556024497717187	-0.4845393762686937
0.4554464414089734	-0.4845405239994791
0.4552911358521574	-0.4845417662692510
0.4551356539170271	-0.4845436932658594
0.4549800985642035	-0.4845445631738624
0.4548244701333564	-0.4845456904797178
0.4546691167842474	-0.4845472558856707
0.4545143764902901	-0.4845482343050040
0.4543593900430428	-0.4845494326383139
0.4542044077011422	-0.4845504733833483
0.4540494820124704	-0.4845517073648342
0.4538949596125543	-0.4845527740282001
0.4537402765111691	-0.4845540968798449
0.4535857487294594	-0.4845551727607594
0.4534313504024418	-0.4845564039445382
0.4532778220489197	-0.4845570040123198
0.4531230745473814	-0.4845579521199168
0.4529690671574559	-0.4845588667382890
0.4528149783348362	-0.4845597578527334
0.4526614706382768	-0.4845606783529718
0.4525074291511582	-0.4845614363676391
0.4523535591099477	-0.4845621202475410
0.4522010322409285	-0.4845629229252080
0.4520471392482470	-0.4845641670459663
0.4518928254975123	-0.4845650831529971
0.4517394751123662	-0.4845661652482512
0.4515881809400647	-0.4845663588615974
0.4514343053199227	-0.4845669946221786
0.4512813589272737	-0.4845675573327391
0.4511287731389862	-0.4845683879986343
0.4509762208403446	-0.4845688555277231
0.4508235924956008	-0.4845697391350138
0.4506709761151328	-0.4845703821875759
0.4505188330724326	-0.4845700676602281
0.4503658018865396	-0.4845696742526377
0.4502147938064913	-0.4845717082556152
0.4500619488013838	-0.4845715479650901
0.4499102708268557	-0.4845724383600039
0.4497583863376314	-0.4845728203900350
0.4496070694427012	-0.4845731003615185
0.4494549043856707	-0.4845741080767133
0.4493039124259250	-0.4845734716648818
0.4491520706518602	-0.4845746895189859
0.4490011565977468	-0.4845743668905450
0.4488508732327799	-0.4845755983430724
0.4486999671683941	-0.4845752458699273
0.4485471650796288	-0.4845744113695641
0.4483965556419062	-0.4845754176849362
0.4482458209385388	-0.4845755510334774
0.4480953046172939	-0.4845754631995455
0.4479448761991795	-0.4845757684694262
0.4477936376165399	-0.4845760633830997
0.4476437781432089	-0.4845770943609325
0.4474930841150359	-0.4845763031996275
0.4473443852962080	-0.4845759658867272
0.4471933269782600	-0.4845751969068665
0.4470428956157045	-0.4845773956168929
0.4468933092210387	-0.4845761665169735
0.4467434701569422	-0.4845762148350697
0.4465940337819235	-0.4845754814054052
0.4464444429496578	-0.4845755590504739
0.4462943275785056	-0.4845745630558453
0.4461456516639785	-0.4845762329850788
0.4459965139338321	-0.4845757817944966
0.4458470117235961	-0.4845735972607481
0.4456988378783774	-0.4845748587826640
0.4455492147004727	-0.4845753404488577
0.4454000055453233	-0.4845742451653898
0.4452514047546062	-0.4845735495586079
0.4451034666756072	-0.4845736147414894
0.4449545865818703	-0.4845743009991825
0.4448048484897705	-0.4845718100506407
0.4446567202925105	-0.4845737979035769
0.4445085961581219	-0.4845740550687397
0.4443609081830799	-0.4845696989089929
0.4442109917681817	-0.4845707076064397
0.4440668371921492	-0.4845712800779524
0.4439067018696078	-0.4845723238138062
0.4437691988601520	-0.4845693392667634
0.4436218360857734	-0.4845683145258718
0.4434733211159656	-0.4845671847924741
0.4433263042343638	-0.4845699955366204
0.4431797318241201	-0.4845663566149091
0.4430349832083421	-0.4845649807810684
0.4428864533538116	-0.4845630328370019
0.4427379462212362	-0.4845663118367464
0.4425926157095223	-0.4845624978748451
0.4424440199524436	-0.4845632578801602
0.4422814997394254	-0.4845622505541995
0.4421510684248192	-0.4845621791378945
0.4420032863258596	-0.4845611756709278
0.4418578535706797	-0.4845610614101131
0.4417093279863648	-0.4845586956756859
0.4415637854443739	-0.4845573139609146
0.4414171148323212	-0.4845583128191003
0.4412714974563928	-0.4845565330806590
0.4411217573914394	-0.4845591202053268
0.4409813380352794	-0.4845541919465143
0.4408188178222612	-0.4845531846205537
0.4406562976092430	-0.4845521772945930
0.4405435259215165	-0.4845516465392695
0.4403955695415168	-0.4845476715786701
0.4402502438708774	-0.4845494625820635
0.4401072677159019	-0.4845496572594964
0.4399634880017146	-0.4845497272545944
0.4398193064943392	-0.4845439660164024
0.4396714570776758	-0.4845515423051058
0.4395186561181152	-0.4845451260128684
0.4393561359050970	-0.4845441186869077
0.4391936156920788	-0.4845431113609471
0.4390310954790606	-0.4845421040349864
0.4389465532577573	-0.4845349763631772
0.4388048560609067	-0.4845406656358833
0.4386566867393449	-0.4845409181805270
0.4385112987163435	-0.4845364305470398
0.4383732045943085	-0.4845271666310423
0.4382252302712687	-0.4845243267044460
0.4380559742009510	-0.4845360600792225
0.4378934539879328	-0.4845350527532618
0.4377309337749146	-0.4845340454273012
0.4375684135618964	-0.4845330381013406
0.4374058933488781	-0.4845320307753799
0.4372433731358598	-0.4845310234494192
0.4372283671085476	-0.4845105108483358
0.4370859459543226	-0.4845232194790408
0.4369321952399670	-0.4845184582727122
0.4368024883594285	-0.4845150930197477
0.4365932922837868	-0.4845269941455766
0.4364307720707686	-0.4845259868196159
0.4362682518577504	-0.4845249794936553
0.4361057316447322	-0.4845239721676947
0.4359432114317139	-0.4845229648417340
0.4357806912186956	-0.4845219575157733
0.4356181710056774	-0.4845209501898127
0.4354556507926591	-0.4845199428638520
0.4352931305796409	-0.4845189355378913
0.4351306103666226	-0.4845179282119307
0.4351306103666226	-0.4845179282119307
0.4349680901536044	-0.4845169208859700
0.4348055699405862	-0.4845159135600094
0.4346430497275680	-0.4845149062340487
0.4344805295145496	-0.4845138989080880
0.4343180093015314	-0.4845128915821274
0.4341554890885132	-0.4845118842561668
0.4339929688754949	-0.4845108769302061
0.4338304486624767	-0.4845098696042455
0.4336679284494585	-0.4845088622782848
0.4336679284494585	-0.4845088622782848
0.4335054082364402	-0.4845078549523241
0.4333428880234220	-0.4845068476263634
0.4331803678104037	-0.4845058403004028
0.4330178475973855	-0.4845048329744421
0.4328553273843672	-0.4845038256484815
0.4326928071713489	-0.4845028183225208
0.4325302869583307	-0.4845018109965602
0.4323677667453125	-0.4845008036705995
0.4322052465322943	-0.4844997963446389
0.4322052465322943	-0.4844997963446389
0.4320427263192760	-0.4844987890186782
0.4318802061062578	-0.4844977816927176
0.4317176858932396	-0.4844967743667569
0.4315551656802212	-0.4844957670407962
0.4313926454672030	-0.4844947597148356
0.4312301252541848	-0.4844937523888749
0.4310676050411665	-0.4844927450629142
0.4309050848281483	-0.4844917377369536
0.4307425646151301	-0.4844907304109929
0.4307425646151301	-0.4844907304109929
0.4305800444021118	-0.4844897230850322
0.4304175241890935	-0.4844887157590716
0.4302550039760754	-0.4844877084331110
0.4300924837630571	-0.4844867011071503
0.4299299635500388	-0.4844856937811897
0.4297674433370205	-0.4844846864552290
0.4296049231240023	-0.4844836791292684
0.4294424029109841	-0.4844826718033077
0.4292798826979659	-0.4844816644773470
0.4292798826979659	-0.4844816644773470
0.4291173624849476	-0.4844806571513863
0.4289548422719294	-0.4844796498254257
0.4287923220589112	-0.4844786424994651
0.4286298018458928	-0.4844776351735044
0.4284672816328746	-0.4844766278475438
0.4283047614198564	-0.4844756205215831
0.4281422412068382	-0.4844746131956224
0.4279797209938199	-0.4844736058696618
0.4278172007808017	-0.4844725985437011
0.4278172007808017	-0.4844725985437011
0.4276546805677834	-0.4844715912177405
0.4274921603547652	-0.4844705838917798
0.4273296401417470	-0.4844695765658192
0.4271671199287287	-0.4844685692398585
0.4270045997157104	-0.4844675619138978
0.4268420795026922	-0.4844665545879372
0.4266795592896739	-0.4844655472619765
0.4265170390766557	-0.4844645399360158
0.4263545188636375	-0.4844635326100552
0.4263545188636375	-0.4844635326100552
0.4261919986506192	-0.4844625252840945
0.4260294784376010	-0.4844615179581339
0.4258669582245828	-0.4844605106321732
0.4257044380115645	-0.4844595033062126
0.4255419177985462	-0.4844584959802519
0.4253793975855280	-0.4844574886542913
0.4252168773725097	-0.4844564813283306
0.4250543571594915	-0.4844554740023699
0.4248918369464733	-0.4844544666764093
0.4248918369464733	-0.4844544666764093
0.4247293167334550	-0.4844534593504486
0.4245667965204368	-0.4844524520244879
0.4244042763074185	-0.4844514446985274
0.4242417560944003	-0.4844504373725667
0.4240792358813821	-0.4844494300466060
0.4239167156683638	-0.4844484227206454
0.4237541954553455	-0.4844474153946847
0.4235916752423273	-0.4844464080687240
0.4234291550293091	-0.4844454007427634
0.4234291550293091	-0.4844454007427634
0.4232666348162908	-0.4844443934168027
0.4231041146032726	-0.4844433860908420
0.4229415943902544	-0.4844423787648814
0.4227790741772361	-0.4844413714389207
0.4226165539642178	-0.4844403641129601
0.4224540337511996	-0.4844393567869995
0.4222915135381813	-0.4844383494610388
0.4221289933251631	-0.4844373421350781
0.4219664731121449	-0.4844363348091175
0.4219664731121449	-0.4844363348091175
0.4218039528991266	-0.4844353274831568
0.4216414326861084	-0.4844343201571962
0.4214789124730902	-0.4844333128312355
0.4213163922600719	-0.4844323055052748
0.4211538720470537	-0.4844312981793142
0.4209913518340354	-0.4844302908533535
0.4208288316210171	-0.4844292835273928
0.4206663114079989	-0.4844282762014323
0.4205037911949807	-0.4844272688754716
0.4205037911949807	-0.4844272688754716
0.4203412709819624	-0.4844262615495109
0.4201787507689442	-0.4844252542235502
0.4200162305559260	-0.4844242468975896
0.4198537103429077	-0.4844232395716289
0.4196911901298894	-0.4844222322456683
0.4195286699168712	-0.4844212249197076
0.4193661497038529	-0.4844202175937470
0.4192036294908347	-0.4844192102677863
0.4190411092778165	-0.4844182029418256
0.4190411092778165	-0.4844182029418256
0.4188785890647982	-0.4844171956158649
0.4187160688517799	-0.4844161882899043
0.4185535486387618	-0.4844151809639437
0.4183910284257435	-0.4844141736379830
0.4182285082127253	-0.4844131663120224
0.4180659879997070	-0.4844121589860617
0.4179034677866887	-0.4844111516601010
0.4177409475736705	-0.4844101443341404
0.4175784273606523	-0.4844091370081797
0.4175784273606523	-0.4844091370081797
0.4174159071476340	-0.4844081296822190
0.4172533869346158	-0.4844071223562584
0.4170908667215976	-0.4844061150302977
0.4169283465085793	-0.4844051077043371
0.4167658262955610	-0.4844041003783764
0.4166033060825428	-0.4844030930524158
0.4164407858695246	-0.4844020857264552
0.4162782656565063	-0.4844010784004945
0.4161157454434881	-0.4844000710745338
0.4161157454434881	-0.4844000710745338
0.4159532252304698	-0.4843990637485731
0.4157907050174516	-0.4843980564226125
0.4156281848044333	-0.4843970490966519
0.4154656645914151	-0.4843960417706912
0.4153031443783969	-0.4843950344447305
0.4151406241653786	-0.4843940271187699
0.4149781039523603	-0.4843930197928092
0.4148155837393421	-0.4843920124668486
0.4146530635263239	-0.4843910051408879
0.4146530635263239	-0.4843910051408879
0.4144905433133056	-0.4843899978149273
0.4143280231002874	-0.4843889904889666
0.4141655028872692	-0.4843879831630060
0.4140029826742509	-0.4843869758370453
0.4138404624612326	-0.4843859685110846
0.4136779422482144	-0.4843849611851240
0.4135154220351961	-0.4843839538591633
0.4133529018221779	-0.4843829465332026
0.4131903816091597	-0.4843819392072420
0.4131903816091597	-0.4843819392072420
0.4130278613961414	-0.4843809318812813
0.4128653411831232	-0.4843799245553207
0.4127028209701050	-0.4843789172293600
0.4125403007570867	-0.4843779099033994
0.4123777805440684	-0.4843769025774387
0.4122152603310502	-0.4843758952514781
0.4120527401180319	-0.4843748879255174
0.4118902199050137	-0.4843738805995567
0.4117276996919955	-0.4843728732735961
0.4117276996919955	-0.4843728732735961
0.4115651794789772	-0.4843718659476354
0.4114026592659590	-0.4843708586216747
0.4112401390529408	-0.4843698512957141
0.4110776188399224	-0.4843688439697534
0.4109150986269042	-0.4843678366437928
0.4107525784138860	-0.4843668293178321
0.4105900582008677	-0.4843658219918714
0.4104275379878495	-0.4843648146659108
0.4102650177748313	-0.4843638073399502
0.4102650177748313	-0.4843638073399502
0.4101024975618130	-0.4843628000139895
0.4099399773487948	-0.4843617926880288
0.4097774571357766	-0.4843607853620682
0.4096149369227583	-0.4843597780361075
0.4094524167097400	-0.4843587707101469
0.4092898964967218	-0.4843577633841862
0.4091273762837035	-0.4843567560582256
0.4089648560706853	-0.4843557487322649
0.4088023358576671	-0.4843547414063042
0.4088023358576671	-0.4843547414063042
0.4086398156446488	-0.4843537340803435
0.4084772954316306	-0.4843527267543830
0.4083147752186124	-0.4843517194284223
0.4081522550055940	-0.4843507121024616
0.4079897347925758	-0.4843497047765010
0.4078272145795576	-0.4843486974505403
0.4076646943665393	-0.4843476901245796
0.4075021741535211	-0.4843466827986190
0.4073396539405029	-0.4843456754726583
0.4073396539405029	-0.4843456754726583
0.4071771337274846	-0.4843446681466977
0.4070146135144664	-0.4843436608207370
0.4068520933014481	-0.4843426534947764
0.4066895730884299	-0.4843416461688157
0.4065270528754116	-0.4843406388428551
0.4063645326623934	-0.4843396315168944
0.4062020124493751	-0.4843386241909338
0.4060394922363569	-0.4843376168649731
0.4058769720233387	-0.4843366095390124
0.4058769720233387	-0.4843366095390124
0.4057144518103204	-0.4843356022130517
0.4055519315973022	-0.4843345948870911
0.4053894113842840	-0.4843335875611305
0.4052268911712656	-0.4843325802351698
0.4050643709582474	-0.4843315729092091
0.4049018507452292	-0.4843305655832485
0.4047393305322110	-0.4843295582572878
0.4045768103191927	-0.4843285509313272
0.4044142901061745	-0.4843275436053665
0.4044142901061745	-0.4843275436053665
0.4042517698931562	-0.4843265362794058
0.4040892496801379	-0.4843255289534452
0.4039267294671198	-0.4843245216274845
0.4037642092541015	-0.4843235143015239
0.4036016890410832	-0.4843225069755632
0.4034391688280650	-0.4843214996496026
0.4032766486150468	-0.4843204923236419
0.4031141284020285	-0.4843194849976812
0.4029516081890103	-0.4843184776717206
0.4029516081890103	-0.4843184776717206
0.4027890879759920	-0.4843174703457599
0.4026265677629738	-0.4843164630197993
0.4024640475499556	-0.4843154556938387
0.4023015273369372	-0.4843144483678780
0.4021390071239190	-0.4843134410419173
0.4019764869109008	-0.4843124337159567
0.4018139666978826	-0.4843114263899960
0.4016514464848643	-0.4843104190640354
0.4014889262718461	-0.4843094117380747
0.4014889262718461	-0.4843094117380747
0.4013264060588278	-0.4843084044121140
0.4011638858458096	-0.4843073970861533
0.4010013656327914	-0.4843063897601927
0.4008388454197731	-0.4843053824342320
0.4006763252067548	-0.4843043751082714
0.4005138049937366	-0.4843033677823108
0.4003512847807184	-0.4843023604563501
0.4001887645677001	-0.4843013531303894
0.4000262443546819	-0.4843003458044288
0.4000262443546819	-0.4843003458044288
0.3998637241416636	-0.4842993384784681
0.3997012039286454	-0.4842983311525075
0.3995386837156272	-0.4842973238265468
0.3993761635026089	-0.4842963165005861
0.3992136432895906	-0.4842953091746255
0.3990511230765724	-0.4842943018486648
0.3988886028635542	-0.4842932945227042
0.3987260826505359	-0.4842922871967435
0.3985635624375177	-0.4842912798707829
0.3985635624375177	-0.4842912798707829
0.3984010422244995	-0.4842902725448222
0.3982385220114812	-0.4842892652188615
0.3980760017984629	-0.4842882578929009
0.3979134815854447	-0.4842872505669402
0.3977509613724265	-0.4842862432409796
0.3975884411594082	-0.4842852359150189
0.3974259209463900	-0.4842842285890582
0.3972634007333717	-0.4842832212630976
0.3971008805203535	-0.4842822139371369
0.3971008805203535	-0.4842822139371369
0.3969383603073352	-0.4842812066111762
0.3967758400943170	-0.4842801992852156
0.3966133198812988	-0.4842791919592550
0.3964507996682805	-0.4842781846332943
0.3962882794552622	-0.4842771773073337
0.3961257592422440	-0.4842761699813730
0.3959632390292258	-0.4842751626554124
0.3958007188162075	-0.4842741553294517
0.3956381986031893	-0.4842731480034910
0.3956381986031893	-0.4842731480034910
0.3954756783901710	-0.4842721406775303
0.3953131581771528	-0.4842711333515697
0.3951506379641346	-0.4842701260256090
0.3949881177511163	-0.4842691186996484
0.3948255975380981	-0.4842681113736877
0.3946630773250798	-0.4842671040477271
0.3945005571120616	-0.4842660967217664
0.3943380368990433	-0.4842650893958058
0.3941755166860251	-0.4842640820698451
0.3941755166860251	-0.4842640820698451
0.3940129964730068	-0.4842630747438845
0.3938504762599886	-0.4842620674179238
0.3936879560469704	-0.4842610600919632
0.3935254358339521	-0.4842600527660025
0.3933629156209338	-0.4842590454400418
0.3932003954079156	-0.4842580381140812
0.3930378751948974	-0.4842570307881205
0.3928753549818791	-0.4842560234621598
0.3927128347688609	-0.4842550161361992
0.3927128347688609	-0.4842550161361992
0.3925503145558426	-0.4842540088102385
0.3923877943428243	-0.4842530014842779
0.3922252741298062	-0.4842519941583173
0.3920627539167879	-0.4842509868323566
0.3919002337037697	-0.4842499795063959
0.3917377134907514	-0.4842489721804353
0.3915751932777332	-0.4842479648544746
0.3914126730647149	-0.4842469575285139
0.3912501528516967	-0.4842459502025533
0.3912501528516967	-0.4842459502025533
0.3910876326386784	-0.4842449428765926
0.3909251124256602	-0.4842439355506319
0.3907625922126420	-0.4842429282246713
0.3906000719996237	-0.4842419208987107
0.3904375517866054	-0.4842409135727500
0.3902750315735872	-0.4842399062467894
0.3901125113605690	-0.4842388989208287
0.3899499911475507	-0.4842378915948680
0.3897874709345325	-0.4842368842689074
0.3897874709345325	-0.4842368842689074
0.3896249507215142	-0.4842358769429467
0.3894624305084960	-0.4842348696169861
0.3892999102954777	-0.4842338622910254
0.3891373900824595	-0.4842328549650647
0.3889748698694413	-0.4842318476391041
0.3888123496564230	-0.4842308403131435
0.3886498294434048	-0.4842298329871828
0.3884873092303865	-0.4842288256612222
0.3883247890173683	-0.4842278183352615
0.3883247890173683	-0.4842278183352615
0.3881622688043500	-0.4842268110093008
0.3879997485913318	-0.4842258036833401
0.3878372283783136	-0.4842247963573795
0.3876747081652953	-0.4842237890314188
0.3875121879522770	-0.4842227817054582
0.3873496677392588	-0.4842217743794975
0.3871871475262406	-0.4842207670535369
0.3870246273132223	-0.4842197597275762
0.3868621071002041	-0.4842187524016155
0.3868621071002041	-0.4842187524016155
0.3866995868871858	-0.4842177450756548
0.3865370666741676	-0.4842167377496943
0.3863745464611494	-0.4842157304237336
0.3862120262481311	-0.4842147230977729
0.3860495060351128	-0.4842137157718123
0.3858869858220946	-0.4842127084458516
0.3857244656090764	-0.4842117011198910
0.3855619453960581	-0.4842106937939303
0.3853994251830399	-0.4842096864679696
0.3853994251830399	-0.4842096864679696
0.3852369049700216	-0.4842086791420089
0.3850743847570034	-0.4842076718160483
0.3849118645439852	-0.4842066644900877
0.3847493443309669	-0.4842056571641270
0.3845868241179486	-0.4842046498381664
0.3844243039049304	-0.4842036425122057
0.3842617836919122	-0.4842026351862450
0.3840992634788939	-0.4842016278602844
0.3839367432658757	-0.4842006205343237
0.3839367432658757	-0.4842006205343237
0.3837742230528575	-0.4841996132083631
0.3836117028398393	-0.4841986058824024
0.3834491826268209	-0.4841975985564417
0.3832866624138027	-0.4841965912304811
0.3831241422007845	-0.4841955839045204
0.3829616219877662	-0.4841945765785597
0.3827991017747479	-0.4841935692525990
0.3826365815617297	-0.4841925619266385
0.3824740613487115	-0.4841915546006778
