0.5994432884374880	-0.0927030479449475
0.3465671927153494	-0.2739276272664345
0.3464235399118868	-0.2739403451184352
0.3462800381787467	-0.2739530289279855
0.3461366872267189	-0.2739656787757028
0.3459934867675194	-0.2739782947416941
0.3458504365136170	-0.2739908769060382
0.3457075361784025	-0.2740034253483371
0.3455647854761111	-0.2740159401479904
0.3454221841217335	-0.2740284213841721
0.5981035575465025	-0.0927154146821917
0.5979703893953338	-0.0927165777283780
0.5978373666071582	-0.0927177274970484
0.5977044889368233	-0.0927188640151799
0.5975717561398399	-0.0927199873096820
0.5974391679723285	-0.0927210974072786
0.5973067241911456	-0.0927221943346819
0.5971744245537713	-0.0927232781184352
0.5970422688183252	-0.0927243487850121
0.5969102567435989	-0.0927254063607743
0.5967783880890007	-0.0927264508719735
0.5966466626146286	-0.0927274823447751
0.5965150800811950	-0.0927285008052132
0.5963836402500745	-0.0927295062792633
0.5962523428832894	-0.0927304987927727
0.5961211877434174	-0.0927314783714790
0.5959901745937936	-0.0927324450410533
0.5958593031983291	-0.0927333988270348
0.5957285733215421	-0.0927343397548767
0.5955979847286160	-0.0927352678499533
0.5954675371853506	-0.0927361831374824
0.5953372304581624	-0.0927370856426629
0.5952070643141004	-0.0927379753905187
0.5950770385208177	-0.0927388524060361
0.5949471528466431	-0.0927397167140855
0.5948174070604466	-0.0927405683393987
0.5946878009316473	-0.0927414073066567
0.5945583342305020	-0.0927422336404572
0.5944290067277088	-0.0927430473652747
0.5942998181946075	-0.0927438485054753
0.5941707684031324	-0.0927446370853713
0.5940418571258371	-0.0927454131291520
0.5939130841358726	-0.0927461766609045
0.5937844492069938	-0.0927469277046373
0.5936559521135545	-0.0927476662842913
0.5935275926304712	-0.0927483924236674
0.5933993705332641	-0.0927491061464637
0.5932712855981066	-0.0927498074763643
0.5931433376016900	-0.0927504964368805
0.5930155263213297	-0.0927511730514689
0.5928878515348903	-0.0927518373435014
0.5927603130208461	-0.0927524893362388
0.5926329105582501	-0.0927531290528290
0.5925056439267405	-0.0927537565163968
0.5923785129065147	-0.0927543717499528
0.5922515172783186	-0.0927549747763642
0.5921246568235425	-0.0927555656184310
0.5919979313241026	-0.0927561442989263
0.5918713405624881	-0.0927567108404667
0.5917448843217613	-0.0927572652656096
0.5916185623855467	-0.0927578075968197
0.5914923745380366	-0.0927583378564582
0.5913663205639588	-0.0927588560668272
0.5912404002486535	-0.0927593622501142
0.5911146133779698	-0.0927598564284277
0.5909889597383340	-0.0927603386238064
0.5908634391166525	-0.0927608088581852
0.5907380513005543	-0.0927612671534081
0.5906127960780835	-0.0927617135312503
0.5904876732378458	-0.0927621480133886
0.5903626825690325	-0.0927625706214212
0.5902378238613436	-0.0927629813768669
0.5901130969050573	-0.0927633803011374
0.5899885014909746	-0.0927637674155854
0.5898640374103765	-0.0927641427414856
0.5897397044552225	-0.0927645062999664
0.5896155024179064	-0.0927648581121894
0.5894914310913474	-0.0927651981991362
0.5893674902688776	-0.0927655265816119
0.5892436797447516	-0.0927658432806270
0.5891199993134042	-0.0927661483168853
0.5889964487698978	-0.0927664417110752
0.5888730279097957	-0.0927667234837798
0.5887497365292409	-0.0927669936555101
0.5886265744248605	-0.0927672522466978
0.5885035413937764	-0.0927674992777610
0.5883806372337157	-0.0927677347689243
0.5882578617428036	-0.0927679587402789
0.5881352147196124	-0.0927681712121092
0.5880126959635805	-0.0927683722043690
0.5878903052743621	-0.0927685617370264
0.5877680424521544	-0.0927687398299396
0.5876459072977080	-0.0927689065029279
0.5875238996122832	-0.0927690617757185
0.5874020191976143	-0.0927692056679333
0.5872802658559280	-0.0927693381991320
0.5871586393900824	-0.0927694593887592
0.5870371396030976	-0.0927695692562777
0.5869157662990899	-0.0927696678211219
0.5867945192818234	-0.0927697551022051
0.5866733983564384	-0.0927698311190282
0.5865524033280242	-0.0927698958905818
0.5864315340023118	-0.0927699494359082
0.5863107901855328	-0.0927699917738924
0.5861901716843703	-0.0927700229234894
0.5860696783059912	-0.0927700429034581
0.5859493098581751	-0.0927700517324932
0.5858290661489340	-0.0927700494292983
0.5857089469868563	-0.0927700360123366
0.5855889521812699	-0.0927700115002142
0.5854690815416579	-0.0927699759113146
0.5853493348781121	-0.0927699292639863
0.5852297120011908	-0.0927698715764957
0.5851102127219010	-0.0927698028670547
0.5849908368517271	-0.0927697231538196
0.5848715842026961	-0.0927696324547845
0.5847524545871677	-0.0927695307879706
0.5846334478181273	-0.0927694181712750
0.5845145637086709	-0.0927692946224826
0.5843958020730011	-0.0927691601594683
0.5842771627252482	-0.0927690147998532
0.5841586454801915	-0.0927688585612853
0.5840402501530494	-0.0927686914613008
0.5839219765595297	-0.0927685135173700
0.5838038245157151	-0.0927683247469612
0.5836857938382329	-0.0927681251673239
0.5835678843440982	-0.0927679147958008
0.5834500958508945	-0.0927676936495941
0.5833324281764519	-0.0927674617458127
0.5832148811391401	-0.0927672191012353
0.5830974545579549	-0.0927669657333004
0.5829801482521692	-0.0927667016587270
0.5828629620414715	-0.0927664268943632
0.5827458957460515	-0.0927661414570087
0.5826289491866224	-0.0927658453633525
0.5825121221841245	-0.0927655386300378
0.5823954145601834	-0.0927652212737835
0.5822788261367700	-0.0927648933108231
0.5821623567360367	-0.0927645547579117
0.5820460061809217	-0.0927642056310347
0.5819297742948560	-0.0927638459468119
0.5818136609013984	-0.0927634757213899
0.5816976658246790	-0.0927630949709497
0.5815817888892704	-0.0927627037115578
0.5814660299201659	-0.0927623019593077
0.5813503887427509	-0.0927618897301272
0.5812348651828673	-0.0927614670398946
0.5811194590667422	-0.0927610339046243
0.5810041702212512	-0.0927605903398322
0.5808889984732292	-0.0927601363614535
0.5807739436500602	-0.0927596719847985
0.5806590055802119	-0.0927591972258225
0.5805441840917742	-0.0927587120999028
0.5804294790135845	-0.0927582166224734
0.5803148901748285	-0.0927577108089305
0.5802004174051086	-0.0927571946745518
0.5800860605344895	-0.0927566682346471
0.5799718193933528	-0.0927561315044433
0.5798576938126490	-0.0927555844990739
0.5797436836235426	-0.0927550272334391
0.5796297886574019	-0.0927544597225172
0.5795160087469039	-0.0927538819814851
0.5794023437242402	-0.0927532940251194
0.5792887934223415	-0.0927526958682249
0.5791753576744475	-0.0927520875255742
0.5790620363143383	-0.0927514690118496
0.5789488291759007	-0.0927508403416248
0.5788357360939625	-0.0927502015295909
0.5787227569031994	-0.0927495525901031
0.5786098914388301	-0.0927488935376798
0.5784971395363845	-0.0927482243864468
0.5783845010323834	-0.0927475451511362
0.5782719757631126	-0.0927468558458168
0.5781595635654105	-0.0927461564847045
0.5780472642765151	-0.0927454470819288
0.5779350777340874	-0.0927447276515324
0.5778230037761327	-0.0927439982075558
0.5777110422412369	-0.0927432587640107
0.5775991929679987	-0.0927425093346180
0.5774874557955796	-0.0927417499334838
0.5773758305634619	-0.0927409805740686
0.5772643171119564	-0.0927402012703209
0.5771529152812610	-0.0927394120358237
0.5770416249120043	-0.0927386128841877
0.5769304458453323	-0.0927378038289381
0.5768193779227617	-0.0927369848835224
0.5767084209860032	-0.0927361560614991
0.5765975748775349	-0.0927353173759767
0.5764868394397865	-0.0927344688405251
0.5763762145154900	-0.0927336104683709
0.5762656999483426	-0.0927327422722890
0.5761552955820254	-0.0927318642659150
0.5760450012605577	-0.0927309764621159
0.5759348168283828	-0.0927300788739401
0.5758247421303542	-0.0927291715143005
0.5757147770116278	-0.0927282543961626
0.5756049213178764	-0.0927273275323321
0.5754951748948132	-0.0927263909356977
0.5753855375889624	-0.0927254446188858
0.5752760092466416	-0.0927244885946472
0.5751665897150090	-0.0927235228751045
0.5750572788415738	-0.0927225474735326
0.5749480764739682	-0.0927215624021734
0.5748389824602518	-0.0927205676734491
0.5747299966488941	-0.0927195632997433
0.5746211188887398	-0.0927185492934466
0.5745123490288312	-0.0927175256667656
0.5744036869186666	-0.0927164924320007
0.5742951324081670	-0.0927154496013295
0.5741866853475984	-0.0927143971868711
0.5740783455871485	-0.0927133352004869
0.5739701129781889	-0.0927122636544672
0.5738619873718310	-0.0927111825606481
0.5737539686196129	-0.0927100919309429
0.5736460565735814	-0.0927089917771745
0.5735382510858541	-0.0927078821112036
0.5734305520092640	-0.0927067629446801
0.5733229591968757	-0.0927056342892498
0.5732154725015105	-0.0927044961567862
0.5731080917774898	-0.0927033485588107
0.5730008168780613	-0.0927021915062912
0.5728936476582823	-0.0927010250113695
0.5727865839724949	-0.0926998490852513
0.5726796256758162	-0.0926986637392744
0.5725727726235749	-0.0926974689848216
0.5724660246713630	-0.0926962648331201
0.5723593816754549	-0.0926950512951537
0.5722528434918939	-0.0926938283825533
0.5721464099776501	-0.0926925961059134
0.5720400809895509	-0.0926913544766217
0.5719338563847572	-0.0926901035054783
0.5718277360213991	-0.0926888432036015
0.5717217197573071	-0.0926875735817850
0.5716158074507821	-0.0926862946508547
0.5715099989604970	-0.0926850064216643
0.5714042941453970	-0.0926837089050083
0.5712986928649112	-0.0926824021114765
0.5711931949785968	-0.0926810860516714
0.5710878003463414	-0.0926797607363685
0.5709825088286495	-0.0926784261757629
0.5708773202856349	-0.0926770823806524
0.5707722345787741	-0.0926757293613780
0.5706672515690500	-0.0926743671283171
0.5705623711180704	-0.0926729956918564
0.5704575930876704	-0.0926716150622293
0.5703529173400456	-0.0926702252496383
0.5702483437377084	-0.0926688262642872
0.5701438721435503	-0.0926674181165003
0.5700395024205387	-0.0926660008160895
0.5699352344324433	-0.0926645743731823
0.5698310680423213	-0.0926631387975961
0.5697270031149672	-0.0926616940996400
0.5696230395144819	-0.0926602402889908
0.5695191771055765	-0.0926587773755684
0.5694154157531979	-0.0926573053690471
0.5693117553227772	-0.0926558242792813
0.5692081956797362	-0.0926543341158455
0.5691047366900926	-0.0926528348885056
0.5690013782200425	-0.0926513266068178
0.5688981201360096	-0.0926498092804497
0.5687949623048020	-0.0926482829185558
0.5686919045938129	-0.0926467475309225
0.5685889468702662	-0.0926452031267921
0.5684860890019452	-0.0926436497155115
0.5683833308567914	-0.0926420873065891
0.5682806723031884	-0.0926405159089968
0.5681781132098812	-0.0926389355322497
0.5680756534455517	-0.0926373461853057
0.5679732928794116	-0.0926357478772881
0.5678710313812113	-0.0926341406173841
0.5677688688202740	-0.0926325244144347
0.5676668050672273	-0.0926308992775968
0.5675648399922841	-0.0926292652157653
0.5674629734660604	-0.0926276222377567
0.5673612053595317	-0.0926259703524659
0.5672595355439848	-0.0926243095687039
0.5671579638909762	-0.0926226398951451
0.5670564902722720	-0.0926209613406033
0.5669551145600070	-0.0926192739136576
0.5668538366267969	-0.0926175776227905
0.5667526563448780	-0.0926158724766752
0.5666515735876260	-0.0926141584838730
0.5665505882282391	-0.0926124356528097
0.5664497001401747	-0.0926107039919282
0.5663489091973007	-0.0926089635096137
0.5662482152737623	-0.0926072142142042
0.5661476182438573	-0.0926054561139020
0.5660471179824175	-0.0926036892168532
0.5659467143643275	-0.0926019135316315
0.5658464072646944	-0.0926001290662262
0.5657461965589318	-0.0925983358283809
0.5656460821231831	-0.0925965338265857
0.5655460638333327	-0.0925947230687646
0.5654461415657657	-0.0925929035628265
0.5653463151969991	-0.0925910753167272
0.5652465846040218	-0.0925892383383354
0.5651469496639160	-0.0925873926355520
0.5650474102541059	-0.0925855382161084
0.5649479662522984	-0.0925836750876821
0.5648486175368576	-0.0925818032582182
0.5647493639850482	-0.0925799227349959
0.5646502054763149	-0.0925780335259986
0.5645511418891225	-0.0925761356386762
0.5644521731025112	-0.0925742290805069
0.5643532989958355	-0.0925723138590068
0.5642545194486543	-0.0925703899816097
0.5641558343407502	-0.0925684574559350
0.5640572435524169	-0.0925665162887550
0.5639587469638672	-0.0925645664880509
0.5638603444560490	-0.0925626080607304
0.5637620359089934	-0.0925606410142835
0.5636638212048352	-0.0925586653555548
0.5635657002246300	-0.0925566810918716
0.5634676728501332	-0.0925546882302487
0.5633697389631936	-0.0925526867779067
0.5632718984462167	-0.0925506767416554
0.5631741511813481	-0.0925486581285354
0.5630764970515810	-0.0925466309455786
0.5629789359398255	-0.0925445951996733
0.5628814677292709	-0.0925425508973421
0.5627840923033218	-0.0925404980457677
0.5626868095459512	-0.0925384366515010
0.5625896193410084	-0.0925363667213926
0.5624925215728371	-0.0925342882620149
0.5623955161258631	-0.0925322012800720
0.5622986028848741	-0.0925301057820291
0.5622017817349327	-0.0925280017747196
0.5621050525613204	-0.0925258892643267
0.5620084152491716	-0.0925237682576051
0.5619118696849288	-0.0925216387606787
0.5618154157539367	-0.0925195007799151
0.5617190533428446	-0.0925173543219939
0.5616227823380842	-0.0925151993929764
0.5615266026263568	-0.0925130359992795
0.5614305140947841	-0.0925108641469509
0.5613345166303717	-0.0925086838422375
0.5612386101208375	-0.0925064950913490
0.5611427944538142	-0.0925042979002277
0.5610470695173707	-0.0925020922749915
0.5609514351993541	-0.0924998782219790
0.5608558913885946	-0.0924976557464936
0.5607604379737371	-0.0924954248550248
0.5606650748436780	-0.0924931855532308
0.5605698018876331	-0.0924909378470862
0.5604746189949974	-0.0924886817422487
0.5603795260554000	-0.0924864172445438
0.5602845229588647	-0.0924841443597742
0.5601896095952401	-0.0924818630937057
0.5600947858552831	-0.0924795734518504
0.5600000516294589	-0.0924772754393140
0.5599054068082945	-0.0924749690629346
0.5598108512832913	-0.0924726543271464
0.5597163849455303	-0.0924703312378534
0.5596220076866260	-0.0924679998004786
0.5595277193984775	-0.0924656600204367
0.5594335199728230	-0.0924633119029843
0.5593394093021482	-0.0924609554536327
0.5592453872786615	-0.0924585906776867
0.5591514537954225	-0.0924562175799863
0.5590576087450239	-0.0924538361664889
0.5589638520208942	-0.0924514464414335
0.5588701835163323	-0.0924490484106990
0.5587766031249346	-0.0924466420792083
0.5586831107405005	-0.0924442274518744
0.5585897062572562	-0.0924418045338420
0.5584963895692805	-0.0924393733301563
0.5584031605713251	-0.0924369338456176
0.5583100191580421	-0.0924344860849985
0.5582169652243033	-0.0924320300533392
0.5581239986654506	-0.0924295657560874
0.5580311193767384	-0.0924270931965957
0.5579383272540188	-0.0924246123807759
0.5578456221931036	-0.0924221233129194
0.5577530040900028	-0.0924196259977792
0.5576604728411149	-0.0924171204400054
0.5575680283429311	-0.0924146066442042
0.5574756704921486	-0.0924120846148054
0.5573833991858596	-0.0924095543561931
0.5572912143212139	-0.0924070158740048
0.5571991157954239	-0.0924044691709980
0.5571071035061967	-0.0924019142520411
0.5570151773516122	-0.0923993511221302
0.5569233372294610	-0.0923967797852648
0.5568315830380156	-0.0923942002457854
0.5567399146759371	-0.0923916125077473
0.5566483320419306	-0.0923890165755067
0.5565568350346315	-0.0923864124533922
0.5564654235536473	-0.0923838001455717
0.5563740974977224	-0.0923811796557724
0.5562828567665238	-0.0923785509880680
0.5561917012603027	-0.0923759141466098
0.5561006308786266	-0.0923732691356696
0.5560096455217255	-0.0923706159589028
0.5559187450901169	-0.0923679546203653
0.5558279294842908	-0.0923652851239709
0.5557371986052240	-0.0923626074733283
0.5556465523536180	-0.0923599216722851
0.5555559906310313	-0.0923572277249038
0.5554655133387330	-0.0923545256347462
0.5553751203783702	-0.0923518154051318
0.5552848116516796	-0.0923490970406247
0.5551945870609232	-0.0923463705440828
0.5551044465084448	-0.0923436359191150
0.5550143898963055	-0.0923408931695912
0.5549244171275803	-0.0923381422987626
0.5548345281051176	-0.0923353833102359
0.5547447227316721	-0.0923326162075066
0.5546550009109746	-0.0923298409940896
0.5545653625462201	-0.0923270576727708
0.5544758075407336	-0.0923242662475334
0.5543863357986127	-0.0923214667211570
0.5542969472244614	-0.0923186590972762
0.5542076417221177	-0.0923158433790663
0.5541184191961732	-0.0923130195694833
0.5540292795512457	-0.0923101876718214
0.5539402226922828	-0.0923073476893255
0.5538512485243322	-0.0923044996246806
0.5537623569526021	-0.0923016434811001
0.5536735478826479	-0.0922987792622197
0.5535848212200973	-0.0922959069703860
0.5534961768706498	-0.0922930266077041
0.5534076147406268	-0.0922901381784393
0.5533191347361516	-0.0922872416849258
0.5532307367638297	-0.0922843371300891
0.5531424207299273	-0.0922814245166262
0.5530541865418667	-0.0922785038472454
0.5529660341060701	-0.0922755751248773
0.5528779633301052	-0.0922726383519223
0.5527899741210839	-0.0922696935309115
0.5527020663867818	-0.0922667406646365
0.5526142400352710	-0.0922637797564875
0.5525264949741913	-0.0922608108077195
0.5524388311117397	-0.0922578338213460
0.5523512483562546	-0.0922548487999608
0.5522637466165401	-0.0922518557457103
0.5521763258009117	-0.0922488546612744
0.5520889858186491	-0.0922458455487708
0.5520017265788625	-0.0922428284105500
0.5519145479903469	-0.0922398032492422
0.5518274499631279	-0.0922367700670363
0.5517404324071848	-0.0922337288653706
0.5516534952313834	-0.0922306796474271
0.5515666383465544	-0.0922276224148787
0.5514798616625834	-0.0922245571699197
0.5513931650898597	-0.0922214839147451
0.5513065485390978	-0.0922184026511304
0.5512200119212017	-0.0922153133811692
0.5511335551469839	-0.0922122161073097
0.5510471781274485	-0.0922091108307560
0.5509608807738178	-0.0922059975542509
0.5508746629978790	-0.0922028762784790
0.5507885247113881	-0.0921997470061980
0.5507024658260105	-0.0921966097391238
0.5506164862539052	-0.0921934644787993
0.5505305859073170	-0.0921903112270712
0.5504447646984982	-0.0921871499857541
0.5503590225403163	-0.0921839807562169
0.5502733593446187	-0.0921808035402149
0.5501877750257000	-0.0921776183391573
0.5501022694962197	-0.0921744251549329
0.5500168426685703	-0.0921712239889950
0.5499314944572590	-0.0921680148427763
0.5498462247755904	-0.0921647977180045
0.5497610335372277	-0.0921615726155889
0.5496759206561831	-0.0921583395370785
0.5495908860470462	-0.0921550984839459
0.5495059296233671	-0.0921518494577487
0.5494210513004536	-0.0921485924594072
0.5493362509934593	-0.0921453274904223
0.5492515286147435	-0.0921420545513892
0.5491668840823641	-0.0921387736442576
0.5490823173098817	-0.0921354847697703
0.5489978282128731	-0.0921321879292442
0.5489134167070260	-0.0921288831235979
0.5488290827079152	-0.0921255703541720
0.5487448261321188	-0.0921222496216200
0.5486606468942535	-0.0921189209272279
0.5485765449119359	-0.0921155842714384
0.5484925201009487	-0.0921122396559425
0.5484085723775926	-0.0921088870802784
0.5483247016594551	-0.0921055265473153
0.5482409078627948	-0.0921021580562078
0.5481571909046834	-0.0920987816085113
0.5480735507023543	-0.0920953972045092
0.5479899871734629	-0.0920920048452731
0.5479065002352654	-0.0920886045310828
0.5478230898056271	-0.0920851962625707
0.5477397558025948	-0.0920817800409702
0.5476564981437371	-0.0920783558666399
0.5475733167484593	-0.0920749237405447
0.5474902115333456	-0.0920714836617113
0.5474071824181608	-0.0920680356315548
0.5473242293213048	-0.0920645796509005
0.5472413521617414	-0.0920611157192980
0.5471585508587248	-0.0920576438377998
0.5470758253307664	-0.0920541640069270
0.5469931754976038	-0.0920506762255951
0.5469106012792018	-0.0920471804957081
0.5468281025950604	-0.0920436768173682
0.5467456793637498	-0.0920401651896640
0.5466633311627149	-0.0920366461915478
0.5465810582278736	-0.0920331187696067
0.5464988615954626	-0.0920295826147669
0.5464167393816918	-0.0920260391934812
0.5463346922232535	-0.0920224878238571
0.5462527200412428	-0.0920189285059071
0.5461708227559307	-0.0920153612394037
0.5460890002893091	-0.0920117860246635
0.5460072525616572	-0.0920082028619450
0.5459255794965837	-0.0920046117513230
0.5458439806610155	-0.0920010132938708
0.5457624563573025	-0.0919974064171489
0.5456810074794900	-0.0919937907243385
0.5455996322743495	-0.0919901678170517
0.5455183313395355	-0.0919865369600518
0.5454371045974294	-0.0919828981528427
0.5453559519704252	-0.0919792513955275
0.5452748733815560	-0.0919755966878020
0.5451938687525288	-0.0919719340285689
0.5451129380078068	-0.0919682634177553
0.5450320807504037	-0.0919645853528259
0.5449512971238129	-0.0919608990881283
0.5448705883069396	-0.0919572038705245
0.5447899523292855	-0.0919535014482095
0.5447093898517514	-0.0919497910716256
0.5446289007987318	-0.0919460727395189
0.5445484850949840	-0.0919423464523698
0.5444681426636101	-0.0919386122081953
0.5443878734280745	-0.0919348700065452
0.5443076773159531	-0.0919311198478162
0.5442275538525186	-0.0919273623918815
0.5441475034134703	-0.0919235962602305
0.5440675269513852	-0.0919198216143362
0.5439876225717029	-0.0919160396148975
0.5439077909375236	-0.0919122496529516
0.5438280319749224	-0.0919084517279929
0.5437483456092934	-0.0919046458383076
0.5436687317658293	-0.0919008319836369
0.5435891903706042	-0.0918970101615000
0.5435097213489776	-0.0918931803729595
0.5434303242108227	-0.0918893431870857
0.5433509993539366	-0.0918854974121442
0.5432717477908818	-0.0918816431878436
0.5431925675279398	-0.0918777815162027
0.5431134592708695	-0.0918739118711312
0.5430344229469640	-0.0918700342512418
0.5429554584819039	-0.0918661486553746
0.5428765658030459	-0.0918622550807165
0.5427977448384982	-0.0918583535273884
0.5427189955150024	-0.0918544439941998
0.5426403173352469	-0.0918505269681266
0.5425617108406348	-0.0918466015761707
0.5424831740492246	-0.0918426694877272
0.5424047131857664	-0.0918387260241470
0.5423263209834271	-0.0918347765648714
0.5422479999894998	-0.0918308191160987
0.5421697501318394	-0.0918268536754376
0.5420915713394987	-0.0918228802423153
0.5420134635410349	-0.0918188988151611
0.5419354266629892	-0.0918149093888306
0.5418574603103875	-0.0918109125088542
0.5417795645961908	-0.0918069071936156
0.5417017379594452	-0.0918028947065304
0.5416239869596440	-0.0917988716838366
0.5415463036307823	-0.0917948422474923
0.5414686907988210	-0.0917908048026308
0.5413911483954518	-0.0917867593487570
0.5413136763483987	-0.0917827058828407
0.5412362745875432	-0.0917786444021489
0.5411589430454699	-0.0917745749059709
0.5410816815156748	-0.0917704980416271
0.5410044898180206	-0.0917664123045339
0.5409273662855271	-0.0917623204180194
0.5408503117335987	-0.0917582217331700
0.5407733361555879	-0.0917541071063157
0.5406964244562309	-0.0917499894676617
0.5406195824885771	-0.0917458637971105
0.5405428101825227	-0.0917417300928755
0.5404661074720637	-0.0917375883535603
0.5403894742872601	-0.0917334385717903
0.5403129101501191	-0.0917292812847196
0.5402364155510709	-0.0917251155516483
0.5401599885581044	-0.0917209430619528
0.5400836303924932	-0.0917167635345524
0.5400073488547174	-0.0917125690057753
0.5399311313915913	-0.0917083709406950
0.5398549829753287	-0.0917041648203568
0.5397789035423222	-0.0916999506394861
0.5397028930215036	-0.0916957283997231
0.5396269513510497	-0.0916914980889102
0.5395510778762646	-0.0916872601824619
0.5394752734396130	-0.0916830134093654
0.5393995364467999	-0.0916787610966964
0.5393238656892476	-0.0916745015906701
0.5392482624933237	-0.0916702346392222
0.5391727292296810	-0.0916659591743602
0.5390972817350420	-0.0916616598911982
0.5390218884299515	-0.0916573649648022
0.5389465633754951	-0.0916530619457808
0.5388713064969369	-0.0916487508360027
0.5387961174454003	-0.0916444320120467
0.5387209964411200	-0.0916401049062160
0.5386459408313705	-0.0916357710249958
0.5385709531771093	-0.0916314309684238
0.5384960317057876	-0.0916270805825071
0.5384211761676952	-0.0916227261034809
0.5383463883650973	-0.0916183646767383
0.5382716981334459	-0.0916139701872485
0.5381970519391100	-0.0916095860911199
0.5381224732698211	-0.0916051938615698
0.5380479616762505	-0.0916007940964541
0.5379735173121246	-0.0915963854921695
0.5378991385607674	-0.0915919707299467
0.5378248283942209	-0.0915875472319845
0.5377505809327163	-0.0915831182834120
0.5376763979497440	-0.0915786812564483
0.5376022854101193	-0.0915742410094749
0.5375282329157639	-0.0915697877966594
0.5374542933725479	-0.0915652975899144
0.5373803864472974	-0.0915608239087547
0.5373065459491410	-0.0915563426515115
0.5372327727921534	-0.0915518534344064
0.5371590635716298	-0.0915473551910665
0.5370854223870847	-0.0915428514461277
0.5370118444868494	-0.0915383411382766
0.5369383299537200	-0.0915338214489393
0.5368648818290572	-0.0915292962626032
0.5367914982991630	-0.0915247634642273
0.5367181837124507	-0.0915202253724195
0.5366449293220802	-0.0915156757783237
0.5365718067031064	-0.0915110746274432
0.5364986963882540	-0.0915065025814560
0.5364256515960961	-0.0915019241100593
0.5363526706648420	-0.0914973370720352
0.5362797558947734	-0.0914927449239277
0.5362069071399540	-0.0914881453740984
0.5361341203423758	-0.0914835376623216
0.5360613976318267	-0.0914789197296152
0.5359887387729259	-0.0914743027340130
0.5359161424705857	-0.0914696748919789
0.5358436801417139	-0.0914649849352325
0.5357712283163476	-0.0914603299130995
0.5356988411514442	-0.0914556697434831
0.5356265178783497	-0.0914510022796058
0.5355542551927635	-0.0914463270116496
0.5354820649642017	-0.0914416427961994
0.5354099335476952	-0.0914369494745829
0.5353378592697270	-0.0914322534081454
0.5352658597810447	-0.0914275485776064
0.5351939174786906	-0.0914228260913436
0.5351221051606213	-0.0914180705881597
0.5350503053533309	-0.0914133324292575
0.5349785691616221	-0.0914085891535305
0.5349068968100379	-0.0914038374946171
0.5348352896763561	-0.0913990785732184
0.5347637421073483	-0.0913943093308505
0.5346922559473699	-0.0913895370008623
0.5346208364807166	-0.0913847612161327
0.5345494802579007	-0.0913799764166103
0.5344781825442817	-0.0913751788430732
0.5344070224520175	-0.0913703259417309
0.5343358685025583	-0.0913655062476240
0.5342647758884734	-0.0913606792287231
0.5341937513267834	-0.0913558429339700
0.5341227846198758	-0.0913510028029766
0.5340518828158956	-0.0913461551589256
0.5339810435941997	-0.0913412994045046
0.5339102655037259	-0.0913364216706358
0.5338395500056097	-0.0913315701825392
0.5337688971591626	-0.0913266859470650
0.5336983699916235	-0.0913217471972968
0.5336278558466577	-0.0913168432115555
0.5335574057579751	-0.0913119319117589
0.5334870148308584	-0.0913070165329661
0.5334166857926879	-0.0913020903626382
0.5333464225450684	-0.0912971526975504
0.5332762202096751	-0.0912922108211638
0.5332060838419430	-0.0912872701087259
0.5331360067851630	-0.0912823119094708
0.5330659989111365	-0.0912773534819296
0.5329960934795558	-0.0912723274073902
0.5329262143057596	-0.0912673407960237
0.5328563977419636	-0.0912623436762306
0.5327866378775750	-0.0912573408680111
0.5327169419200236	-0.0912523289061332
0.5326473083560872	-0.0912473078689947
0.5325777380657282	-0.0912422934827516
0.5325082333001757	-0.0912372486828214
0.5324387744573250	-0.0912322067198468
0.5323693796536957	-0.0912271585787881
0.5323001322163383	-0.0912220643085853
0.5322308822717792	-0.0912169907674443
0.5321616908116368	-0.0912119129663529
0.5320925604944654	-0.0912068196745575
0.5320235007638917	-0.0912017287886897
0.5319544739874305	-0.0911966238875299
0.5318855430732014	-0.0911915106372460
0.5318166605514378	-0.0911864035771482
0.5317478403331671	-0.0911812746424673
0.5316790799347947	-0.0911761198419921
0.5316104312273507	-0.0911709468841943
0.5315418042367022	-0.0911657875769911
0.5314732338251703	-0.0911606230026593
0.5314047186398766	-0.0911554471121327
0.5313362802502724	-0.0911502776817801
0.5312678914569330	-0.0911450740098993
0.5311995680994243	-0.0911398795365150
0.5311313073964697	-0.0911346766579749
0.5310630961653536	-0.0911294816607090
0.5309949584153189	-0.0911242129097115
0.5309269354204312	-0.0911189746710426
0.5308589255798261	-0.0911137292861286
0.5307909770201195	-0.0911084778593357
0.5307230886416002	-0.0911032151513961
0.5306552406765079	-0.0910979540392394
0.5305874762038900	-0.0910926771545678
0.5305197818765491	-0.0910873972193683
0.5304521385586100	-0.0910821075424889
0.5303845193053854	-0.0910768065327755
0.5303169666900612	-0.0910714968343506
0.5302434396135117	-0.0910670024578910
0.5301821954777962	-0.0910608029915859
0.5301148428478464	-0.0910554699913128
0.5300475675918500	-0.0910501224631398
0.5299803522793802	-0.0910447626541860
0.5299131904847125	-0.0910394079831374
0.5298460917400225	-0.0910340538366798
0.5297790483113211	-0.0910286415610124
0.5297120708898603	-0.0910232321989785
0.5296450931290712	-0.0910178559609008
0.5295783345855092	-0.0910124366834624
0.5295044340268422	-0.0910063738196371
0.5294305334681753	-0.0910003109558117
0.5293781472170009	-0.0909961479163977
0.5293115381290703	-0.0909906970191861
0.5292449687877970	-0.0909852674376509
0.5291784913595071	-0.0909797856258428
0.5291120644053404	-0.0909743281616401
0.5290456542703059	-0.0909688329317903
0.5289793155229532	-0.0909633222086940
0.5289132295575066	-0.0909578709090339
0.5288393289988397	-0.0909518080452085
0.5287654284401727	-0.0909457451813831
0.5286915278815059	-0.0909396823175578
0.5286176273228389	-0.0909336194537324
0.5285827718565547	-0.0909302366386299
0.5285168709245371	-0.0909246799207725
0.5284510313846117	-0.0909191362625102
0.5283852760244023	-0.0909135691893167
0.5283195247542669	-0.0909079809986851
0.5282481245295041	-0.0909033051346054
0.5281742239708371	-0.0908972422707800
0.5281003234121702	-0.0908911794069546
0.5280264228535032	-0.0908851165431292
0.5279525222948362	-0.0908790536793038
0.5278786217361693	-0.0908729908154784
0.5278047211775024	-0.0908669279516530
0.5277308206188354	-0.0908608650878276
0.5276569200601685	-0.0908548022240022
0.5275830195015015	-0.0908487393601769
0.5275830195015015	-0.0908487393601769
0.5275091189428346	-0.0908426764963515
0.5274352183841676	-0.0908366136325261
0.5273613178255008	-0.0908305507687007
0.5272874172668338	-0.0908244879048753
0.5272135167081669	-0.0908184250410499
0.5271396161494999	-0.0908123621772245
0.5270657155908329	-0.0908062993133991
0.5269918150321660	-0.0908002364495737
0.5269179144734990	-0.0907941735857483
0.5269179144734990	-0.0907941735857483
0.5268440139148320	-0.0907881107219229
0.5267701133561651	-0.0907820478580975
0.5266962127974981	-0.0907759849942722
0.5266223122388312	-0.0907699221304468
0.5265484116801642	-0.0907638592666214
0.5264745111214972	-0.0907577964027960
0.5264006105628304	-0.0907517335389706
0.5263267100041634	-0.0907456706751452
0.5262528094454965	-0.0907396078113198
0.5262528094454965	-0.0907396078113198
0.5261789088868295	-0.0907335449474944
0.5261050083281626	-0.0907274820836690
0.5260311077694957	-0.0907214192198436
0.5259572072108287	-0.0907153563560182
0.5258833066521618	-0.0907092934921928
0.5258094060934948	-0.0907032306283675
0.5257355055348278	-0.0906971677645420
0.5256616049761609	-0.0906911049007167
0.5255877044174939	-0.0906850420368913
0.5255877044174939	-0.0906850420368913
0.5255138038588270	-0.0906789791730659
0.5254399033001600	-0.0906729163092405
0.5253660027414931	-0.0906668534454151
0.5252921021828261	-0.0906607905815897
0.5252182016241591	-0.0906547277177643
0.5251443010654923	-0.0906486648539389
0.5250704005068253	-0.0906426019901135
0.5249964999481583	-0.0906365391262881
0.5249225993894914	-0.0906304762624627
0.5249225993894914	-0.0906304762624627
0.5248486988308244	-0.0906244133986373
0.5247747982721575	-0.0906183505348120
0.5247008977134906	-0.0906122876709866
0.5246269971548235	-0.0906062248071612
0.5245530965961566	-0.0906001619433358
0.5244791960374897	-0.0905940990795104
0.5244052954788228	-0.0905880362156850
0.5243313949201558	-0.0905819733518596
0.5242574943614888	-0.0905759104880342
0.5242574943614888	-0.0905759104880342
0.5241835938028219	-0.0905698476242088
0.5241096932441549	-0.0905637847603834
0.5240357926854879	-0.0905577218965581
0.5239618921268210	-0.0905516590327327
0.5238879915681541	-0.0905455961689073
0.5238140910094872	-0.0905395333050819
0.5237401904508202	-0.0905334704412565
0.5236662898921532	-0.0905274075774311
0.5235923893334863	-0.0905213447136057
0.5235923893334863	-0.0905213447136057
0.5235184887748193	-0.0905152818497803
0.5234445882161524	-0.0905092189859549
0.5233706876574855	-0.0905031561221295
0.5232967870988185	-0.0904970932583041
0.5232228865401516	-0.0904910303944787
0.5231489859814846	-0.0904849675306533
0.5230750854228177	-0.0904789046668280
0.5230011848641507	-0.0904728418030026
0.5229272843054837	-0.0904667789391772
0.5229272843054837	-0.0904667789391772
0.5228533837468168	-0.0904607160753518
0.5227794831881498	-0.0904546532115264
0.5227055826294829	-0.0904485903477010
0.5226316820708159	-0.0904425274838756
0.5225577815121490	-0.0904364646200502
0.5224838809534820	-0.0904304017562248
0.5224099803948151	-0.0904243388923994
0.5223360798361482	-0.0904182760285740
0.5222621792774812	-0.0904122131647486
0.5222621792774812	-0.0904122131647486
0.5221882787188142	-0.0904061503009232
0.5221143781601473	-0.0904000874370979
0.5220404776014804	-0.0903940245732725
0.5219665770428135	-0.0903879617094471
0.5218926764841465	-0.0903818988456217
0.5218187759254795	-0.0903758359817963
0.5217448753668126	-0.0903697731179709
0.5216709748081456	-0.0903637102541455
0.5215970742494787	-0.0903576473903201
0.5215970742494787	-0.0903576473903201
0.5215231736908117	-0.0903515845264947
0.5214492731321447	-0.0903455216626693
0.5213753725734779	-0.0903394587988439
0.5213014720148108	-0.0903333959350185
0.5212275714561438	-0.0903273330711931
0.5211536708974770	-0.0903212702073678
0.5210797703388100	-0.0903152073435424
0.5210058697801431	-0.0903091444797170
0.5209319692214761	-0.0903030816158916
0.5209319692214761	-0.0903030816158916
0.5208580686628091	-0.0902970187520662
0.5207841681041422	-0.0902909558882408
0.5207102675454753	-0.0902848930244154
0.5206363669868084	-0.0902788301605900
0.5205624664281414	-0.0902727672967646
0.5204885658694745	-0.0902667044329392
0.5204146653108075	-0.0902606415691138
0.5203407647521405	-0.0902545787052884
0.5202668641934736	-0.0902485158414631
0.5202668641934736	-0.0902485158414631
0.5201929636348066	-0.0902424529776377
0.5201190630761396	-0.0902363901138123
0.5200451625174727	-0.0902303272499869
0.5199712619588057	-0.0902242643861615
0.5198973614001388	-0.0902182015223361
0.5198234608414719	-0.0902121386585107
0.5197495602828049	-0.0902060757946853
0.5196756597241380	-0.0902000129308599
0.5196017591654710	-0.0901939500670345
0.5196017591654710	-0.0901939500670345
0.5195278586068041	-0.0901878872032091
0.5194539580481371	-0.0901818243393837
0.5193800574894702	-0.0901757614755584
0.5193061569308032	-0.0901696986117330
0.5192322563721363	-0.0901636357479076
0.5191583558134694	-0.0901575728840822
0.5190844552548024	-0.0901515100202568
0.5190105546961354	-0.0901454471564314
0.5189366541374685	-0.0901393842926060
0.5189366541374685	-0.0901393842926060
0.5188627535788015	-0.0901333214287806
0.5187888530201346	-0.0901272585649552
0.5187149524614676	-0.0901211957011298
0.5186410519028006	-0.0901151328373044
0.5185671513441337	-0.0901090699734790
0.5184932507854667	-0.0901030071096536
0.5184193502267999	-0.0900969442458283
0.5183454496681329	-0.0900908813820029
0.5182715491094659	-0.0900848185181775
0.5182715491094659	-0.0900848185181775
0.5181976485507990	-0.0900787556543521
0.5181237479921320	-0.0900726927905267
0.5180498474334652	-0.0900666299267013
0.5179759468747981	-0.0900605670628759
0.5179020463161312	-0.0900545041990505
0.5178281457574643	-0.0900484413352251
0.5177542451987973	-0.0900423784713997
0.5176803446401304	-0.0900363156075743
0.5176064440814634	-0.0900302527437489
0.5176064440814634	-0.0900302527437489
0.5175325435227964	-0.0900241898799236
0.5174586429641295	-0.0900181270160982
0.5173847424054626	-0.0900120641522728
0.5173108418467957	-0.0900060012884474
0.5172369412881287	-0.0899999384246220
0.5171630407294617	-0.0899938755607966
0.5170891401707948	-0.0899878126969712
0.5170152396121278	-0.0899817498331458
0.5169413390534608	-0.0899756869693204
0.5169413390534608	-0.0899756869693204
0.5168674384947939	-0.0899696241054950
0.5167935379361269	-0.0899635612416696
0.5167196373774601	-0.0899574983778443
0.5166457368187931	-0.0899514355140189
0.5165718362601261	-0.0899453726501935
0.5164979357014592	-0.0899393097863681
0.5164240351427922	-0.0899332469225427
0.5163501345841253	-0.0899271840587173
0.5162762340254583	-0.0899211211948919
0.5162762340254583	-0.0899211211948919
0.5162023334667913	-0.0899150583310665
0.5161284329081244	-0.0899089954672411
0.5160545323494574	-0.0899029326034157
0.5159806317907905	-0.0898968697395903
0.5159067312321235	-0.0898908068757649
0.5158328306734566	-0.0898847440119395
0.5157589301147896	-0.0898786811481141
0.5156850295561227	-0.0898726182842887
0.5156111289974558	-0.0898665554204634
0.5156111289974558	-0.0898665554204634
0.5155372284387888	-0.0898604925566380
0.5154633278801218	-0.0898544296928126
0.5153894273214550	-0.0898483668289872
0.5153155267627880	-0.0898423039651618
0.5152416262041211	-0.0898362411013364
0.5151677256454541	-0.0898301782375110
0.5150938250867871	-0.0898241153736856
0.5150199245281202	-0.0898180525098602
0.5149460239694532	-0.0898119896460348
0.5149460239694532	-0.0898119896460348
0.5148721234107863	-0.0898059267822094
0.5147982228521193	-0.0897998639183840
0.5147243222934523	-0.0897938010545587
0.5146504217347854	-0.0897877381907333
0.5145765211761184	-0.0897816753269079
0.5145026206174514	-0.0897756124630825
0.5144287200587846	-0.0897695495992571
0.5143548195001176	-0.0897634867354317
0.5142809189414507	-0.0897574238716063
0.5142809189414507	-0.0897574238716063
0.5142070183827837	-0.0897513610077809
0.5141331178241169	-0.0897452981439555
0.5140592172654499	-0.0897392352801301
0.5139853167067829	-0.0897331724163047
0.5139114161481160	-0.0897271095524793
0.5138375155894490	-0.0897210466886540
0.5137636150307821	-0.0897149838248286
0.5136897144721151	-0.0897089209610032
0.5136158139134481	-0.0897028580971778
0.5136158139134481	-0.0897028580971778
0.5135419133547812	-0.0896967952333524
0.5134680127961142	-0.0896907323695270
0.5133941122374474	-0.0896846695057016
0.5133202116787803	-0.0896786066418762
0.5132463111201133	-0.0896725437780508
0.5131724105614465	-0.0896664809142254
0.5130985100027795	-0.0896604180504000
0.5130246094441125	-0.0896543551865746
0.5129507088854456	-0.0896482923227492
0.5129507088854456	-0.0896482923227492
0.5128768083267786	-0.0896422294589238
0.5128029077681117	-0.0896361665950985
0.5127290072094448	-0.0896301037312731
0.5126551066507777	-0.0896240408674477
0.5125812060921108	-0.0896179780036223
0.5125073055334439	-0.0896119151397969
0.5124334049747770	-0.0896058522759715
0.5123595044161100	-0.0895997894121461
0.5122856038574430	-0.0895937265483207
0.5122856038574430	-0.0895937265483207
0.5122117032987761	-0.0895876636844953
0.5121378027401092	-0.0895816008206699
0.5120639021814422	-0.0895755379568445
0.5119900016227753	-0.0895694750930192
0.5119161010641082	-0.0895634122291938
0.5118422005054413	-0.0895573493653684
0.5117682999467743	-0.0895512865015430
0.5116943993881076	-0.0895452236377176
0.5116204988294405	-0.0895391607738922
