0.3010534546123796	-0.4782769832230661
0.3012256090651365	-0.4782320854320172
0.3013979319653209	-0.4781871272011083
0.3015704236041981	-0.4781421083884965
0.3017430842739079	-0.4780970288517850
0.3019159142674801	-0.4780518884481356
0.3020889138787735	-0.4780066870342264
0.3022620834025394	-0.4779614244662497
0.3024354231343817	-0.4779161005999498
0.3026089333708187	-0.4778707152905161
0.3027826144091991	-0.4778252683927671
0.3029564665477936	-0.4777797597609391
0.3031304900857409	-0.4777341892488438
0.3033046853230826	-0.4776885567097446
0.3034790525607375	-0.4776428619964859
0.3036535921005564	-0.4775971049613472
0.3038283042452578	-0.4775512854561670
0.3040031892984744	-0.4775054033322711
0.3041782475647541	-0.4774594584404668
0.3043534793495703	-0.4774134506310930
0.3045288849592775	-0.4773673797539595
0.3047044647011824	-0.4773212456583913
0.3048802188835029	-0.4772750481932096
0.3050561478154054	-0.4772287872066785
0.3052322518069512	-0.4771824625466348
0.3054085311691772	-0.4771360740603111
0.3055849862140168	-0.4770896215944965
0.3057616172543852	-0.4770431049954433
0.3059384246041320	-0.4769965241088735
0.3061154085780545	-0.4769498787799754
0.3062925694919095	-0.4769031688534571
0.3064699076624058	-0.4768563941734550
0.3066474234072361	-0.4768095545836140
0.3068251170450268	-0.4767626499270256
0.3070029888954227	-0.4767156800462548
0.3071810392789925	-0.4766686447833582
0.3073592685173128	-0.4766215439798197
0.3075376769329524	-0.4765743774765996
0.3077162648494446	-0.4765271451141257
0.3078950325913266	-0.4764798467322521
0.3080739804841244	-0.4764324821703455
0.3082531088543749	-0.4763850512671748
0.3084324180296266	-0.4763375538609709
0.3086119083384034	-0.4762899897894217
0.3087915801102732	-0.4762423588896764
0.3089714336758270	-0.4761946609982671
0.3091514693666346	-0.4761468959512493
0.3093316875153402	-0.4760990635840653
0.3095120884555757	-0.4760511637315937
0.3096926725220422	-0.4760031962281865
0.3098734400504607	-0.4759551609075796
0.3100543913775959	-0.4759070576029582
0.3102355268412710	-0.4758588861469581
0.3104168467803657	-0.4758106463715979
0.3105983515347763	-0.4757623381083627
0.3107800414455199	-0.4757139611881106
0.3109619168546179	-0.4756655154411690
0.3111439781052183	-0.4756170006972357
0.3113262255415037	-0.4755684167854351
0.3115086595087498	-0.4755197635343264
0.3116912803533198	-0.4754710407718312
0.3118740884226712	-0.4754222483253164
0.3120570840653182	-0.4753733860215518
0.3122402676309329	-0.4753244536866614
0.3124236394702222	-0.4752754511462247
0.3126071999350681	-0.4752263782251687
0.3127909493784062	-0.4751772347478491
0.3129748881543378	-0.4751280205379862
0.3131590166180364	-0.4750787354187088
0.3133433351258536	-0.4750293792125126
0.3135278440352316	-0.4749799517412806
0.3137125437047605	-0.4749304528262940
0.3138974344941877	-0.4748808822881810
0.3140825167643831	-0.4748312399469590
0.3142677908773925	-0.4747815256220034
0.3144532571963844	-0.4747317391320992
0.3146389160857244	-0.4746818802953534
0.3148247679109205	-0.4746319489292401
0.3150108130386709	-0.4745819448506168
0.3151970518368135	-0.4745318678756956
0.3153834846744197	-0.4744817178200285
0.3155701119217034	-0.4744314944985258
0.3157569339501003	-0.4743811977254416
0.3159439511322240	-0.4743308273143972
0.3161311638418948	-0.4742803830783358
0.3163185724541451	-0.4742298648295481
0.3165061773452199	-0.4741792723796672
0.3166939788925757	-0.4741286055396711
0.3168819774749032	-0.4740778641198408
0.3170701734721181	-0.4740270479297912
0.3172585672653666	-0.4739761567784922
0.3174471592370307	-0.4739251904742335
0.3176359497707493	-0.4738741488245899
0.3178249392514084	-0.4738230316364836
0.3180141280651492	-0.4737718387161408
0.3182035165993704	-0.4737205698691105
0.3183931052427421	-0.4736692249002238
0.3185828943852245	-0.4736178036136426
0.3187728844180142	-0.4735663058128330
0.3189630757336491	-0.4735147313005272
0.3191534687258944	-0.4734630798788008
0.3193440637898686	-0.4734113513489762
0.3195348613219587	-0.4733595455116937
0.3197258617198676	-0.4733076621668751
0.3199170653826208	-0.4732557011137136
0.3201084727105504	-0.4732036621507046
0.3203000841053121	-0.4731515450755967
0.3204918999699146	-0.4730993496854168
0.3206839207086716	-0.4730470757764962
0.3208761467272752	-0.4729947231443658
0.3210685784327437	-0.4729422915838805
0.3212612162334528	-0.4728897808891334
0.3214540605391447	-0.4728371908534703
0.3216471117609307	-0.4727845212695000
0.3218403703112988	-0.4727317719290662
0.3220338366041101	-0.4726789426232782
0.3222275110546184	-0.4726260331424744
0.3224213940794537	-0.4725730432762506
0.3226154860966755	-0.4725199728134188
0.3228097875257279	-0.4724668215420311
0.3230042987874665	-0.4724135892493690
0.3231990203041785	-0.4723602757219390
0.3233939524995643	-0.4723068807454792
0.3235890957987596	-0.4722534041049340
0.3237844506283324	-0.4721998455844784
0.3239800174163158	-0.4721462049674723
0.3241757965921740	-0.4720924820365006
0.3243717885868237	-0.4720386765733723
0.3245679938326764	-0.4719847883590491
0.3247644127635819	-0.4719308171737283
0.3249610458148938	-0.4718767627967917
0.3251578934234357	-0.4718226250067926
0.3253549560275228	-0.4717684035815061
0.3255522340669835	-0.4717140982978445
0.3257497279831352	-0.4716597089319357
0.3259474382188223	-0.4716052352590490
0.3261453652183954	-0.4715506770536634
0.3263435094277457	-0.4714960340893906
0.3265418712942924	-0.4714413061390024
0.3267404512669884	-0.4713864929744661
0.3269392497963493	-0.4713315943668629
0.3271382673344362	-0.4712766100864406
0.3273375043348849	-0.4712215399026004
0.3275369612528751	-0.4711663835838876
0.3277366385452079	-0.4711111408979568
0.3279365366702242	-0.4710558116116336
0.3281366560878812	-0.4710003954908479
0.3283369972597380	-0.4709448923006671
0.3285375606489509	-0.4708893018052830
0.3287383467203043	-0.4708336237679918
0.3289393559401920	-0.4707778579512141
0.3291405887766406	-0.4707220041164812
0.3293420456993255	-0.4706660620244216
0.3295437271795528	-0.4706100314347673
0.3297456336903059	-0.4705539121063392
0.3299477657062018	-0.4704977037970696
0.3301501237035451	-0.4704414062639570
0.3303527081603159	-0.4703850192630963
0.3305555195561654	-0.4703285425496568
0.3307585583724736	-0.4702719758778722
0.3309618250922728	-0.4702153190010704
0.3311653202003547	-0.4701585716716132
0.3313690441831959	-0.4701017336409420
0.3315729975290060	-0.4700448046595642
0.3317771807277461	-0.4699877844770071
0.3319815942711039	-0.4699306728418707
0.3321862386525098	-0.4698734695017935
0.3323911143671797	-0.4698161742034388
0.3325962219120822	-0.4697587866925165
0.3328015617859666	-0.4697013067137467
0.3330071344893696	-0.4696437340108980
0.3332129405246162	-0.4695860683267251
0.3334189803958337	-0.4695283094030353
0.3336252546089745	-0.4694704569806036
0.3338317636717964	-0.4694125107992418
0.3340385080938952	-0.4693544705977458
0.3342454883867078	-0.4692963361138898
0.3344527050635041	-0.4692381070844691
0.3346601586394311	-0.4691797832452392
0.3348678496314823	-0.4691213643309403
0.3350757785585313	-0.4690628500752839
0.3352839459413479	-0.4690042402109569
0.3354923523025811	-0.4689455344696032
0.3357009981667822	-0.4688867325818272
0.3359098840604316	-0.4688278342771682
0.3361190105119066	-0.4687688392841496
0.3363283780515289	-0.4687097473302093
0.3365379872115630	-0.4686505581417215
0.3367478385262164	-0.4685912714440083
0.3369579325316577	-0.4685318869612962
0.3371682697660273	-0.4684724044167575
0.3373788507694523	-0.4684128235324496
0.3375896760840234	-0.4683531440293658
0.3378007462538625	-0.4682933656273927
0.3380120618250792	-0.4682334880453048
0.3382236233458047	-0.4681735110007900
0.3384354313662054	-0.4681134342104040
0.3386474864384853	-0.4680532573895966
0.3388597891168963	-0.4679929802526850
0.3390723399577522	-0.4679326025128531
0.3392851395194296	-0.4678721238821664
0.3394981883624011	-0.4678115440715221
0.3397114870492097	-0.4677508627906949
0.3399250361445190	-0.4676900797482890
0.3401388362150905	-0.4676291946517514
0.3403528878298225	-0.4675682072073704
0.3405671915597279	-0.4675071171202466
0.3407817479779903	-0.4674459240943218
0.3409965576599265	-0.4673846278323388
0.3412116211830242	-0.4673232280358591
0.3414269391269605	-0.4672617244052378
0.3416425120735830	-0.4672001166396379
0.3418583406069581	-0.4671384044370030
0.3420744253133445	-0.4670765874940687
0.3422907667812344	-0.4670146655063418
0.3425073656013555	-0.4669526381681049
0.3427242223666724	-0.4668905051724077
0.3429413376724176	-0.4668282662110480
0.3431587121160725	-0.4667659209745874
0.3433763462974219	-0.4667034691523239
0.3435942408185260	-0.4666409104322981
0.3438123962837584	-0.4665782445012821
0.3440308132998006	-0.4665154710447672
0.3442494924756645	-0.4664525897469722
0.3444684344227034	-0.4663896002908265
0.3446876397546277	-0.4663265023579489
0.3449071090874961	-0.4662632956286710
0.3451268430397545	-0.4661999797820173
0.3453468422322408	-0.4661365544956809
0.3455671072881835	-0.4660730194460398
0.3457876388332345	-0.4660093743081330
0.3460084374954708	-0.4659456187556768
0.3462295039053983	-0.4658817524610339
0.3464508386959869	-0.4658177750952088
0.3466724425026697	-0.4657536863278493
0.3468943159633468	-0.4656894858272391
0.3471164597184258	-0.4656251732602869
0.3473388744108084	-0.4655607482925095
0.3475615606859102	-0.4654962105880480
0.3477845191916855	-0.4654315598096299
0.3480077505786267	-0.4653667956185960
0.3482312554997882	-0.4653019176748524
0.3484550346107965	-0.4652369256368996
0.3486790885698529	-0.4651718191618092
0.3489034180377668	-0.4651065979052066
0.3491280236779566	-0.4650412615212795
0.3493529061564705	-0.4649758096627570
0.3495780661419935	-0.4649102419809161
0.3498035043058629	-0.4648445581255579
0.3500292213220907	-0.4647787577450121
0.3502552178673678	-0.4647128404861126
0.3504814946210804	-0.4646468059942144
0.3507080522653350	-0.4645806539131596
0.3509348914849596	-0.4645143838852782
0.3511620129675203	-0.4644479955513915
0.3513894174033429	-0.4643814885507879
0.3516171054855278	-0.4643148625212152
0.3518450779099570	-0.4642481170988832
0.3520733353753159	-0.4641812519184421
0.3523018785830964	-0.4641142666129913
0.3525307082376450	-0.4640471608140403
0.3527598250461341	-0.4639799341515355
0.3529892297186051	-0.4639125862538271
0.3532189229679812	-0.4638451167476654
0.3534489055100787	-0.4637775252581949
0.3536791780636196	-0.4637098114089448
0.3539097413502587	-0.4636419748218183
0.3541405960945884	-0.4635740151170790
0.3543717430241622	-0.4635059319133528
0.3546031828695020	-0.4634377248276079
0.3548349163641317	-0.4633693934751464
0.3550669442445673	-0.4633009374696041
0.3552992672503649	-0.4632323564229246
0.3555318861241122	-0.4631636499453672
0.3557648016114571	-0.4630948176454861
0.3559980144611207	-0.4630258591301166
0.3562315254249222	-0.4629567740043773
0.3564653352577795	-0.4628875618716596
0.3566994447177469	-0.4628182223336004
0.3569338545660158	-0.4627487549900928
0.3571685655669425	-0.4626791594392587
0.3574035784880611	-0.4626094352774578
0.3576388941001040	-0.4625395820992565
0.3578745131770194	-0.4624695994974271
0.3581104364959837	-0.4623994870629414
0.3583466648374302	-0.4623292443849540
0.3585831989850595	-0.4622588710507872
0.3588200397258623	-0.4621883666459339
0.3590571878501324	-0.4621177307540324
0.3592946441514873	-0.4620469629568641
0.3595324094268991	-0.4619760628343433
0.3597704844766948	-0.4619050299644920
0.3600088701045801	-0.4618338639234558
0.3602475671176745	-0.4617625642854584
0.3604865763265080	-0.4616911306228181
0.3607258985450596	-0.4616195625059222
0.3609655345907586	-0.4615478595032203
0.3612054852845252	-0.4614760211812093
0.3614457514507705	-0.4614040471044271
0.3616863339174314	-0.4613319368354338
0.3619272335159833	-0.4612596899348059
0.3621684510814661	-0.4611873059611159
0.3624099874524951	-0.4611147844709293
0.3626518434712893	-0.4610421250187913
0.3628940199836937	-0.4609693271572060
0.3631365178391966	-0.4608963904366340
0.3633793378909478	-0.4608233144054701
0.3636224809957874	-0.4607500986100423
0.3638659480142597	-0.4606767425945883
0.3641097398106405	-0.4606032459012482
0.3643538572529570	-0.4605296080700517
0.3645983012130110	-0.4604558286388999
0.3648430725663945	-0.4603819071435564
0.3650881721925199	-0.4603078431176373
0.3653336009746456	-0.4602336360925893
0.3655793597998774	-0.4601592855976862
0.3658254495592162	-0.4600847911600037
0.3660718711475787	-0.4600101523044114
0.3663186254637912	-0.4599353685535695
0.3665657134106508	-0.4598604394278909
0.3668131358949298	-0.4597853644455505
0.3670608938273973	-0.4597101431224585
0.3673089881228533	-0.4596347749722469
0.3675574197001397	-0.4595592595062619
0.3678061894821744	-0.4594835962335400
0.3680552983959754	-0.4594077846608011
0.3683047473726784	-0.4593318242924305
0.3685545373475680	-0.4592557146304626
0.3688046692600983	-0.4591794551745674
0.3690551440539225	-0.4591030454220341
0.3693059626769080	-0.4590264848677676
0.3695571260811795	-0.4589497730042458
0.3698086352231241	-0.4588729093215328
0.3700604910634336	-0.4587958933072480
0.3703126945671208	-0.4587187244465583
0.3705652467035498	-0.4586414022221477
0.3708181484464616	-0.4585639261142190
0.3710714007739971	-0.4584862956004675
0.3713250046687321	-0.4584085101560690
0.3715789611176921	-0.4583305692536629
0.3718332711123959	-0.4582524723633247
0.3720879356488658	-0.4581742189525700
0.3723429557276675	-0.4580958084863164
0.3725983323539275	-0.4580172404268893
0.3728540665373759	-0.4579385142339808
0.3731101592923541	-0.4578596293646461
0.3733666116378662	-0.4577805852732904
0.3736234245975888	-0.4577013814116304
0.3738805991999100	-0.4576220172287053
0.3741381364779530	-0.4575424921708381
0.3743960374696108	-0.4574628056816221
0.3746543032175704	-0.4573829572019057
0.3749129347693478	-0.4573029461697755
0.3751719331773128	-0.4572227720205301
0.3754312994987216	-0.4571424341866733
0.3756910347957497	-0.4570619320978774
0.3759511401355171	-0.4569812651809889
0.3762116165901225	-0.4569004328599828
0.3764724652366758	-0.4568194345559680
0.3767336871573274	-0.4567382696871436
0.3769952834392994	-0.4566569376688029
0.3772572551749169	-0.4565754379132964
0.3775196034616430	-0.4564937698300192
0.3777823294021108	-0.4564119328253898
0.3780454341041520	-0.4563299263028268
0.3783089186808359	-0.4562477496627320
0.3785727842504961	-0.4561654023024727
0.3788370319367688	-0.4560828836163546
0.3791016628686223	-0.4560001929955930
0.3793666781803957	-0.4559173298283214
0.3796320790118327	-0.4558342934995354
0.3798978665081071	-0.4557510833910899
0.3801640418198712	-0.4556676988816712
0.3804306061032794	-0.4555841393467794
0.3806975605200325	-0.4555004041587071
0.3809649062374020	-0.4554164926865060
0.3812326444282799	-0.4553324042959772
0.3815007762712028	-0.4552481383496417
0.3817693029503977	-0.4551636942067220
0.3820382256558085	-0.4550790712231124
0.3823075455831416	-0.4549942687513583
0.3825772639339003	-0.4549092861406352
0.3828473819154213	-0.4548241227367255
0.3831179007409165	-0.4547387778819881
0.3833888216295026	-0.4546532509153372
0.3836601458062484	-0.4545675411722241
0.3839318745022119	-0.4544816479846018
0.3842040089544762	-0.4543955706809066
0.3844765504061894	-0.4543093085860308
0.3847495001066076	-0.4542228610213001
0.3850228593111306	-0.4541362273044465
0.3852966292813454	-0.4540494067495812
0.3855708112850697	-0.4539623986671651
0.3858454065963812	-0.4538752023639913
0.3861204164956756	-0.4537878171431552
0.3863958422696933	-0.4537002423040190
0.3866716852115735	-0.4536124771422009
0.3869479466208852	-0.4535245209495306
0.3872246278036813	-0.4534363730140361
0.3875017300725306	-0.4533480326199062
0.3877792547465713	-0.4532594990474675
0.3880572031515479	-0.4531707715731543
0.3883355766198573	-0.4530818494694794
0.3886143764905974	-0.4529927320050065
0.3888936041095994	-0.4529034184443189
0.3891732608294933	-0.4528139080479943
0.3894533480097357	-0.4527242000725720
0.3897338670166621	-0.4526342937705218
0.3900148192235333	-0.4525441883902152
0.3902962060105853	-0.4524538831758976
0.3905780287650720	-0.4523633773676524
0.3908602888813120	-0.4522726702013734
0.3911429877607394	-0.4521817609087322
0.3914261268119562	-0.4520906487171451
0.3917097074507679	-0.4519993328497471
0.3919937311002478	-0.4519078125253470
0.3922781991907754	-0.4518160869584091
0.3925631131600952	-0.4517241553590131
0.3928484744533594	-0.4516320169328202
0.3931342845231798	-0.4515396708810400
0.3934205448296879	-0.4514471164004000
0.3937072568405728	-0.4513543526831070
0.3939944220311453	-0.4512613789168139
0.3942820418843829	-0.4511681942845896
0.3945701178909846	-0.4510747979648727
0.3948586515494279	-0.4509811891314469
0.3951476443660182	-0.4508873669533983
0.3954370978549424	-0.4507933305950862
0.3957270135383328	-0.4506990792160946
0.3960173929463091	-0.4506046119712099
0.3963082376170445	-0.4505099280103709
0.3965995490968152	-0.4504150264786377
0.3968913289400636	-0.4503199065161516
0.3971835787094493	-0.4502245672580976
0.3974762999759114	-0.4501290078346650
0.3977694943187211	-0.4500332273710089
0.3980631633255493	-0.4499372249872066
0.3983573085925149	-0.4498409997982261
0.3986519317242553	-0.4497445509138753
0.3989470343339784	-0.4496478774387677
0.3992426180435245	-0.4495509784722813
0.3995386844834336	-0.4494538531085145
0.3998352352929994	-0.4493565004362422
0.4001322721203371	-0.4492589195388808
0.4004297966224433	-0.4491611094944352
0.4007278104652592	-0.4490630693754628
0.4010263153237394	-0.4489647982490299
0.4013253128819087	-0.4488662951766610
0.4016248048329321	-0.4487675592143012
0.4019247928791829	-0.4486685894122638
0.4022252787322990	-0.4485693848151946
0.4025262641132634	-0.4484699444620156
0.4028277507524581	-0.4483702673858856
0.4031297403897429	-0.4482703526141483
0.4034322347745156	-0.4481701991682893
0.4037352356657880	-0.4480698060638856
0.4040387448322537	-0.4479691723105529
0.4043427640523524	-0.4478682969119088
0.4046472951143499	-0.4477671788655076
0.4049523398164050	-0.4476658171628038
0.4052578999666432	-0.4475642107890944
0.4055639773832284	-0.4474623587234692
0.4058705738944351	-0.4473602599387603
0.4061776913387306	-0.4472579134014844
0.4064853315648357	-0.4471553180718052
0.4067934964318165	-0.4470524729034572
0.4071021878091473	-0.4469493768437147
0.4074114075767956	-0.4468460288333216
0.4077211576252959	-0.4467424278064491
0.4080314398558286	-0.4466385726906212
0.4083422561803021	-0.4465344624066824
0.4086536085214278	-0.4464300958687239
0.4089654988128016	-0.4463254719840332
0.4092779289989883	-0.4462205896530356
0.4095909010356013	-0.4461154477692345
0.4099044168893854	-0.4460100452191494
0.4102184785382990	-0.4459043808822640
0.4105330879715990	-0.4457984536309588
0.4108482471899287	-0.4456922623304541
0.4111639582053994	-0.4455858058387468
0.4114802230416763	-0.4454790830065468
0.4117970437340728	-0.4453720926772139
0.4121144223296281	-0.4452648336866993
0.4124323608872058	-0.4451573048634743
0.4127508614775762	-0.4450495050284671
0.4130699261835132	-0.4449414329950021
0.4133895570998783	-0.4448330875687264
0.4137097563337222	-0.4447244675475453
0.4140305260043664	-0.4446155717215562
0.4143518682435092	-0.4445063988729778
0.4146737851953074	-0.4443969477760785
0.4149962790164881	-0.4442872171971120
0.4153193518764266	-0.4441772058942418
0.4156430059572601	-0.4440669126174696
0.4159672434539763	-0.4439563361085664
0.4162920665745135	-0.4438454751009904
0.4166174775398685	-0.4437343283198261
0.4169434785841860	-0.4436228944816971
0.4172700719548716	-0.4435111722946969
0.4175972599126855	-0.4433991604583102
0.4179250447318510	-0.4432868576633358
0.4182534287001653	-0.4431742625918037
0.4185824141190888	-0.4430613739169075
0.4189120033038723	-0.4429481903029114
0.4192421985836480	-0.4428347104050768
0.4195730023015511	-0.4427209328695729
0.4199044168148185	-0.4426068563334080
0.4202364444949087	-0.4424924794243260
0.4205690877276116	-0.4423778007607389
0.4209023489131568	-0.4422628189516309
0.4212362304663350	-0.4421475325964767
0.4215707348166082	-0.4420319402851477
0.4219058644082280	-0.4419160405978346
0.4222416217003512	-0.4417998321049415
0.4225780091671625	-0.4416833133670094
0.4229150292979903	-0.4415664829346199
0.4232526845974288	-0.4414493393482974
0.4235909775854599	-0.4413318811384203
0.4239299107975757	-0.4412141068251270
0.4242694867849081	-0.4410960149182143
0.4246097081143442	-0.4409776039170427
0.4249505773686623	-0.4408588723104429
0.4252920971466563	-0.4407398185766086
0.4256342700632640	-0.4406204411830006
0.4259770987497007	-0.4405007385862408
0.4263205858535860	-0.4403807092320162
0.4266647340390833	-0.4402603515549648
0.4270095459870282	-0.4401396639785813
0.4273550243950680	-0.4400186449151001
0.4277011719777962	-0.4398972927653941
0.4280479914668908	-0.4397756059188634
0.4283954856112585	-0.4396535827533232
0.4287436571771700	-0.4395312216348934
0.4290925089484027	-0.4394085209178867
0.4294420437263917	-0.4392854789446911
0.4297922643303621	-0.4391620940456581
0.4301431735974880	-0.4390383645389787
0.4304947743830355	-0.4389142887305738
0.4308470695605122	-0.4387898649139657
0.4312000620218157	-0.4386650913701614
0.4315537546773918	-0.4385399663675302
0.4319081504563836	-0.4384144881616740
0.4322632523067890	-0.4382886549953061
0.4326190631956188	-0.4381624650981246
0.4329755861090516	-0.4380359166866789
0.4333328240525988	-0.4379090079642405
0.4336907800512635	-0.4377817371206748
0.4340494571497024	-0.4376541023323024
0.4344088584123953	-0.4375261017617654
0.4347689869238074	-0.4373977335578904
0.4351298457885612	-0.4372689958555503
0.4354914381316034	-0.4371398867755249
0.4358537670983783	-0.4370104044243543
0.4362168358550019	-0.4368805468942009
0.4365806475884354	-0.4367503122626996
0.4369452055066628	-0.4366196985928100
0.4373105128388711	-0.4364887039326720
0.4376765728356272	-0.4363573263154477
0.4380433887690647	-0.4362255637591760
0.4384109639330660	-0.4360934142666100
0.4387793016434479	-0.4359608758250678
0.4391484052381495	-0.4358279464062659
0.4395182780774240	-0.4356946239661666
0.4398889235440286	-0.4355609064448066
0.4402603450434199	-0.4354267917661389
0.4406325460039470	-0.4352922778378645
0.4410055298770532	-0.4351573625512610
0.4413793001374716	-0.4350220437810155
0.4417538602834302	-0.4348863193850436
0.4421292138368542	-0.4347501872043263
0.4425053643435729	-0.4346136450627189
0.4428823153735270	-0.4344766907667818
0.4432600705209774	-0.4343393221055932
0.4436386334047227	-0.4342015368505625
0.4440180076683081	-0.4340633327552496
0.4443981969802462	-0.4339247075551713
0.4447792050342329	-0.4337856589676101
0.4451610355493726	-0.4336461846914190
0.4455436922703976	-0.4335062824068308
0.4459271789678977	-0.4333659497752512
0.4463114994385473	-0.4332251844390602
0.4466966575053355	-0.4330839840214097
0.4470826570177993	-0.4329423461260146
0.4474695018522586	-0.4328002683369433
0.4478571959120589	-0.4326577482184030
0.4482457431278048	-0.4325147833145316
0.4486351474576080	-0.4323713711491715
0.4490254128873295	-0.4322275092256541
0.4494165434308333	-0.4320831950265737
0.4498085431302303	-0.4319384260135631
0.4502014160561363	-0.4317931996270616
0.4505951663079283	-0.4316475132860842
0.4509897980139998	-0.4315013643879843
0.4513853153320262	-0.4313547503082200
0.4517817224492266	-0.4312076684001030
0.4521790235826343	-0.4310601159945618
0.4525772229793614	-0.4309120903998903
0.4529763249168778	-0.4307635889014973
0.4533763337032823	-0.4306146087616482
0.4537772536775856	-0.4304651472192109
0.4541790892099870	-0.4303152014893921
0.4545818447021633	-0.4301647687634733
0.4549855245875560	-0.4300138462085395
0.4553901333316602	-0.4298624309672084
0.4557956754323209	-0.4297105201573539
0.4562021554200300	-0.4295581108718290
0.4566095778582249	-0.4294052001781772
0.4570179473435936	-0.4292517851183490
0.4574272685063826	-0.4290978627084102
0.4578375460107055	-0.4289434299382449
0.4582487845548567	-0.4287884837712587
0.4586609888716299	-0.4286330211440737
0.4590741637286392	-0.4284770389662210
0.4594883139286389	-0.4283205341198315
0.4599034443098566	-0.4281635034593186
0.4603195597463198	-0.4280059438110572
0.4607366651481952	-0.4278478519730592
0.4611547654621224	-0.4276892247146480
0.4615738656715596	-0.4275300587761210
0.4619939707971275	-0.4273703508684129
0.4624150858969605	-0.4272100976727538
0.4628372160670592	-0.4270492958403219
0.4632603664416490	-0.4268879419918898
0.4636845421935389	-0.4267260327174696
0.4641097485344931	-0.4265635645759478
0.4645359907155934	-0.4264005340947208
0.4649632740276159	-0.4262369377693235
0.4653916038014094	-0.4260727720630496
0.4658209854082782	-0.4259080334065661
0.4662514242603641	-0.4257427181975367
0.4666829258110433	-0.4255768228002146
0.4671154955553160	-0.4254103435450540
0.4675491390302078	-0.4252432767282985
0.4679838618151748	-0.4250756186115740
0.4684196695325105	-0.4249073654214767
0.4688565678477587	-0.4247385133491419
0.4692945624701314	-0.4245690585498256
0.4697336591529336	-0.4243989971424639
0.4701738636939869	-0.4242283252092383
0.4706151819360624	-0.4240570387951266
0.4710576197673219	-0.4238851339074478
0.4715011831217532	-0.4237126065154085
0.4719458779796211	-0.4235394525496324
0.4723917103679205	-0.4233656679016967
0.4728386863608302	-0.4231912484236387
0.4732868120801772	-0.4230161899274830
0.4737360936959064	-0.4228404881847420
0.4741865374265497	-0.4226641389259173
0.4746381495397095	-0.4224871378399950
0.4750909363525377	-0.4223094805739275
0.4755449042322306	-0.4221311627321173
0.4760000595965204	-0.4219521798758746
0.4764564089141781	-0.4217725275229006
0.4769139587055232	-0.4215922011467214
0.4773727155429291	-0.4214111961761528
0.4778326860513512	-0.4212295079947273
0.4782938769088457	-0.4210471319401340
0.4787562948471040	-0.4208640633036272
0.4792199466519871	-0.4206802973294610
0.4796848391640728	-0.4204958292142805
0.4801509792792038	-0.4203106541065188
0.4806183739490442	-0.4201247671057917
0.4810870301816448	-0.4199381632622717
0.4815569550420096	-0.4197508375760630
0.4820281556526760	-0.4195627849965551
0.4825006391942965	-0.4193740004217805
0.4829744129062292	-0.4191844786977479
0.4834494840871356	-0.4189942146177872
0.4839258600955866	-0.4188032029218564
0.4844035483506738	-0.4186114382958621
0.4848825563326260	-0.4184189153709608
0.4853628915834421	-0.4182256287228442
0.4858445617075189	-0.4180315728710294
0.4863275743723002	-0.4178367422781158
0.4868119373089188	-0.4176411313490545
0.4872976583128620	-0.4174447344303896
0.4877847452446331	-0.4172475458094993
0.4882732060304253	-0.4170495597138147
0.4887630486628070	-0.4168507703100361
0.4892542812014096	-0.4166511717033362
0.4897469117736281	-0.4164507579365434
0.4902409485753292	-0.4162495229893231
0.4907363998715656	-0.4160474607773401
0.4912332739973058	-0.4158445651514112
0.4917315793581647	-0.4156408298966401
0.4922313244311493	-0.4154362487315481
0.4927325177654114	-0.4152308153071807
0.4932351679830094	-0.4150245232062119
0.4937392837796825	-0.4148173659420200
0.4942448739256297	-0.4146093369577669
0.4947519472663037	-0.4144004296254510
0.4952605127232125	-0.4141906372449445
0.4957705792947300	-0.4139799530430287
0.4962821560569194	-0.4137683701723989
0.4967952521643677	-0.4135558817106590
0.4973098768510262	-0.4133424806593120
0.4978260394310668	-0.4131281599427174
0.4983437492997486	-0.4129129124070389
0.4988630159342917	-0.4126967308191832
0.4993838488947689	-0.4124796078657091
0.4999062578250029	-0.4122615361517329
0.5004302524534787	-0.4120425081998031
0.5009558425942685	-0.4118225164487690
0.5014830381479648	-0.4116015532526260
0.5020118491026311	-0.4113796108793418
0.5025422855347612	-0.4111566815096678
0.5030743576102528	-0.4109327572359277
0.5036080755853953	-0.4107078300607921
0.5041434498078675	-0.4104818918960256
0.5046804907177531	-0.4102549345612232
0.5052192088485655	-0.4100269497825197
0.5057596148282910	-0.4097979291912827
0.5063017193804419	-0.4095678643227814
0.5068455333251273	-0.4093367466148359
0.5073910675801369	-0.4091045674064431
0.5079383331620396	-0.4088713179363895
0.5084873411872989	-0.4086369893418232
0.5090381028734023	-0.4084015726568223
0.5095906295400071	-0.4081650588109240
0.5101449326101012	-0.4079274386276484
0.5107010236111825	-0.4076887028229760
0.5112589141764532	-0.4074488420038181
0.5118186160460303	-0.4072078466664572
0.5123801410681760	-0.4069657071949560
0.5129435012005444	-0.4067224138595463
0.5135087085114447	-0.4064779568149971
0.5140757751811255	-0.4062323260989383
0.5146447135030735	-0.4059855116301764
0.5152155358853380	-0.4057375032069683
0.5157882548518666	-0.4054882905052770
0.5163628830438677	-0.4052378630769855
0.5169394332211888	-0.4049862103480980
0.5175179182637172	-0.4047333216168942
0.5180983511728000	-0.4044791860520681
0.5186807450726870	-0.4042237926908206
0.5192651132119971	-0.4039671304369327
0.5198514689652020	-0.4037091880587991
0.5204398258341353	-0.4034499541874327
0.5210301974495286	-0.4031894173144323
0.5216225975725621	-0.4029275657899183
0.5222170400964494	-0.4026643878204318
0.5228135390480401	-0.4023998714667972
0.5234121085894495	-0.4021340046419530
0.5240127630197158	-0.4018667751087408
0.5246155167764800	-0.4015981704776562
0.5252203844376961	-0.4013281782045655
0.5258273807233679	-0.4010567855883775
0.5264365204973114	-0.4007839797686821
0.5270478187689487	-0.4005097477233407
0.5276612906951299	-0.4002340762660374
0.5282769515819848	-0.3999569520437922
0.5288948168868072	-0.3996783615344207
0.5295149022199661	-0.3993982910439614
0.5301372233468538	-0.3991167267040494
0.5307617961898645	-0.3988336544692440
0.5313886368304056	-0.3985490601143156
0.5320177615109452	-0.3982629292314754
0.5326491866370923	-0.3979752472275659
0.5332829287797158	-0.3976859993211932
0.5339190046770995	-0.3973951705398105
0.5345574312371312	-0.3971027457167512
0.5351982255395363	-0.3968087094882081
0.5358414048381472	-0.3965130462901518
0.5364869865632128	-0.3962157403552065
0.5371349883237510	-0.3959167757094559
0.5377854279099451	-0.3956161361691949
0.5384383232955782	-0.3953138053376284
0.5390936926405203	-0.3950097666014979
0.5397515542932537	-0.3947040031276552
0.5404119267934497	-0.3943964978595688
0.5410748288745920	-0.3940872335137669
0.5417402794666508	-0.3937761925762094
0.5424082976988045	-0.3934633572986020
0.5430789029022163	-0.3931487096946281
0.5437521146128638	-0.3928322315361205
0.5444279525744217	-0.3925139043491554
0.5451064367412020	-0.3921937094100718
0.5457875872811522	-0.3918716277414172
0.5464714245789106	-0.3915476401078131
0.5471579692389252	-0.3912217270117440
0.5478472420886339	-0.3908938686892609
0.5485392641817067	-0.3905640451056063
0.5492340568013586	-0.3902322359507464
0.5499316414637261	-0.3898984206348248
0.5506320399213138	-0.3895625782835181
0.5513352741665168	-0.3892246877333073
0.5520413664352085	-0.3888847275266495
0.5527503392104143	-0.3885426759070521
0.5534622152260530	-0.3881985108140576
0.5541770174707670	-0.3878522098781140
0.5548947691918280	-0.3875037504153531
0.5556154938991313	-0.3871531094222530
0.5563392153692764	-0.3868002635701967
0.5570659576497360	-0.3864451891999204
0.5577957450631197	-0.3860878623158391
0.5585286022115297	-0.3857282585802619
0.5592645539810187	-0.3853663533074810
0.5600036255461419	-0.3850021214577413
0.5607458423746206	-0.3846355376310802
0.5614912302321052	-0.3842665760610325
0.5622398151870553	-0.3838952106082061
0.5629916236157276	-0.3835214147537204
0.5637466822072822	-0.3831451615924957
0.5645050179690124	-0.3827664238264036
0.5652666582316949	-0.3823851737572634
0.5660316306550688	-0.3820013832796882
0.5667999632334479	-0.3816150238737680
0.5675716843014692	-0.3812260665975929
0.5683468225399796	-0.3808344820796071
0.5691254069820690	-0.3804402405107921
0.5699074670192533	-0.3800433116366709
0.5706930324078104	-0.3796436647491301
0.5714821332752756	-0.3792412686780544
0.5722748001271004	-0.3788360917827677
0.5730710638534826	-0.3784281019432739
0.5738709557363707	-0.3780172665512914
0.5746745074566468	-0.3776035525010822
0.5754817511014994	-0.3771869261800553
0.5762927191719867	-0.3767673534591485
0.5771074445907981	-0.3763447996829826
0.5779259607102252	-0.3759192296597693
0.5787483013203409	-0.3754906076509812
0.5795745006574007	-0.3750588973607615
0.5804045934124681	-0.3746240619250752
0.5812386147402799	-0.3741860639005885
0.5820766002683484	-0.3737448652532721
0.5829185861063162	-0.3733004273467116
0.5837646088555736	-0.3728527109301260
0.5846147056191383	-0.3724016761260732
0.5854689140118179	-0.3719472824178461
0.5863272721706564	-0.3714894886365331
0.5871898187656800	-0.3710282529477449
0.5880565930109479	-0.3705635328379885
0.5889276346759247	-0.3700952851006811
0.5898029840971790	-0.3696234658217900
0.5906826821904261	-0.3691480303650808
0.5915667704629225	-0.3686689333569723
0.5924552910262262	-0.3681861286709694
0.5933482866093381	-0.3676995694116728
0.5942458005722355	-0.3672092078983414
0.5951478769198125	-0.3667149956479921
0.5960545603162409	-0.3662168833580326
0.5969658960997741	-0.3657148208883860
0.5978819302979985	-0.3652087572431178
0.5988027096435593	-0.3646986405515236
0.5997282815903734	-0.3641844180486715
0.6006586943303489	-0.3636660360553699
0.6015939968106289	-0.3631434399575491
0.6025342387513828	-0.3626165741850271
0.6034794706641619	-0.3620853821896358
0.6044297438708431	-0.3615498064226902
0.6053851105231832	-0.3610097883117704
0.6063456236230068	-0.3604652682367893
0.6073113370430537	-0.3599161855053208
0.6082823055485083	-0.3593624783271590
0.6092585848192433	-0.3588040837880775
0.6102402314727997	-0.3582409378227578
0.6112273030881373	-0.3576729751868525
0.6122198582301842	-0.3571001294281489
0.6132179564752169	-0.3565223328568020
0.6142216584371082	-0.3559395165145854
0.6152310257944720	-0.3553516101431381
0.6162461213187471	-0.3547585421511495
0.6172670089032601	-0.3541602395804481
0.6182937535932983	-0.3535566280709465
0.6193264216172476	-0.3529476318243895
0.6203650804188293	-0.3523331735668649
0.6214097986904912	-0.3517131745100068
0.6224606464079943	-0.3510875543108607
0.6235176948662510	-0.3504562310303235
0.6245810167164706	-0.3498191210901194
0.6256506860046609	-0.3491761392282342
0.6267267782115549	-0.3485271984527463
0.6278093702940188	-0.3478722099939786
0.6288985407280108	-0.3472110832548982
0.6299943695531568	-0.3465437257596840
0.6310969384190184	-0.3458700431003793
0.6322063306331310	-0.3451899388815412
0.6333226312108881	-0.3445033146627896
0.6344459269273613	-0.3438100698991680
0.6355763063711473	-0.3431101018792030
0.6367138600003285	-0.3424033056605556
0.6378586802006586	-0.3416895740031568
0.6390108613460699	-0.3409687972996940
0.6401704998616158	-0.3402408635033313
0.6413376942889707	-0.3395056580525188
0.6425125453546052	-0.3387630637927554
0.6436951560407741	-0.3380129608951454
0.6448856316594525	-0.3372552267715954
0.6460840799293692	-0.3364897359864777
0.6472906110562955	-0.3357163601645786
0.6485053378167501	-0.3349349678951433
0.6497283756453019	-0.3341454246318141
0.6509598427256514	-0.3333475925882451
0.6521998600856938	-0.3325413306291658
0.6534485516967665	-0.3317264941566501
0.6547060445773154	-0.3309029349913365
0.6559724689012040	-0.3300705012483184
0.6572479581109291	-0.3292290372074159
0.6585326490360054	-0.3283783831775219
0.6598266820168068	-0.3275183753546830
0.6611302010341725	-0.3266488456735684
0.6624433538450981	-0.3257696216519466
0.6637662921248623	-0.3248805262277702
0.6650991716159609	-0.3239813775884356
0.6664421522842413	-0.3230719889917610
0.6677953984826659	-0.3221521685781927
0.6691590791231508	-0.3212217191737063
0.6705333678569733	-0.3202804380828531
0.6719184432642639	-0.3193281168713312
0.6733144890531406	-0.3183645411374499
0.6747216942690883	-0.3173894902717818
0.6761402535152198	-0.3164027372042579
0.6775703671841172	-0.3154040481379073
0.6790122417019928	-0.3143931822683730
0.6804660897859688	-0.3133698914882740
0.6819321307153440	-0.3123339200754151
0.6834105906177704	-0.3112850043637576
0.6849017027713509	-0.3102228723959897
0.6864057079237359	-0.3091472435564258
0.6879228546293963	-0.3080578281828817
0.6894533996063410	-0.3069543271560394
0.6909976081136504	-0.3058364314647020
0.6925557543513221	-0.3047038217452070
0.6941281218840429	-0.3035561677931080
0.6957150040906473	-0.3023931280450726
0.6973167046411745	-0.3012143490287739
0.6989335380036071	-0.3000194647783391
0.7005658299825605	-0.2988080962127089
0.7022139182924031	-0.2975798504740120
0.7038781531675096	-0.2963343202227983
0.7055588980126156	-0.2950710828866611
0.7072565300965100	-0.2937896998584654
0.7089714412926280	-0.2924897156400141
0.7107040388704445	-0.2911706569265864
0.7124547463419720	-0.2898320316273106
0.7142240043680785	-0.2884733278158447
0.7160122717298565	-0.2870940126052359
0.7178200263707825	-0.2856935309402187
0.7196477665160548	-0.2842713042994677
0.7214960118761437	-0.2828267292995290
0.7233653049423970	-0.2813591761912291
0.7252562123833842	-0.2798679872383370
0.7271693265516654	-0.2783524749670913
0.7291052671117811	-0.2768119202738776
0.7310646828015196	-0.2752455703768439
0.7330482533399619	-0.2736526365955449
0.7350566914974440	-0.2720322919407355
0.7370907453444475	-0.2703836684942352
0.7391512006985766	-0.2687058545562108
0.7412388837912440	-0.2669978915342981
0.7433546641785206	-0.2652587705456153
0.7454994579238805	-0.2634874286987964
0.7476742310843563	-0.2616827450186734
0.7498800035360143	-0.2598435359709716
0.7521178531797807	-0.2579685505382558
0.7543889205746200	-0.2560564647912377
0.7566944140520656	-0.2541058758911259
0.7590356153743397	-0.2521152954488660
0.7614138860079945	-0.2500831421554301
0.7638306740965136	-0.2480077335835117
0.7662875222289651	-0.2458872770445309
0.7687860761181211	-0.2437198593652006
0.7713280943209891	-0.2415034354243373
0.7739154591582558	-0.2392358152621652
0.7765501890176086	-0.2369146495399461
0.7792344522605217	-0.2345374130858832
0.7819705829944043	-0.2321013862119718
0.7847610990239986	-0.2296036334234303
0.7876087223601893	-0.2270409790643008
0.7905164027443229	-0.2244099793456418
0.7934873447462122	-0.2217068900809721
0.7965250391201838	-0.2189276292999040
0.7996332992637789	-0.2160677337155119
0.8028163038289007	-0.2131223077704933
0.8060786468001113	-0.2100859636635118
0.8094253966999670	-0.2069527503348870
0.8128621670354360	-0.2037160688348124
0.8163952007033721	-0.2003685707572398
0.8200314718852243	-0.1969020354264947
0.8237788100671215	-0.1933072201662744
0.8276460523477693	-0.1895736761060408
0.8316432323341257	-0.1856895193527246
0.8357818169670176	-0.1816411436146846
0.8400750070260052	-0.1774128549428694
0.8445381235741529	-0.1729864012406128
0.8491891124363802	-0.1683403570891613
0.8540492140231516	-0.1634493057007778
0.8591438700253138	-0.1582827300020716
0.8645039782684759	-0.1528034759090666
0.8701676747222015	-0.1469655675496226
0.8761829419141023	-0.1407110063085524
0.8826115674654015	-0.1339649097423141
0.8895354211468834	-0.1266278004943055
0.8970669662982860	-0.1185626935740426
0.9053681331939465	-0.1095719221429864
0.9146874966947864	-0.0993515338489286
0.9254436903024933	-0.0873891413013481
0.9384538962817813	-0.0726847880754928
0.9558334160591747	-0.0526555073473322
