0.3467109968791484	-0.2739148752912436
0.3466391117878832	-0.2739212390843291
0.3465673363655364	-0.2739275614355265
0.3464956704784188	-0.2739338423986988
0.3464241139931973	-0.2739400820271446
0.3463526667770200	-0.2739462803739349
0.3462813286973779	-0.2739524374917883
0.3462100996221788	-0.2739585534331267
0.3461389794197646	-0.2739646282500794
0.3460679679588711	-0.2739706619944077
0.3459970651086240	-0.2739766547176026
0.3459262707385464	-0.2739826064708418
0.3458555847186359	-0.2739885173049447
0.3457850069191947	-0.2739943872704709
0.3457145372109721	-0.2740002164176310
0.3456441754651159	-0.2740060047963836
0.3455739215531205	-0.2740117524563114
0.3455037753469462	-0.2740174594467222
0.3454337367189188	-0.2740231258166583
0.3453638055417462	-0.2740287516146982
0.3452939816884751	-0.2740343368893462
0.3452242650326821	-0.2740398816886316
0.3451546554481970	-0.2740453860603396
0.3450851528093341	-0.2740508500519503
0.3450157569906845	-0.2740562737106321
0.3449464678673383	-0.2740616570832415
0.3448772853147091	-0.2740670002163646
0.3448082092085782	-0.2740723031562970
0.3447392394251642	-0.2740775659489547
0.3446703758410419	-0.2740827886400211
0.3446016183330535	-0.2740879712749078
0.3445329667786154	-0.2740931138986570
0.3444644210553839	-0.2740982165560888
0.3443959810414614	-0.2741032792916533
0.3443276466152709	-0.2741083021495719
0.3442594176556270	-0.2741132851737259
0.3441912940417207	-0.2741182284077320
0.3441232756531109	-0.2741231318948549
0.3440553623696760	-0.2741279956781849
0.3439875540717936	-0.2741328198004454
0.3439198506401025	-0.2741376043039842
0.3438522519555738	-0.2741423492310588
0.3437847578996562	-0.2741470546234778
0.3437173683540283	-0.2741517205228263
0.3436500832008531	-0.2741563469704050
0.3435829023226127	-0.2741609340071648
0.3435158256021361	-0.2741654816738334
0.3434488529225816	-0.2741699900108508
0.3433819841675209	-0.2741744590583702
0.3433152192208530	-0.2741788888562084
0.3432485579668286	-0.2741832794439616
0.3431820002900809	-0.2741876308609011
0.3431155460755434	-0.2741919431460537
0.3430491952085503	-0.2741962163381435
0.3429829475748010	-0.2742004504755759
0.3429168030602506	-0.2742046455965626
0.3428507615513007	-0.2742088017389415
0.3427848229346637	-0.2742129189403622
0.3427189870973303	-0.2742169972381189
0.3426532539267783	-0.2742210366692673
0.3425876233107212	-0.2742250372705456
0.3425220951372867	-0.2742289990784799
0.3424566692948475	-0.2742329221292544
0.3423913456721717	-0.2742368064588733
0.3423261241584407	-0.2742406521029228
0.3422610046430041	-0.2742444590968370
0.3421959870157276	-0.2742482274757089
0.3421310711666649	-0.2742519572743875
0.3420662569862817	-0.2742556485274757
0.3420015443654365	-0.2742593012692174
0.3419369331952124	-0.2742629155336127
0.3418724233670456	-0.2742664913544774
0.3418080147727270	-0.2742700287652852
0.3417437073043708	-0.2742735277992133
0.3416795008544284	-0.2742769884892216
0.3416153953156788	-0.2742804108679944
0.3415513905812140	-0.2742837949679242
0.3414874865444439	-0.2742871408211343
0.3414236830991299	-0.2742904484594998
0.3413599801393643	-0.2742937179146465
0.3412963775595255	-0.2742969492178598
0.3412328752543222	-0.2743001424002394
0.3411694731187876	-0.2743032974925909
0.3411061710483376	-0.2743064145254232
0.3410429689385567	-0.2743094935290307
0.3409798666855104	-0.2743125345334273
0.3409168641854788	-0.2743155375683514
0.3408539613351218	-0.2743185026632486
0.3407911580313401	-0.2743214298473794
0.3407284541714222	-0.2743243191496815
0.3406658496528933	-0.2743271705988518
0.3406033443737085	-0.2743299842233007
0.3405409382319981	-0.2743327600512539
0.3404786311262600	-0.2743354981105670
0.3404164229553552	-0.2743381984288945
0.3403543136183394	-0.2743408610336728
0.3402923030147167	-0.2743434859519897
0.3402303910441271	-0.2743460732107347
0.3401685776066797	-0.2743486228365202
0.3401068626026202	-0.2743511348557052
0.3400452459327615	-0.2743536092943371
0.3399837274979158	-0.2743560461783364
0.3399223071993774	-0.2743584455332546
0.3398609849386705	-0.2743608073844246
0.3397997606176567	-0.2743631317569035
0.3397386341385215	-0.2743654186755182
0.3396776054036472	-0.2743676681648304
0.3396166743158087	-0.2743698802491417
0.3395558407780148	-0.2743720549525361
0.3394951046936800	-0.2743741922987485
0.3394344659663081	-0.2743762923113775
0.3393739244999047	-0.2743783550137217
0.3393134801986777	-0.2743803804287587
0.3392531329670901	-0.2743823685793536
0.3391928827099931	-0.2743843194879605
0.3391327293324087	-0.2743862331769312
0.3390726727397459	-0.2743881096682495
0.3390127128376832	-0.2743899489837114
0.3389528495321120	-0.2743917511449031
0.3388930827293045	-0.2743935161729740
0.3388334123357918	-0.2743952440890495
0.3387738382583492	-0.2743969349139029
0.3387143604040607	-0.2743985886680351
0.3386549786803226	-0.2744002053717252
0.3385956929947665	-0.2744017850450500
0.3385365032553214	-0.2744033277077619
0.3384774093702037	-0.2744048333793690
0.3384184112478923	-0.2744063020792072
0.3383595087972248	-0.2744077338262673
0.3383007019271143	-0.2744091286394042
0.3382419905469917	-0.2744104865371206
0.3381833745664415	-0.2744118075377211
0.3381248538953208	-0.2744130916592596
0.3380664284437777	-0.2744143389195534
0.3380080981222259	-0.2744155493361377
0.3379498628413793	-0.2744167229263637
0.3378917225121756	-0.2744178597072933
0.3378336770458865	-0.2744189596957280
0.3377757263539766	-0.2744200229082589
0.3377178703482657	-0.2744210493612195
0.3376601089407384	-0.2744220390707276
0.3376024420437730	-0.2744229920526264
0.3375448695698626	-0.2744239083225192
0.3374873914319502	-0.2744247878957215
0.3374300075430643	-0.2744256307874191
0.3373727178165972	-0.2744264370124510
0.3373155221662204	-0.2744272065854553
0.3372584205057910	-0.2744279395208067
0.3372014127494790	-0.2744286358326586
0.3371444988116947	-0.2744292955349993
0.3370876786071119	-0.2744299186413530
0.3370309520507416	-0.2744305051652227
0.3369743190576996	-0.2744310551197962
0.3369177795434432	-0.2744315685180136
0.3368613334237528	-0.2744320453725649
0.3368049806145368	-0.2744324856958657
0.3367487210320479	-0.2744328895002112
0.3366925545927336	-0.2744332567975478
0.3366364812134270	-0.2744335875995711
0.3365805008109497	-0.2744338819178808
0.3365246133026498	-0.2744341397636366
0.3364688186059892	-0.2744343611479031
0.3364131166387200	-0.2744345460814664
0.3363575073188455	-0.2744346945748315
0.3363019905645764	-0.2744348066383510
0.3362465662943867	-0.2744348822820555
0.3361912344270730	-0.2744349215157731
0.3361359948815373	-0.2744349243491142
0.3360808475770943	-0.2744348907914152
0.3360257924331544	-0.2744348208517618
0.3359708293694861	-0.2744347145390257
0.3359159583059675	-0.2744345718618986
0.3358611791628771	-0.2744343928287518
0.3358064918606564	-0.2744341774476913
0.3357518963199806	-0.2744339257267026
0.3356973924617825	-0.2744336376734451
0.3356429802072368	-0.2744333132953597
0.3355886594777168	-0.2744329525996882
0.3355344301949458	-0.2744325555933882
0.3354802922807331	-0.2744321222831811
0.3354262456572361	-0.2744316526755931
0.3353722902468016	-0.2744311467768715
0.3353184259720850	-0.2744306045930547
0.3352646527558161	-0.2744300261298993
0.3352109705211329	-0.2744294113930034
0.3351573791913117	-0.2744287603876842
0.3351038786898715	-0.2744280731190081
0.3350504689405904	-0.2744273495918393
0.3349971498674660	-0.2744265898107421
0.3349439213947673	-0.2744257937800809
0.3348907834467926	-0.2744249615041948
0.3348377359483897	-0.2744240929867626
0.3347847788243922	-0.2744231882315323
0.3347319119999602	-0.2744222472419104
0.3346791354004516	-0.2744212700211419
0.3346264489514639	-0.2744202565721836
0.3345738525788419	-0.2744192068977295
0.3345213462086044	-0.2744181210002730
0.3344689297669747	-0.2744169988821566
0.3344166031805154	-0.2744158405453023
0.3343643663759045	-0.2744146459915336
0.3343122192801101	-0.2744134152224129
0.3342601618202368	-0.2744121482392654
0.3342081939236794	-0.2744108450431671
0.3341563155180709	-0.2744095056349422
0.3341045265311531	-0.2744081300152721
0.3340528268910717	-0.2744067181844858
0.3340012165259520	-0.2744052701427484
0.3339496953643799	-0.2744037858899302
0.3338982633349922	-0.2744022654257446
0.3338469203666353	-0.2744007087496398
0.3337956663885304	-0.2743991158607910
0.3337445013299296	-0.2743974867582081
0.3336934251204249	-0.2743958214406331
0.3336424376897560	-0.2743941199065170
0.3335915389678755	-0.2743923821541887
0.3335407288849881	-0.2743906081816321
0.3334900073715049	-0.2743887979866973
0.3334393743579930	-0.2743869515668957
0.3333888297752717	-0.2743850689196060
0.3333383735543791	-0.2743831500419559
0.3332880056264965	-0.2743811949307165
0.3332377259231264	-0.2743792035825533
0.3331875343759229	-0.2743771759938906
0.3331374309166608	-0.2743751121608305
0.3330874154774220	-0.2743730120793442
0.3330374879904847	-0.2743708757451380
0.3329876483883194	-0.2743687031536075
0.3329378966035303	-0.2743664943000163
0.3328882325691047	-0.2743642491793187
0.3328386562180748	-0.2743619677862498
0.3327891674836189	-0.2743596501154199
0.3327397662993160	-0.2743572961610031
0.3326904525988013	-0.2743549059171191
0.3326412263159573	-0.2743524793775185
0.3325920873848534	-0.2743500165358231
0.3325430357397655	-0.2743475173853481
0.3324940713151710	-0.2743449819192251
0.3324451940457190	-0.2743424101303015
0.3323964038662318	-0.2743398020112277
0.3323477007119167	-0.2743371575543483
0.3322990845178595	-0.2743344767519167
0.3322505552195569	-0.2743317595957878
0.3322021127526882	-0.2743290060776622
0.3321537570530445	-0.2743262161890350
0.3321054880566590	-0.2743233899211035
0.3320573056997495	-0.2743205272648996
0.3320092099187443	-0.2743176282110822
0.3319612006502169	-0.2743146927502300
0.3319132778309182	-0.2743117208725789
0.3318654413979064	-0.2743087125682069
0.3318176912882774	-0.2743056678268630
0.3317700274394216	-0.2743025866381709
0.3317224497888381	-0.2742994689914816
0.3316749582743236	-0.2742963148757659
0.3316275528336906	-0.2742931242800359
0.3315802334050761	-0.2742898971927939
0.3315329999268029	-0.2742866336024651
0.3314858523372599	-0.2742833334972083
0.3314387905751618	-0.2742799968648515
0.3313918145792345	-0.2742766236931853
0.3313449242886233	-0.2742732139695665
0.3312981196423947	-0.2742697676812235
0.3312514005800377	-0.2742662848150850
0.3312047670410010	-0.2742627653578232
0.3311582189650342	-0.2742592092960244
0.3311117562920691	-0.2742556166158660
0.3310653789621910	-0.2742519873033065
0.3310190869156824	-0.2742483213441614
0.3309728800928824	-0.2742446187240076
0.3309267584345120	-0.2742408794281196
0.3308807218813164	-0.2742371034413760
0.3308347703742711	-0.2742332907487378
0.3307889038545611	-0.2742294413347289
0.3307431222633791	-0.2742255551836987
0.3306974255423099	-0.2742216322797365
0.3306518136329815	-0.2742176726066183
0.3306062864772131	-0.2742136761479977
0.3305608440170386	-0.2742096428872535
0.3305154861945276	-0.2742055728074657
0.3304702129521268	-0.2742014658915594
0.3304250242322850	-0.2741973221221731
0.3303799199776729	-0.2741931414816377
0.3303349001311861	-0.2741889239521595
0.3302899646357618	-0.2741846695156595
0.3302451134346037	-0.2741803781538178
0.3302003464710239	-0.2741760498480699
0.3301556636885907	-0.2741716845795419
0.3301110650309066	-0.2741672823292498
0.3300665504418810	-0.2741628430778144
0.3300221198653843	-0.2741583668057433
0.3299777732456758	-0.2741538534933047
0.3299335105270934	-0.2741493031203651
0.3298893316540595	-0.2741447156667050
0.3298452365711187	-0.2741400911118521
0.3298012252232368	-0.2741354294349720
0.3297572975552764	-0.2741307306150266
0.3297134535124062	-0.2741259946308571
0.3296696930398568	-0.2741212214609527
0.3296260160830591	-0.2741164110834466
0.3295824225875609	-0.2741115634765107
0.3295389124992295	-0.2741066786178328
0.3294954857638691	-0.2741017564849298
0.3294521423275456	-0.2740967970550797
0.3294088821364624	-0.2740918003053160
0.3293657051369540	-0.2740867662124035
0.3293226112755689	-0.2740816947528578
0.3292796004989572	-0.2740765859030265
0.3292366727539456	-0.2740714396388029
0.3291938279874618	-0.2740662559360900
0.3291510661466256	-0.2740610347704033
0.3291083871787250	-0.2740557761170611
0.3290657910311416	-0.2740504799509377
0.3290232776514418	-0.2740451462470276
0.3289808469872988	-0.2740397749797123
0.3289384989866054	-0.2740343661234194
0.3288962335973537	-0.2740289196520688
0.3288540507677121	-0.2740234355394608
0.3288119504459275	-0.2740179137591748
0.3287699325804151	-0.2740123542844545
0.3287279971198263	-0.2740067570883316
0.3286861440127039	-0.2740011221436530
0.3286443732081058	-0.2739954494227868
0.3286026846549798	-0.2739897388981453
0.3285610783023746	-0.2739839905416984
0.3285195540996071	-0.2739782043252277
0.3284781119961478	-0.2739723802202241
0.3284367519414865	-0.2739665181979140
0.3283954738852924	-0.2739606182293947
0.3283542777774916	-0.2739546802852745
0.3283131635680641	-0.2739487043361147
0.3282721312069696	-0.2739426903521209
0.3282311806445344	-0.2739366383034202
0.3281903118311659	-0.2739305481595417
0.3281495247173143	-0.2739244198899866
0.3281088192536101	-0.2739182534640626
0.3280681953908177	-0.2739120488505988
0.3280276530799053	-0.2739058060182591
0.3279871922718403	-0.2738995249356446
0.3279468129178058	-0.2738932055707617
0.3279065149691497	-0.2738868478916298
0.3278662983771793	-0.2738804518658245
0.3278261630934481	-0.2738740174608264
0.3277861090697528	-0.2738675446436983
0.3277461362577897	-0.2738610333812797
0.3277062446095771	-0.2738544836402383
0.3276664340770095	-0.2738478953869652
0.3276267046124797	-0.2738412685874097
0.3275870561681716	-0.2738346032074493
0.3275474886965007	-0.2738278992126720
0.3275080021499755	-0.2738211565684530
0.3274685964814234	-0.2738143752396358
0.3274292716434324	-0.2738075551912197
0.3273900275890705	-0.2738006963874537
0.3273508642713226	-0.2737937987926623
0.3273117816433762	-0.2737868623708364
0.3272727796583876	-0.2737798870856977
0.3272338582698454	-0.2737728729006650
0.3271950174311885	-0.2737658197789075
0.3271562570960926	-0.2737587276832875
0.3271175772182446	-0.2737515965765226
0.3270789777514863	-0.2737444264208281
0.3270404586498729	-0.2737372171785121
0.3270020198673079	-0.2737299688111402
0.3269636613581284	-0.2737226812805181
0.3269253830765647	-0.2737153545477871
0.3268871849770253	-0.2737079885739890
0.3268490670141140	-0.2737005833197833
0.3268110291423443	-0.2736931387458605
0.3267730713164986	-0.2736856548121806
0.3267351934914425	-0.2736781314787621
0.3266973956221809	-0.2736705687052371
0.3266596776636149	-0.2736629664510271
0.3266220395710345	-0.2736553246751587
0.3265844812996868	-0.2736476433365087
0.3265470028049386	-0.2736399223935923
0.3265096040422595	-0.2736321618047106
0.3264722849672495	-0.2736243615278522
0.3264350455355908	-0.2736165215206479
0.3263978857029640	-0.2736086417406377
0.3263608054254793	-0.2736007221449832
0.3263238046589170	-0.2735927626906233
0.3262868833594564	-0.2735847633338940
0.3262500414831521	-0.2735767240315961
0.3262132789864609	-0.2735686447391945
0.3261765958256638	-0.2735605254128383
0.3261399919571838	-0.2735523660079207
0.3261034673377467	-0.2735441664795956
0.3260670219238035	-0.2735359267827273
0.3260306556723161	-0.2735276468720248
0.3259943685398756	-0.2735193267020027
0.3259581604836524	-0.2735109662263302
0.3259220314606419	-0.2735025653991022
0.3258859814278043	-0.2734941241737173
0.3258500103424838	-0.2734856425032134
0.3258141181619280	-0.2734771203407309
0.3257783048435491	-0.2734685576388250
0.3257425703447814	-0.2734599543498222
0.3257069146230838	-0.2734513104258205
0.3256713376363466	-0.2734426258185228
0.3256358393420760	-0.2734339004793279
0.3256004196981943	-0.2734251343595663
0.3255650786625943	-0.2734163274100427
0.3255298161931190	-0.2734074795813778
0.3254946322479307	-0.2733985908240026
0.3254595267851640	-0.2733896610876540
0.3254244997630254	-0.2733806903221527
0.3253895511397228	-0.2733716784770892
0.3253546808737682	-0.2733626255013404
0.3253198889235199	-0.2733535313439044
0.3252851752475135	-0.2733443959533279
0.3252505398043592	-0.2733352192776684
0.3252159825526479	-0.2733260012651569
0.3251815034512220	-0.2733167418630782
0.3251471024589320	-0.2733074410189936
0.3251127795344970	-0.2732980986800359
0.3250785346369962	-0.2732887147927565
0.3250443677255419	-0.2732792893035825
0.3250102787590046	-0.2732698221588294
0.3249762676967698	-0.2732603133041415
0.3249423344979522	-0.2732507626852181
0.3249084791216739	-0.2732411702472265
0.3248747015277242	-0.2732315359350641
0.3248410016751454	-0.2732218596934278
0.3248073795236227	-0.2732121414665215
0.3247738350327579	-0.2732023811982677
0.3247403681619331	-0.2731925788326416
0.3247069788710250	-0.2731827343129695
0.3246736671197817	-0.2731728475820616
0.3246404328678189	-0.2731629185829001
0.3246072760751145	-0.2731529472580554
0.3245741967015490	-0.2731429335493961
0.3245411947071160	-0.2731328773990364
0.3245082700517151	-0.2731227787483960
0.3244754226956585	-0.2731126375385071
0.3244426525988330	-0.2731024537105256
0.3244099597214325	-0.2730922272050332
0.3243773440237777	-0.2730819579621188
0.3243448054662920	-0.2730716459217468
0.3243123440090340	-0.2730612910237353
0.3242799596123566	-0.2730508932073118
0.3242476522369134	-0.2730404524114371
0.3242154218430972	-0.2730299685747362
0.3241832683911959	-0.2730194416358772
0.3241511918421340	-0.2730088715324765
0.3241191921561851	-0.2729982582024305
0.3240872692942992	-0.2729876015830855
0.3240554232169071	-0.2729769016116962
0.3240236538849035	-0.2729661582247427
0.3239919612589021	-0.2729553713588976
0.3239603452997037	-0.2729445409503087
0.3239288059682756	-0.2729336669342889
0.3238973432253827	-0.2729227492467797
0.3238659570320068	-0.2729117878224522
0.3238346473489850	-0.2729007825965932
0.3238034141373516	-0.2728897335032741
0.3237722573581334	-0.2728786404767913
0.3237411769723174	-0.2728675034508621
0.3237101729409811	-0.2728563223590777
0.3236792452252296	-0.2728450971342791
0.3236483937861073	-0.2728338277095372
0.3236176185848178	-0.2728225140173084
0.3235869195823885	-0.2728111559895776
0.3235562967403653	-0.2727997535579734
0.3235257500196274	-0.2727883066545390
0.3234952793816069	-0.2727768152097063
0.3234648847873774	-0.2727652791548087
0.3234345661983138	-0.2727536984199080
0.3234043235757262	-0.2727420729351311
0.3233741568808138	-0.2727304026303868
0.3233440660750303	-0.2727186874350397
0.3233140511196268	-0.2727069272779334
0.3232841119761405	-0.2726951220881267
0.3232542486056267	-0.2726832717938034
0.3232244609696221	-0.2726713763231920
0.3231947490295531	-0.2726594356037068
0.3231651127466110	-0.2726474495628214
0.3231355520824707	-0.2726354181274803
0.3231060669983321	-0.2726233412243619
0.3230766574556760	-0.2726112187797058
0.3230473234159045	-0.2725990507195368
0.3230180648404488	-0.2725868369692288
0.3229888816907942	-0.2725745774544256
0.3229597739280518	-0.2725622720995117
0.3229307415140101	-0.2725499208292989
0.3229017844098540	-0.2725375235679099
0.3228729025770976	-0.2725250802390354
0.3228440959770247	-0.2725125907663020
0.3228153645711129	-0.2725000550727076
0.3227867083207500	-0.2724874730809043
0.3227581271870986	-0.2724748447136662
0.3227296211321345	-0.2724621698922988
0.3227011901164680	-0.2724494485389664
0.3226728341017945	-0.2724366805747820
0.3226445530493166	-0.2724238659210971
0.3226163469204633	-0.2724110044975823
0.3225882156765498	-0.2723980962250163
0.3225601592786436	-0.2723851410232337
0.3225321776882170	-0.2723721388114923
0.3225042708662427	-0.2723590895088642
0.3224764387741861	-0.2723459930341975
0.3224486813731209	-0.2723328493056802
0.3224209986242311	-0.2723196582415824
0.3223933904884779	-0.2723064197591707
0.3223658569272870	-0.2722931337756889
0.3223383979013749	-0.2722798002082373
0.3223110133718894	-0.2722664189728978
0.3222837032999856	-0.2722529899861589
0.3222564676464389	-0.2722395131635237
0.3222293063721835	-0.2722259884203215
0.3222022194381906	-0.2722124156713170
0.3221752068054352	-0.2721987948314857
0.3221482684344233	-0.2721851258149585
0.3221214042861083	-0.2721714085351640
0.3220946143212678	-0.2721576429060144
0.3220678985004019	-0.2721438288402208
0.3220412567842909	-0.2721299662502702
0.3220146891334510	-0.2721160550488893
0.3219881955085362	-0.2721020951475662
0.3219617758697663	-0.2720880864579866
0.3219354301778219	-0.2720740288910241
0.3219091583929478	-0.2720599223579879
0.3218829604756429	-0.2720457667681609
0.3218568363857504	-0.2720315620323249
0.3218307860839380	-0.2720173080596989
0.3218048095298808	-0.2720030047594055
0.3217789066842323	-0.2719886520400332
0.3217530775064237	-0.2719742498101167
0.3217273219567451	-0.2719597979774722
0.3217016399948526	-0.2719452964497622
0.3216760315808391	-0.2719307451339634
0.3216504966739976	-0.2719161439367806
0.3216250352345985	-0.2719014927647433
0.3215996472217189	-0.2718867915235861
0.3215743325949640	-0.2718720401187478
0.3215490913136795	-0.2718572384556448
0.3215239233374361	-0.2718423864386814
0.3214988286254228	-0.2718274839722280
0.3214738071366855	-0.2718125309599491
0.3214488588305791	-0.2717975273057792
0.3214239836657408	-0.2717824729121794
0.3213991815816338	-0.2717673676482179
0.3213744525967613	-0.2717522115186244
0.3213497966095396	-0.2717370043221635
0.3213252135987293	-0.2717217459948755
0.3213007035234777	-0.2717064364373048
0.3212762663416855	-0.2716910755501557
0.3212519020114560	-0.2716756632337184
0.3212276104915918	-0.2716601993878176
0.3212033917398953	-0.2716446839113775
0.3211792457142646	-0.2716291167038722
0.3211551723731737	-0.2716134976626176
0.3211311716737345	-0.2715978266871252
0.3211072435741985	-0.2715821036736948
0.3210833880318248	-0.2715663285202439
0.3210596050040231	-0.2715505011229597
0.3210358944486911	-0.2715346213786161
0.3210122563220739	-0.2715186891830558
0.3209886905820054	-0.2715027044316778
0.3209651971851945	-0.2714866670190439
0.3209417760885845	-0.2714705768406279
0.3209184271892238	-0.2714544337237086
0.3208951506225666	-0.2714382377604639
0.3208719461658274	-0.2714219886457288
0.3208488138360432	-0.2714056863387154
0.3208257535878100	-0.2713893307316321
0.3208027653782280	-0.2713729217170053
0.3207798491629206	-0.2713564591854332
0.3207570048974683	-0.2713399430284794
0.3207342325379117	-0.2713233731366711
0.3207115320393506	-0.2713067493997741
0.3206889033568245	-0.2712900717088917
0.3206663464461559	-0.2712733399512850
0.3206438612617679	-0.2712565540171777
0.3206214477586842	-0.2712397137945006
0.3205991058915174	-0.2712228191713618
0.3205768356149026	-0.2712058700352062
0.3205546368831304	-0.2711888662726366
0.3205325096501299	-0.2711718077704903
0.3205104538703205	-0.2711546944149955
0.3204884694968191	-0.2711375260916621
0.3204665563694485	-0.2711203026232453
0.3204447147854015	-0.2711030240818050
0.3204229443537160	-0.2710856901641984
0.3204012451421111	-0.2710683008170814
0.3203796171041138	-0.2710508559230596
0.3203580601917490	-0.2710333553658312
0.3203365743581237	-0.2710157990271077
0.3203151595550284	-0.2709981867892858
0.3202938157350563	-0.2709805185334346
0.3202725428502094	-0.2709627941406604
0.3202513408793198	-0.2709450134039910
0.3202302096918104	-0.2709271764670315
0.3202091493214674	-0.2709092829461692
0.3201881596915888	-0.2708913328068699
0.3201672407536302	-0.2708733259288101
0.3201463924583354	-0.2708552621903728
0.3201256147554471	-0.2708371414688982
0.3201049075958802	-0.2708189636417628
0.3200842709293166	-0.2708007285851703
0.3200637047059040	-0.2707824361764901
0.3200432089007656	-0.2707640861546872
0.3200227833863650	-0.2707456788026332
0.3200024281886746	-0.2707272135883199
0.3199821432312642	-0.2707086905208725
0.3199619284619558	-0.2706901094751565
0.3199417838301135	-0.2706714703238632
0.3199217092834500	-0.2706527729403342
0.3199017047701589	-0.2706340171963251
0.3198817702373790	-0.2706152029639489
0.3198619056331956	-0.2705963301152738
0.3198421109053631	-0.2705773984034399
0.3198223859977828	-0.2705584080492692
0.3198027308599214	-0.2705393585737230
0.3197831454373462	-0.2705202499605734
0.3197636296763821	-0.2705010820808764
0.3197441835225957	-0.2704818548026213
0.3197248069215073	-0.2704625679925758
0.3197054998186838	-0.2704432215190654
0.3196862621590463	-0.2704238152494021
0.3196670938865999	-0.2704043490489306
0.3196479949725487	-0.2703848227161808
0.3196289650036773	-0.2703652363588830
0.3196100048383907	-0.2703455895241167
0.3195911135583586	-0.2703258822574937
0.3195722913850524	-0.2703061143838481
0.3195535382613751	-0.2702862857692345
0.3195348541295758	-0.2702663962749267
0.3195162389329906	-0.2702464457632088
0.3194976926124747	-0.2702264340961750
0.3194792151101607	-0.2702063611351564
0.3194608063790316	-0.2701862264621819
0.3194424665611936	-0.2701660307010386
0.3194241949256717	-0.2701457730948222
0.3194059921066119	-0.2701254535619360
0.3193878578089958	-0.2701050720336726
0.3193697919728625	-0.2700846283696786
0.3193517945370044	-0.2700641224254255
0.3193338654414323	-0.2700435540595224
0.3193160046226319	-0.2700229231296834
0.3192982120211324	-0.2700022294889353
0.3192804875839067	-0.2699814728644154
0.3192628313137905	-0.2699606535761958
0.3192452428920969	-0.2699397708710791
0.3192277225319244	-0.2699188249464940
0.3192102700738372	-0.2698978155857060
0.3191928854538077	-0.2698767426434483
0.3191755686076408	-0.2698556059697435
0.3191583194706615	-0.2698344054177553
0.3191411379778230	-0.2698131408381162
0.3191240240645133	-0.2697918120829362
0.3191069779388329	-0.2697704188252005
0.3190899988378333	-0.2697489613099433
0.3190730871331420	-0.2697274392591529
0.3190562428705386	-0.2697058522973916
0.3190394658528349	-0.2696842004056393
0.3190227560115459	-0.2696624834312588
0.3190061132800787	-0.2696407012227413
0.3189895375883472	-0.2696188536259412
0.3189730288668358	-0.2695969404860545
0.3189565870467242	-0.2695749616497231
0.3189402120552474	-0.2695529170185707
0.3189239038994279	-0.2695308058001564
0.3189076622868058	-0.2695086294079701
0.3188914873647436	-0.2694863862304868
0.3188753789884735	-0.2694640765749121
0.3188593370861040	-0.2694417002840932
0.3188433615828575	-0.2694192572009506
0.3188274524076437	-0.2693967471667094
0.3188116094859893	-0.2693741700195494
0.3187958326749164	-0.2693515264258565
0.3187801221619951	-0.2693288137492399
0.3187644782161611	-0.2693060339196093
0.3187488988403991	-0.2692831871174132
0.3187333864958575	-0.2692602711540472
0.3187179390834458	-0.2692372888170582
0.3187025578287199	-0.2692142373851212
0.3186872422195774	-0.2691911175487189
0.3186719921756309	-0.2691679291403803
0.3186568076212009	-0.2691446720002121
0.3186416890284703	-0.2691213473245137
0.3186266348473006	-0.2690979502688459
0.3186116468400049	-0.2690744864742898
0.3185967236521067	-0.2690509519423595
0.3185818643751063	-0.2690273494693285
0.3185670710643107	-0.2690036764278534
0.3185523426747801	-0.2689799334838640
0.3185376791224550	-0.2689561204680280
0.3185230803267998	-0.2689322372095815
0.3185085461990700	-0.2689082835380950
0.3184940767612003	-0.2688842608855284
0.3184796720921271	-0.2688601639318720
0.3184653314459168	-0.2688359975828801
0.3184510548094128	-0.2688117610892168
0.3184368426217512	-0.2687874529873562
0.3184226947114532	-0.2687630732321227
0.3184086108638207	-0.2687386218548919
0.3183945909898281	-0.2687140986846052
0.3183806349989524	-0.2686895035418488
0.3183667428044504	-0.2686648362552781
0.3183529150357245	-0.2686400977819116
0.3183391496535567	-0.2686152849468242
0.3183254487597547	-0.2685903994115382
0.3183118107487171	-0.2685654392175567
0.3182982355246871	-0.2685404114309741
0.3182847241604722	-0.2685153075432939
0.3182712785122463	-0.2684901273397481
0.3182578907597521	-0.2684648794104305
0.3182445685366549	-0.2684395548029319
0.3182313091655823	-0.2684141562624612
0.3182181126533332	-0.2683886854240076
0.3182049788283203	-0.2683631364996814
0.3181919082646206	-0.2683375151722051
0.3181788994079063	-0.2683118186918911
0.3181659533440678	-0.2682860443630162
0.3181530703844383	-0.2682602016952618
0.3181402452001128	-0.2682342809572529
0.3181274850874820	-0.2682082843453236
0.3181147869269019	-0.2681822121447771
0.3181021541338777	-0.2681560604404880
0.3180895768093059	-0.2681298418162761
0.3180770634425735	-0.2681035399734307
0.3180646132640568	-0.2680771629268746
0.3180522227869224	-0.2680507100614557
0.3180398953966054	-0.2680241796108742
0.3180276278221909	-0.2679975748530297
0.3180154202776381	-0.2679708865218332
0.3180032737627638	-0.2679441297138636
0.3179911926273334	-0.2679172849694377
0.3179791698042562	-0.2678903691173736
0.3179672019976884	-0.2678633810209881
0.3179552996106040	-0.2678363088995240
0.3179434584892922	-0.2678091581135561
0.3179316759801425	-0.2677819274059638
0.3179199548318709	-0.2677546221760502
0.3179082954243124	-0.2677272354446366
0.3178966914328453	-0.2676997642745204
0.3178851554675531	-0.2676722219522116
0.3178736753425216	-0.2676445958862571
0.3178622479300826	-0.2676168958425247
0.3178508824396753	-0.2675891161996339
0.3178395775486859	-0.2675612511536779
0.3178283346728525	-0.2675333093879783
0.3178171498022853	-0.2675052868994305
0.3178060255297004	-0.2674771795844758
0.3177949585867946	-0.2674489888436146
0.3177839539624214	-0.2674207166589306
0.3177729876506156	-0.2673923788906234
0.3177621038057475	-0.2673639388592136
0.3177512701965244	-0.2673354396568990
0.3177404949159615	-0.2673068500431436
0.3177297781072045	-0.2672781710158904
0.3177191206053959	-0.2672494131692962
0.3177085188966057	-0.2672205742284117
0.3176979757958806	-0.2671916569738086
0.3176874933230585	-0.2671626536438429
0.3176770641395661	-0.2671335477811941
0.3176667003808638	-0.2671043963756730
0.3176563751928290	-0.2670751224964583
0.3176461311222162	-0.2670457803957370
0.3176359139586289	-0.2670163760248105
0.3176257724642569	-0.2669868703527409
0.3176156850509506	-0.2669572772884655
0.3176056540693711	-0.2669276003121167
0.3175956802683001	-0.2668978388205691
0.3175857672174472	-0.2668679999246747
0.3175759185677778	-0.2668380537529779
0.3175661044679651	-0.2668080591017367
0.3175563383048768	-0.2667779472873448
0.3175466554641773	-0.2667477418850183
0.3175370075359457	-0.2667174958344972
0.3175274220077982	-0.2666871349484666
0.3175178909473013	-0.2666566852584055
0.3175084177822555	-0.2666261562609686
0.3174990016285373	-0.2665955254791781
0.3174896318419719	-0.2665648304375025
0.3174803335397492	-0.2665340397931725
0.3174710715042116	-0.2665031471757955
0.3174618747618645	-0.2664721774807799
0.3174527217706244	-0.2664411387151105
0.3174436213950715	-0.2664099961562023
0.3174345762587956	-0.2663787552954911
0.3174255951466070	-0.2663474421545216
0.3174166640415128	-0.2663160279634666
0.3174077800419707	-0.2662845337926860
0.3173989602545699	-0.2662529382556263
0.3173901949535233	-0.2662212624365673
0.3173814460275348	-0.2661894788966276
0.3173727730712121	-0.2661576262254007
0.3173641552377592	-0.2661256718009511
0.3173555959923925	-0.2660936506132337
0.3173470835699675	-0.2660615249031325
0.3173386200008735	-0.2660293014636242
0.3173302102963547	-0.2659969878624101
0.3173218483132315	-0.2659645774506137
0.3173135499152150	-0.2659321042355495
0.3173053055216957	-0.2658995050682518
0.3172970986150395	-0.2658668657444742
0.3172889411964793	-0.2658340470911903
0.3172808205246730	-0.2658011920905182
0.3172727577496965	-0.2657682577099442
0.3172647550198510	-0.2657352109242775
0.3172568017620016	-0.2657020707727731
0.3172489078300783	-0.2656688456599997
0.3172410503005654	-0.2656355008947889
0.3172332491267567	-0.2656021080727748
0.3172255039616275	-0.2655686058727297
0.3172177774644004	-0.2655349753684194
0.3172101795411197	-0.2655013120264239
0.3172024544810912	-0.2654675384607275
0.3171949446285086	-0.2654335940573415
0.3171874272876986	-0.2653996049702546
0.3171799658135966	-0.2653655193880497
0.3171725430303436	-0.2653313569181284
0.3171651458146270	-0.2652970722391834
0.3171578448498558	-0.2652627249167387
0.3171506156722860	-0.2652282190975125
0.3171433572904302	-0.2651936550152000
0.3171361238520927	-0.2651589650077196
0.3171290290415295	-0.2651243091869774
0.3171219213073256	-0.2650894300028806
0.3171148888439024	-0.2650544800416299
0.3171078826729565	-0.2650194144385155
0.3171009624121269	-0.2649842789247400
0.3170940131784976	-0.2649490278005808
0.3170871737485711	-0.2649136511979671
0.3170803555723831	-0.2648782642619990
0.3170735914867737	-0.2648427297408670
0.3170668897156723	-0.2648070517943280
0.3170601297566060	-0.2647713949975283
0.3170535095245169	-0.2647355083583909
0.3170469049711526	-0.2646995938934742
0.3170403947168801	-0.2646635738494330
0.3170338990867315	-0.2646274317384352
0.3170273582135225	-0.2645911856795505
0.3170208386782216	-0.2645548740050366
0.3170145591245922	-0.2645183612315216
0.3170081608626159	-0.2644818235326272
0.3170018905269286	-0.2644452805018797
0.3169957600171948	-0.2644085056966781
0.3169894620469455	-0.2643716460730888
0.3169833014236794	-0.2643347316542087
0.3169771776649026	-0.2642976409499316
0.3169710523224216	-0.2642605226718447
0.3169650974255522	-0.2642233928682675
0.3169591219904241	-0.2641859762305572
0.3169531630959614	-0.2641483986375215
0.3169472917252584	-0.2641110177026187
0.3169413142927548	-0.2640732257215335
0.3169355948168504	-0.2640353176648232
0.3169295660547691	-0.2639976412491620
0.3169229109445272	-0.2639560851576145
0.3169180916328758	-0.2639215717087072
0.3169123368515324	-0.2638834201783034
0.3169067234875243	-0.2638450761576096
0.3169011867641039	-0.2638066629016433
0.3168955450343919	-0.2637683789112957
0.3168897723471385	-0.2637294985709709
0.3168845381852310	-0.2636909951916108
0.3168788880656440	-0.2636520714697241
0.3168696700625926	-0.2636236364252352
0.3168630149523508	-0.2635820803336877
0.3168563598421090	-0.2635405242421403
0.3168497047318672	-0.2634989681505929
0.3168430496216254	-0.2634574120590455
0.3168363945113836	-0.2634158559674981
0.3168297394011417	-0.2633742998759506
0.3168230842908999	-0.2633327437844032
0.3168164291806580	-0.2632911876928558
0.3168097740704162	-0.2632496316013084
0.3168097740704162	-0.2632496316013084
0.3168031189601743	-0.2632080755097609
0.3167964638499325	-0.2631665194182136
0.3167898087396908	-0.2631249633266661
0.3167831536294489	-0.2630834072351187
0.3167764985192071	-0.2630418511435713
0.3167698434089653	-0.2630002950520238
0.3167631882987234	-0.2629587389604764
0.3167565331884816	-0.2629171828689290
0.3167498780782398	-0.2628756267773816
0.3167498780782398	-0.2628756267773816
0.3167432229679980	-0.2628340706858341
0.3167365678577561	-0.2627925145942868
0.3167299127475143	-0.2627509585027393
0.3167232576372725	-0.2627094024111919
0.3167166025270307	-0.2626678463196445
0.3167099474167888	-0.2626262902280970
0.3167032923065470	-0.2625847341365496
0.3166966371963052	-0.2625431780450022
0.3166899820860634	-0.2625016219534548
0.3166899820860634	-0.2625016219534548
0.3166833269758215	-0.2624600658619073
0.3166766718655797	-0.2624185097703600
0.3166700167553379	-0.2623769536788125
0.3166633616450961	-0.2623353975872651
0.3166567065348542	-0.2622938414957177
0.3166500514246124	-0.2622522854041702
0.3166433963143706	-0.2622107293126228
0.3166367412041288	-0.2621691732210754
0.3166300860938869	-0.2621276171295280
0.3166300860938869	-0.2621276171295280
0.3166234309836451	-0.2620860610379805
0.3166167758734033	-0.2620445049464332
0.3166101207631615	-0.2620029488548857
0.3166034656529196	-0.2619613927633383
0.3165968105426778	-0.2619198366717909
0.3165901554324360	-0.2618782805802434
0.3165835003221942	-0.2618367244886960
0.3165768452119523	-0.2617951683971486
0.3165701901017105	-0.2617536123056012
0.3165701901017105	-0.2617536123056012
0.3165635349914687	-0.2617120562140537
0.3165568798812268	-0.2616705001225064
0.3165502247709850	-0.2616289440309589
0.3165435696607432	-0.2615873879394115
0.3165369145505014	-0.2615458318478641
0.3165302594402596	-0.2615042757563166
0.3165236043300177	-0.2614627196647692
0.3165169492197759	-0.2614211635732218
0.3165102941095341	-0.2613796074816744
0.3165102941095341	-0.2613796074816744
0.3165036389992922	-0.2613380513901269
0.3164969838890505	-0.2612964952985795
0.3164903287788086	-0.2612549392070321
0.3164836736685668	-0.2612133831154847
0.3164770185583249	-0.2611718270239373
0.3164703634480831	-0.2611302709323898
0.3164637083378413	-0.2610887148408424
0.3164570532275995	-0.2610471587492950
0.3164503981173576	-0.2610056026577476
0.3164503981173576	-0.2610056026577476
0.3164437430071158	-0.2609640465662001
0.3164370878968740	-0.2609224904746527
0.3164304327866322	-0.2608809343831053
0.3164237776763903	-0.2608393782915579
0.3164171225661485	-0.2607978222000105
0.3164104674559067	-0.2607562661084630
0.3164038123456648	-0.2607147100169156
0.3163971572354231	-0.2606731539253682
0.3163905021251812	-0.2606315978338208
0.3163905021251812	-0.2606315978338208
0.3163838470149394	-0.2605900417422733
0.3163771919046976	-0.2605484856507259
0.3163705367944558	-0.2605069295591785
0.3163638816842139	-0.2604653734676311
0.3163572265739721	-0.2604238173760837
0.3163505714637302	-0.2603822612845362
0.3163439163534885	-0.2603407051929888
0.3163372612432466	-0.2602991491014414
0.3163306061330048	-0.2602575930098940
0.3163306061330048	-0.2602575930098940
0.3163239510227630	-0.2602160369183465
0.3163172959125211	-0.2601744808267991
0.3163106408022793	-0.2601329247352517
0.3163039856920374	-0.2600913686437043
0.3162973305817957	-0.2600498125521569
0.3162906754715538	-0.2600082564606094
0.3162840203613120	-0.2599667003690621
0.3162773652510701	-0.2599251442775146
0.3162707101408284	-0.2598835881859672
0.3162707101408284	-0.2598835881859672
0.3162640550305865	-0.2598420320944198
0.3162573999203447	-0.2598004760028724
0.3162507448101029	-0.2597589199113249
0.3162440896998611	-0.2597173638197775
0.3162374345896192	-0.2596758077282301
0.3162307794793774	-0.2596342516366826
0.3162241243691356	-0.2595926955451353
0.3162174692588937	-0.2595511394535878
0.3162108141486519	-0.2595095833620404
0.3162108141486519	-0.2595095833620404
0.3162041590384101	-0.2594680272704930
0.3161975039281683	-0.2594264711789456
0.3161908488179265	-0.2593849150873981
0.3161841937076846	-0.2593433589958507
0.3161775385974428	-0.2593018029043033
0.3161708834872010	-0.2592602468127558
0.3161642283769591	-0.2592186907212085
0.3161575732667173	-0.2591771346296610
0.3161509181564755	-0.2591355785381136
0.3161509181564755	-0.2591355785381136
0.3161442630462337	-0.2590940224465662
0.3161376079359918	-0.2590524663550188
0.3161309528257500	-0.2590109102634713
0.3161242977155082	-0.2589693541719239
0.3161176426052664	-0.2589277980803765
0.3161109874950245	-0.2588862419888290
0.3161043323847827	-0.2588446858972817
0.3160976772745409	-0.2588031298057342
0.3160910221642991	-0.2587615737141868
0.3160910221642991	-0.2587615737141868
0.3160843670540572	-0.2587200176226394
0.3160777119438155	-0.2586784615310920
0.3160710568335736	-0.2586369054395445
0.3160644017233317	-0.2585953493479971
0.3160577466130899	-0.2585537932564497
0.3160510915028480	-0.2585122371649022
0.3160444363926063	-0.2584706810733548
0.3160377812823644	-0.2584291249818074
0.3160311261721226	-0.2583875688902600
