0.5826438030332974	-0.2812981134351027
0.3008814683165807	-0.4783218207157508
0.3007096498881999	-0.4783665980509982
0.3005379990384796	-0.4784113153693175
0.3003665154795492	-0.4784559728107368
0.3001951989243610	-0.4785005705148290
0.3000240490867236	-0.4785451086206870
0.2998530656812619	-0.4785895872669892
0.2996822484234268	-0.4786340065918784
0.2995115970295127	-0.4786783667331538
0.5812233891394119	-0.2813539719102041
0.5810822086765404	-0.2813593256792764
0.5809411837309055	-0.2813646375842156
0.5808003140510015	-0.2813699077069892
0.5806595993861070	-0.2813751361289560
0.5805190394857196	-0.2813803229317502
0.5803786341004132	-0.2813854681960740
0.5802383829820238	-0.2813905720028851
0.5800982858813707	-0.2813956344317083
0.5799583425517404	-0.2814006555635192
0.5798185527458255	-0.2814056354776607
0.5796789162177539	-0.2814105742533300
0.5795394327218538	-0.2814154719699429
0.5794001020132015	-0.2814203287059414
0.5792609238477687	-0.2814251445399268
0.5791218979818458	-0.2814299195504929
0.5789830241722117	-0.2814346538140742
0.5788443021768886	-0.2814393474097741
0.5787057317544388	-0.2814440004146380
0.5785673126635090	-0.2814486129043077
0.5784290446637413	-0.2814531849565365
0.5782909275154779	-0.2814577166474579
0.5781529609796836	-0.2814622080530202
0.5780151448178270	-0.2814666592487982
0.5778774787918830	-0.2814710703104387
0.5777399626650271	-0.2814754413128142
0.5776025962001190	-0.2814797723310427
0.5774653791616599	-0.2814840634392167
0.5773283113142779	-0.2814883147122098
0.5771913924224701	-0.2814925262236921
0.5770546222531160	-0.2814966980471699
0.5769180005720924	-0.2815008302560834
0.5767815271467913	-0.2815049229234689
0.5766452017448173	-0.2815089761221464
0.5765090241344810	-0.2815129899247147
0.5763729940845874	-0.2815169644035810
0.5762371113649156	-0.2815208996299433
0.5761013757448664	-0.2815247956756466
0.5759657869962413	-0.2815286526128224
0.5758303448896154	-0.2815324705118941
0.5756950491972136	-0.2815362494437875
0.5755598996912258	-0.2815399894789607
0.5754248961450136	-0.2815436906876730
0.5752900383320395	-0.2815473531400045
0.5751553260269020	-0.2815509769056010
0.5750207590040186	-0.2815545620533674
0.5748863370385600	-0.2815581086534941
0.5747520599079010	-0.2815616167737780
0.5746179273870481	-0.2815650864832620
0.5744839392545681	-0.2815685178507347
0.5743500952862630	-0.2815719109427384
0.5742163952621691	-0.2815752658284989
0.5740828389606210	-0.2815785825750103
0.5739494261609306	-0.2815818612495344
0.5738161566433408	-0.2815851019187127
0.5736830301882154	-0.2815883046500298
0.5735500465770560	-0.2815914695095487
0.5734172055905379	-0.2815945965628369
0.5732845070121565	-0.2815976858755019
0.5731519506242785	-0.2816007375147581
0.5730195362100687	-0.2816037515449974
0.5728872635534870	-0.2816067280315048
0.5727551324391260	-0.2816096670389593
0.5726231426519891	-0.2816125686320683
0.5724912939776320	-0.2816154328751806
0.5723595862019227	-0.2816182598323073
0.5722280191122125	-0.2816210495672853
0.5720965924944560	-0.2816238021440908
0.5719653061376511	-0.2816265176250825
0.5718341598298482	-0.2816291960732152
0.5717031533591247	-0.2816318375531054
0.5715722865154789	-0.2816344421255608
0.5714415590885590	-0.2816370098535448
0.5713109708687225	-0.2816395407989830
0.5711805216469180	-0.2816420350235444
0.5710502112148390	-0.2816444925888062
0.5709200393640437	-0.2816469135563545
0.5707900058878724	-0.2816492979864122
0.5706601105773093	-0.2816516459409311
0.5705303532290915	-0.2816539574797564
0.5704007336348633	-0.2816562326631296
0.5702712515899963	-0.2816584715515508
0.5701419068896367	-0.2816606742045400
0.5700126993291534	-0.2816628406815773
0.5698836287049378	-0.2816649710424292
0.5697546948135775	-0.2816670653454710
0.5696258974518108	-0.2816691236505298
0.5694972364175691	-0.2816711460156426
0.5693687115095717	-0.2816731324986214
0.5692403225254012	-0.2816750831589217
0.5691120692658527	-0.2816769980532151
0.5689839515290103	-0.2816788772398194
0.5688559691154387	-0.2816807207760694
0.5687281218261724	-0.2816825287191357
0.5686004094615836	-0.2816843011259860
0.5684728318244878	-0.2816860380529880
0.5683453887160858	-0.2816877395575728
0.5682180799397022	-0.2816894056952157
0.5680909052971589	-0.2816910365221223
0.5679638645943234	-0.2816926320930772
0.5678369576329262	-0.2816941924656232
0.5677101842189431	-0.2816957176941856
0.5675835441569526	-0.2816972078336432
0.5674570372525517	-0.2816986629389256
0.5673306633119020	-0.2817000830649865
0.5672044221414125	-0.2817014682661771
0.5670783135481402	-0.2817028185963293
0.5669523373391050	-0.2817041341100279
0.5668264933220954	-0.2817054148610905
0.5667007813072040	-0.2817066609012063
0.5665752011007046	-0.2817078722869004
0.5664497525137044	-0.2817090490690092
0.5663244353554913	-0.2817101913009000
0.5661992494364541	-0.2817112990351515
0.5660741945673740	-0.2817123723244115
0.5659492705588898	-0.2817134112212085
0.5658244772233186	-0.2817144157764034
0.5656998143721140	-0.2817153860430071
0.5655752818189221	-0.2817163220720131
0.5654508793752094	-0.2817172239153377
0.5653266068551748	-0.2817180916221588
0.5652024640731185	-0.2817189252457892
0.5650784508429427	-0.2817197248359193
0.5649545669799565	-0.2817204904432138
0.5648308122989191	-0.2817212221176115
0.5647071866153978	-0.2817219199095197
0.5645836897463360	-0.2817225838686615
0.5644603215076121	-0.2817232140452227
0.5643370817174983	-0.2817238104877146
0.5642139701919083	-0.2817243732467771
0.5640909867486071	-0.2817249023674630
0.5639681312074885	-0.2817253979031541
0.5638454033866145	-0.2817258599008526
0.5637228031052202	-0.2817262884089669
0.5636003301829756	-0.2817266834754933
0.5634779844402271	-0.2817270451484485
0.5633557656971340	-0.2817273734760190
0.5632336737747785	-0.2817276685046497
0.5631117084951625	-0.2817279302832416
0.5629898696793073	-0.2817281588579680
0.5628681571495598	-0.2817283542761675
0.5627465707290777	-0.2817285165843105
0.5626251102405584	-0.2817286458290254
0.5625037755076725	-0.2817287420567281
0.5623825663544257	-0.2817288053136432
0.5622614826052237	-0.2817288356456704
0.5621405240840608	-0.2817288330984650
0.5620196906181766	-0.2817287977169038
0.5618989820302704	-0.2817287295492945
0.5617783981479686	-0.2817286286345305
0.5616579387989752	-0.2817284950254307
0.5615376038081790	-0.2817283287616306
0.5614173930033862	-0.2817281298892942
0.5612973062124308	-0.2817278984521541
0.5611773432634131	-0.2817276344944593
0.5610575039845465	-0.2817273380615697
0.5609377882050021	-0.2817270091954489
0.5608181957543523	-0.2817266479411000
0.5606987264612587	-0.2817262543408158
0.5605793801559639	-0.2817258284372128
0.5604601566714073	-0.2817253702761036
0.5603410558352804	-0.2817248798980730
0.5602220774802311	-0.2817243573460288
0.5601032214379907	-0.2817238026628049
0.5599844875404260	-0.2817232158909205
0.5598658756203165	-0.2817225970712263
0.5597473855101074	-0.2817219462477945
0.5596290170436780	-0.2817212634608288
0.5595107700523804	-0.2817205487499921
0.5593926443747719	-0.2817198021600397
0.5592746398409962	-0.2817190237311014
0.5591567562878987	-0.2817182135031261
0.5590389935503880	-0.2817173715179055
0.5589213514638293	-0.2817164978154137
0.5588038298641855	-0.2817155924360321
0.5586864285879206	-0.2817146554207903
0.5585691474714467	-0.2817136868077667
0.5584519863531803	-0.2817126866399406
0.5583349450675364	-0.2817116549545879
0.5582180234543673	-0.2817105917937445
0.5581012213546163	-0.2817094971910581
0.5579845386024725	-0.2817083711913215
0.5578679750387617	-0.2817072138313760
0.5577515305025832	-0.2817060251502357
0.5576352048336580	-0.2817048051869273
0.5575189978724959	-0.2817035539792876
0.5574029094591449	-0.2817022715647673
0.5572869394342884	-0.2817009579829495
0.5571710876393799	-0.2816996132713642
0.5570553539147666	-0.2816982374659695
0.5569397381052753	-0.2816968306076206
0.5568242400505409	-0.2816953927310909
0.5567088595941038	-0.2816939238738753
0.5565935965789823	-0.2816924240736017
0.5564784508481697	-0.2816908933669879
0.5563634222459721	-0.2816893317905964
0.5562485106162733	-0.2816877393811670
0.5561337158024025	-0.2816861161737790
0.5560190376520598	-0.2816844622073609
0.5559044760086037	-0.2816827775144222
0.5557900307142132	-0.2816810621317883
0.5556757016193801	-0.2816793160963910
0.5555614885692333	-0.2816775394429345
0.5554473914093319	-0.2816757322070089
0.5553334099872859	-0.2816738944230241
0.5552195441502132	-0.2816720261264341
0.5551057937459125	-0.2816701273518407
0.5549921586204905	-0.2816681981336936
0.5548786386246306	-0.2816662385071559
0.5547652336062597	-0.2816642485042481
0.5546519434146842	-0.2816622281630146
0.5545387678977901	-0.2816601775140493
0.5544257069058000	-0.2816580965922836
0.5543127602890736	-0.2816559854318534
0.5541999278978441	-0.2816538440647859
0.5540872095820086	-0.2816516725253385
0.5539746051933120	-0.2816494708468361
0.5538621145844105	-0.2816472390616318
0.5537497376026154	-0.2816449772027332
0.5536374741061446	-0.2816426853025048
0.5535253239410043	-0.2816403633934483
0.5534132869636768	-0.2816380115082924
0.5533013630261516	-0.2816356296785801
0.5531895519812469	-0.2816332179366917
0.5530778536835058	-0.2816307763144648
0.5529662679859615	-0.2816283048431738
0.5528547947439912	-0.2816258035549860
0.5527434338123015	-0.2816232724814897
0.5526321850434265	-0.2816207116503022
0.5525210482930633	-0.2816181210968752
0.5524100234200500	-0.2816155008508029
0.5522991102770753	-0.2816128509418772
0.5521883087218390	-0.2816101714012051
0.5520776186100418	-0.2816074622589720
0.5519670397992676	-0.2816047235457311
0.5518565721462778	-0.2816019552907161
0.5517462155083890	-0.2815991575246871
0.5516359697422890	-0.2815963302761971
0.5515258347082708	-0.2815934735778065
0.5514158102642995	-0.2815905874543135
0.5513058962675984	-0.2815876719394769
0.5511960925778712	-0.2815847270597766
0.5510863990550150	-0.2815817528447652
0.5509768155585675	-0.2815787493229442
0.5508673419478091	-0.2815757165235847
0.5507579780836133	-0.2815726544755907
0.5506487238255451	-0.2815695632055055
0.5505395790356361	-0.2815664427434196
0.5504305435751150	-0.2815632931155245
0.5503216173052390	-0.2815601143528249
0.5502128000870735	-0.2815569064791353
0.5501040917828162	-0.2815536695242144
0.5499954922552996	-0.2815504035156095
0.5498870013671429	-0.2815471084797135
0.5497786189807925	-0.2815437844449412
0.5496703449599641	-0.2815404314368140
0.5495621791681690	-0.2815370494827015
0.5494541214698075	-0.2815336386090794
0.5493461717266739	-0.2815301988454465
0.5492383298065288	-0.2815267302137479
0.5491305955731812	-0.2815232327397352
0.5490229688900327	-0.2815197064538308
0.5489154496231631	-0.2815161513797282
0.5488080376388033	-0.2815125675434758
0.5487007328022091	-0.2815089549701240
0.5485935349798141	-0.2815053136859510
0.5484864440391153	-0.2815016437161594
0.5483794598421435	-0.2814979450856807
0.5482725822637016	-0.2814942178184062
0.5481658111646074	-0.2814904619435837
0.5480591464159479	-0.2814866774797811
0.5479525878839828	-0.2814828644559877
0.5478461354371904	-0.2814790228954155
0.5477397889444300	-0.2814751528224209
0.5476335482745261	-0.2814712542614899
0.5475274132956320	-0.2814673272355645
0.5474213838778110	-0.2814633717692799
0.5473154598905515	-0.2814593878894638
0.5472096412037684	-0.2814553756096583
0.5471039276872667	-0.2814513349658207
0.5469983192100841	-0.2814472659757764
0.5468928156448772	-0.2814431686616444
0.5467874168626028	-0.2814390430475834
0.5466821227332823	-0.2814348891563127
0.5465769331289267	-0.2814307070110241
0.5464718479230469	-0.2814264966337188
0.5463668669835419	-0.2814222580474760
0.5462619901866508	-0.2814179912741643
0.5461572174005873	-0.2814136963362518
0.5460525485029434	-0.2814093732572360
0.5459479833662332	-0.2814050220543338
0.5458435218612872	-0.2814006427540410
0.5457391638623632	-0.2813962353766434
0.5456349092442664	-0.2813917999430307
0.5455307578798108	-0.2813873364753027
0.5454267096449226	-0.2813828449945889
0.5453227644124184	-0.2813783255204886
0.5452189220619102	-0.2813737780770144
0.5451151824586282	-0.2813692026821902
0.5450115454921448	-0.2813645993557808
0.5449080110253827	-0.2813599681234193
0.5448045789404493	-0.2813553090009157
0.5447012491126018	-0.2813506220098622
0.5445980214179884	-0.2813459071699302
0.5444948957340356	-0.2813411645022050
0.5443918719364945	-0.2813363940253124
0.5442889499055945	-0.2813315957609856
0.5441861295146202	-0.2813267697248799
0.5440834106440392	-0.2813219159384653
0.5439807931734786	-0.2813170344249666
0.5438782769719679	-0.2813121251981608
0.5437758619290037	-0.2813071882793408
0.5436735479185481	-0.2813022236867273
0.5435713348208546	-0.2812972314392599
0.5434692225145931	-0.2812922115560084
0.5433672108776419	-0.2812871640555371
0.5432652997928592	-0.2812820889560186
0.5431634891374901	-0.2812769862774129
0.5430617787928095	-0.2812718560338577
0.5429601686418137	-0.2812666982447000
0.5428586585590469	-0.2812615129287587
0.5427572484310064	-0.2812563001037638
0.5426559381361289	-0.2812510597877233
0.5425547275567597	-0.2812457919969691
0.5424536165749715	-0.2812404967495649
0.5423526050718800	-0.2812351740629940
0.5422516929295760	-0.2812298239532539
0.5421508800288996	-0.2812244464378432
0.5420501662563187	-0.2812190415340000
0.5419495514947248	-0.2812136092587939
0.5418490356224591	-0.2812081496235703
0.5417486185255334	-0.2812026626510687
0.5416483000881256	-0.2811971483566386
0.5415480801928765	-0.2811916067541909
0.5414479587248785	-0.2811860378613747
0.5413479355679366	-0.2811804416931358
0.5412480106034530	-0.2811748182659216
0.5411481837240962	-0.2811691675967324
0.5410484548038217	-0.2811634896969263
0.5409488237375024	-0.2811577845911473
0.5408492904072789	-0.2811520522761717
0.5407498546977439	-0.2811462927849719
0.5406505164941026	-0.2811405061258346
0.5405512756838821	-0.2811346923142217
0.5404521321528973	-0.2811288513646039
0.5403530857879145	-0.2811229832924990
0.5402541364766759	-0.2811170881103271
0.5401552841013717	-0.2811111658349138
0.5400565285578410	-0.2811052164782327
0.5399578697301086	-0.2810992400580343
0.5398593074933586	-0.2810932365849214
0.5397608417536449	-0.2810872060734526
0.5396624723908139	-0.2810811485374112
0.5395641992938854	-0.2810750639900873
0.5394660223512994	-0.2810689524456138
0.5393679414518834	-0.2810628139171718
0.5392699564843826	-0.2810566484188858
0.5391720673413311	-0.2810504559613676
0.5390742739037281	-0.2810442365604423
0.5389765760676635	-0.2810379902294284
0.5388789737229051	-0.2810317169747209
0.5387814667578306	-0.2810254168156742
0.5386840550623698	-0.2810190897632279
0.5385867385284798	-0.2810127358290451
0.5384895170454048	-0.2810063550244553
0.5383923905028006	-0.2809999473649493
0.5382953587970671	-0.2809935128594626
0.5381984218093240	-0.2809870515194891
0.5381015794475326	-0.2809805633554068
0.5380048315834067	-0.2809740483906737
0.5379081781243679	-0.2809675066166529
0.5378116189544671	-0.2809609380600872
0.5377151539695292	-0.2809543427271378
0.5376187830598501	-0.2809477206292134
0.5375225061202429	-0.2809410717788364
0.5374263230410478	-0.2809343961833950
0.5373302337200075	-0.2809276938579744
0.5372342380450914	-0.2809209648137994
0.5371383359113971	-0.2809142090538893
0.5370425272136382	-0.2809074265899401
0.5369468118466827	-0.2809006174468470
0.5368511897018502	-0.2808937816184671
0.5367556606750493	-0.2808869191197903
0.5366602246618807	-0.2808800299619273
0.5365648815557991	-0.2808731141537915
0.5364696312511137	-0.2808661717040007
0.5363744736421475	-0.2808592026274095
0.5362794086292477	-0.2808522069219320
0.5361844360972784	-0.2808451846114491
0.5360895559585053	-0.2808381356922309
0.5359947680929663	-0.2808310601852422
0.5359000724036750	-0.2808239580902344
0.5358054687865975	-0.2808168294211143
0.5357109571392538	-0.2808096741834936
0.5356165373564833	-0.2808024923868475
0.5355222093335691	-0.2807952840404711
0.5354279729719343	-0.2807880491550080
0.5353338281605854	-0.2807807877308403
0.5352397748098201	-0.2807734997832849
0.5351458128014254	-0.2807661853242975
0.5350519420512780	-0.2807588443505383
0.5349581624435074	-0.2807514768773847
0.5348644738804157	-0.2807440829085420
0.5347708762608571	-0.2807366624547252
0.5346773694830513	-0.2807292155218046
0.5345839534466290	-0.2807217421179272
0.5344906280481900	-0.2807142422493047
0.5343973931881130	-0.2807067159219420
0.5343042487660229	-0.2806991631483607
0.5342111946832017	-0.2806915839252730
0.5341182303879201	-0.2806839784508752
0.5340253571158581	-0.2806763461898162
0.5339325734401664	-0.2806686876822499
0.5338398797014404	-0.2806610027578521
0.5337472757981687	-0.2806532914211001
0.5336547616319098	-0.2806455536815917
0.5335623371059118	-0.2806377895421441
0.5334700021171449	-0.2806299990130421
0.5333777565700235	-0.2806221820946898
0.5332856003565755	-0.2806143388001507
0.5331935333922637	-0.2806064691235619
0.5331015548425505	-0.2805985726821872
0.5330096667943560	-0.2805906506725075
0.5329178669646296	-0.2805827019044621
0.5328261559863475	-0.2805747267863729
0.5327345337617264	-0.2805667253183109
0.5326430001885595	-0.2805586975032123
0.5325515551712949	-0.2805506433469213
0.5324601986098356	-0.2805425628595284
0.5323689304247321	-0.2805344560366835
0.5322777504962617	-0.2805263228999384
0.5321866577006465	-0.2805181636062042
0.5320956550521245	-0.2805099776549284
0.5320047393401658	-0.2805017655625393
0.5319139115103751	-0.2804935271607728
0.5318231714649999	-0.2804852624479833
0.5317325191002316	-0.2804769714405586
0.5316419543339347	-0.2804686541343575
0.5315514770725890	-0.2804603105381303
0.5314610871908857	-0.2804519406410019
0.5313707842079852	-0.2804435449434072
0.5312805692800534	-0.2804351220085929
0.5311904410410050	-0.2804266732664824
0.5311003998259415	-0.2804181982457704
0.5310104455345307	-0.2804096969537094
0.5309205780749918	-0.2804011693865005
0.5308307973526308	-0.2803926155499577
0.5307411032828980	-0.2803840354508696
0.5306514957535200	-0.2803754290772428
0.5305619746775231	-0.2803667964493070
0.5304725399924038	-0.2803581388949415
0.5303831897442078	-0.2803494526262557
0.5302939292540350	-0.2803407410082352
0.5302047530689079	-0.2803320033515155
0.5301156628691416	-0.2803232394448363
0.5300266585690154	-0.2803144492785917
0.5299377400644636	-0.2803056328770902
0.5298489072840762	-0.2802967902184837
0.5297601601200643	-0.2802879213136584
0.5296714984734447	-0.2802790261598660
0.5295829213928470	-0.2802701058443300
0.5294944313963345	-0.2802611571474763
0.5294060257065984	-0.2802521834055593
0.5293177053151775	-0.2802431831547876
0.5292294699211507	-0.2802341567988494
0.5291413195057059	-0.2802251041997120
0.5290532539698518	-0.2802160253661341
0.5289652732309210	-0.2802069202980709
0.5288773771950729	-0.2801977889683389
0.5287895657719364	-0.2801886314126930
0.5287018376845917	-0.2801794488849647
0.5286141941878830	-0.2801702383840029
0.5285266382389263	-0.2801610013294503
0.5284391643513672	-0.2801517388207446
0.5283517746221471	-0.2801424500766341
0.5282644689624056	-0.2801331350844350
0.5281772472894674	-0.2801237938530889
0.5280901094865580	-0.2801144263815418
0.5280030555081436	-0.2801050326780217
0.5279160852204323	-0.2800956127013963
0.5278291987643465	-0.2800861667825315
0.5277423950558334	-0.2800766937385849
0.5276556747516025	-0.2800671942171106
0.5275690394363646	-0.2800576704250159
0.5274824826403508	-0.2800481197145560
0.5273960164849643	-0.2800385417902573
0.5273096296954718	-0.2800289380900163
0.5272233259006879	-0.2800193081352197
0.5271371050136648	-0.2800096519170162
0.5270509669706357	-0.2799999694672878
0.5269649115216606	-0.2799902619027738
0.5268789378848028	-0.2799805274573575
0.5267930496971533	-0.2799707637322819
0.5267072412373092	-0.2799609769460297
0.5266215159879722	-0.2799511631445880
0.5265358730447744	-0.2799413230733473
0.5264503123029048	-0.2799314567252105
0.5263648336948502	-0.2799215641015507
0.5262794371293564	-0.2799116451844971
0.5261941225019003	-0.2799016999948525
0.5261088900688136	-0.2798917302249522
0.5260237386243373	-0.2798817328689002
0.5259386674535707	-0.2798717024447492
0.5258536808102984	-0.2798616560044050
0.5257687756560573	-0.2798515796098085
0.5256839509290945	-0.2798414766281584
0.5255992075547745	-0.2798313473398436
0.5255145454442105	-0.2798211917388677
0.5254299645032957	-0.2798110098061111
0.5253454646421087	-0.2798008015874623
0.5252610431473484	-0.2797905669160919
0.5251767084587716	-0.2797803067742670
0.5250924503666491	-0.2797700231133392
0.5250082656750690	-0.2797597083304973
0.5249241715794560	-0.2797493649927619
0.5248401637615572	-0.2797389990678246
0.5247562291649291	-0.2797286064415985
0.5246723750034127	-0.2797181874617994
0.5245886011646319	-0.2797077421055814
0.5245049075670918	-0.2796972703693704
0.5244212969866873	-0.2796867715225100
0.5243377601983031	-0.2796762453464727
0.5242542944562399	-0.2796656950136895
0.5241709271083427	-0.2796551219237738
0.5240876402904178	-0.2796445160255868
0.5240044263864578	-0.2796338859653200
0.5239212921361123	-0.2796232295032310
0.5238382230546669	-0.2796125350216657
0.5237552623119329	-0.2796018373066035
0.5236723665321598	-0.2795911015855125
0.5235895507150955	-0.2795803412453173
0.5235068120004542	-0.2795695533886771
0.5234241572653378	-0.2795587381436463
0.5233415767887636	-0.2795479000457118
0.5232590645908143	-0.2795370265955912
0.5231766548380414	-0.2795261317817178
0.5230943126067382	-0.2795152108704095
0.5230120348220808	-0.2795042683619812
0.5229298643241267	-0.2794932895892220
0.5228477580796255	-0.2794822891753223
0.5227657329932305	-0.2794712572995822
0.5226837789057324	-0.2794602065913402
0.5226019098984938	-0.2794491204853083
0.5225201148957314	-0.2794380322902051
0.5224384014131804	-0.2794268997372707
0.5223567478572951	-0.2794157104068442
0.5222751965686456	-0.2794045334299630
0.5221937054235566	-0.2793933361473612
0.5221123246113895	-0.2793820920751915
0.5220309996967597	-0.2793708263087925
0.5219497527721250	-0.2793595318361735
0.5218685821387002	-0.2793482154030169
0.5217874863247168	-0.2793368776871623
0.5217064820247778	-0.2793255075932271
0.5216255474753789	-0.2793141088111940
0.5215446638590079	-0.2793026466053558
0.5214639047061536	-0.2792912307766681
0.5213831605175389	-0.2792797202003797
0.5213025618535414	-0.2792682368940956
0.5212220102319549	-0.2792567048706667
0.5211415329861082	-0.2792451499696735
0.5210611317574657	-0.2792335557307296
0.5209808222598581	-0.2792219494860472
0.5209005419160239	-0.2792103099694825
0.5208203736194678	-0.2791986655090486
0.5207403106043119	-0.2791869562238803
0.5206602397044438	-0.2791752543414257
0.5205803269865638	-0.2791634888068372
0.5205004526964332	-0.2791517606027149
0.5204207092284709	-0.2791399158254267
0.5203409993453038	-0.2791280920533405
0.5202613692961580	-0.2791162357045663
0.5201818120035049	-0.2791043580180602
0.5201023409485230	-0.2790924301213409
0.5200229021226206	-0.2790805095531220
0.5199436142348386	-0.2790685238077677
0.5198642711966421	-0.2790565760667971
0.5197850911285125	-0.2790445254140556
0.5197060475728372	-0.2790325059354510
0.5196269676796603	-0.2790204401346594
0.5195480666332544	-0.2790083540789819
0.5194691898007565	-0.2789962311623009
0.5193903700999151	-0.2789840689936775
0.5193116196891185	-0.2789719015631642
0.5192330268553730	-0.2789596786043386
0.5191543831931623	-0.2789474963849948
0.5190758749986938	-0.2789352021263621
0.5189974827260248	-0.2789229375222619
0.5189190818022088	-0.2789107538688166
0.5188407887657898	-0.2788981964086738
0.5187626449178849	-0.2788859360746146
0.5186845335427147	-0.2788735317833098
0.5186064823367882	-0.2788611195543866
0.5185284793171721	-0.2788486274461218
0.5184505560061163	-0.2788362015472083
0.5183726850395219	-0.2788237005920278
0.5182949479234233	-0.2788111426851741
0.5182173897729332	-0.2787985462317963
0.5181396130723162	-0.2787861078404533
0.5180620764906021	-0.2787734538791098
0.5179846771520598	-0.2787608002051968
0.5179072886389778	-0.2787481397255704
0.5178299999005054	-0.2787354369109430
0.5177527289606216	-0.2787227723695636
0.5176755670540718	-0.2787100004078467
0.5175984663095342	-0.2786972169915600
0.5175213663825323	-0.2786844745019073
0.5174444979731052	-0.2786716232201512
0.5173675545581857	-0.2786587615968118
0.5172906843081395	-0.2786459101412269
0.5172140932906371	-0.2786329688550957
0.5171374238576306	-0.2786200255899972
0.5170608354151007	-0.2786070359166637
0.5169843101988069	-0.2785940740472479
0.5169079027292289	-0.2785810512152495
0.5168315129188799	-0.2785680269095943
0.5167551690238413	-0.2785549920039900
0.5166790228740821	-0.2785419128467278
0.5166029097470548	-0.2785285462871781
0.5165267320602361	-0.2785156249725587
0.5164507877567543	-0.2785023912445146
0.5163748495899476	-0.2784891702984789
0.5162989607169759	-0.2784759895513768
0.5162231721414930	-0.2784626605308443
0.5161474697497375	-0.2784493468004908
0.5160717752126769	-0.2784360733037147
0.5159962449068999	-0.2784225638392986
0.5159207410778311	-0.2784091872002172
0.5158456098882462	-0.2783958328235052
0.5157699249625101	-0.2783823787635407
0.5156946886763843	-0.2783690755808085
0.5156194661685464	-0.2783555618610208
0.5155443696512191	-0.2783420679944901
0.5154692816270560	-0.2783285639171181
0.5153942984190563	-0.2783149737762781
0.5153192686789503	-0.2783012895296297
0.5152444875209786	-0.2782878098670785
0.5151696833346513	-0.2782740400274570
0.5150948924070960	-0.2782604477536065
0.5150201697815547	-0.2782467823016279
0.5149457449772206	-0.2782329961477253
0.5148712281809701	-0.2782192321104721
0.5147967741377185	-0.2782053990547926
0.5147223782764775	-0.2781916032136474
0.5146480943869146	-0.2781777596776762
0.5145738945516137	-0.2781639744261524
0.5144997173172100	-0.2781502130102101
0.5144257365361954	-0.2781360666228436
0.5143515682926366	-0.2781221150680278
0.5142775606982597	-0.2781080149928807
0.5142038662642602	-0.2780941429154367
0.5141300887507397	-0.2780801285342730
0.5140563393806638	-0.2780660820797667
0.5139825522392905	-0.2780518688877374
0.5139090679265894	-0.2780377637936968
0.5138355784997388	-0.2780236759557604
0.5137621933152985	-0.2780092239164461
0.5136886733072452	-0.2779951511031952
0.5136153908017009	-0.2779811822163988
0.5135424079402027	-0.2779667524881568
0.5134689985101643	-0.2779525043641610
0.5133958516755861	-0.2779381426709124
0.5133227924293747	-0.2779237787753558
0.5132497413753597	-0.2779094911398703
0.5131768644566084	-0.2778949802229913
0.5131041762839116	-0.2778807505251735
0.5130314407727238	-0.2778664535094140
0.5129586142317035	-0.2778518832275439
0.5128859850926019	-0.2778370770664951
0.5128132299193234	-0.2778225992885826
0.5127409800381308	-0.2778080172937904
0.5126686325895115	-0.2777934228980958
0.5125962195264407	-0.2777788419622972
0.5125239161146909	-0.2777641172895286
0.5124518268365362	-0.2777496123812156
0.5123795591177142	-0.2777350157546827
0.5123071986425730	-0.2777198261789404
0.5122353338962133	-0.2777053844293128
0.5121628157151443	-0.2776903434525590
0.5120912530975460	-0.2776759924855232
0.5120129615660974	-0.2776635302234198
0.5119480414803976	-0.2776458259157858
0.5118764845743062	-0.2776309505344845
0.5118048291565789	-0.2776162078158481
0.5117333031889314	-0.2776009870427090
0.5116620682535935	-0.2775858481182883
0.5115905570476523	-0.2775710023416258
0.5115191882685872	-0.2775554520150151
0.5114481443585835	-0.2775402148749769
0.5113767332367232	-0.2775262596122512
0.5113056272007995	-0.2775107755343185
0.5112270344935442	-0.2774938027910850
0.5111484417862889	-0.2774768300478515
0.5110926334261573	-0.2774648310824274
0.5110218213603106	-0.2774496148218536
0.5109509958886270	-0.2774345826165872
0.5108798634355298	-0.2774187998709348
0.5108090367740621	-0.2774033784574050
0.5107391660655570	-0.2773885063399234
0.5106681262077390	-0.2773731548486498
0.5105982928355016	-0.2773580208452172
0.5105197001282462	-0.2773410481019837
0.5104411074209909	-0.2773240753587502
0.5103625147137357	-0.2773071026155167
0.5102839220064803	-0.2772901298722832
0.5102465205162806	-0.2772797556160732
0.5101764572777634	-0.2772637612966056
0.5101057580316023	-0.2772489892810128
0.5100366052364225	-0.2772328419095543
0.5099673418772338	-0.2772165599345261
0.5098909584702037	-0.2772052661561158
0.5098123657629484	-0.2771882934128824
0.5097337730556930	-0.2771713206696489
0.5096551803484377	-0.2771543479264154
0.5095765876411824	-0.2771373751831819
0.5094979949339271	-0.2771204024399485
0.5094194022266718	-0.2771034296967150
0.5093408095194164	-0.2770864569534815
0.5092622168121611	-0.2770694842102480
0.5092717141893977	-0.2770603440498748
0.5091836241049058	-0.2770525114670145
0.5091050313976504	-0.2770355387237811
0.5090264386903951	-0.2770185659805476
0.5089478459831398	-0.2770015932373141
0.5088692532758845	-0.2769846204940806
0.5087906605686292	-0.2769676477508471
0.5087120678613739	-0.2769506750076137
0.5086334751541185	-0.2769337022643802
0.5085548824468632	-0.2769167295211467
0.5084762897396079	-0.2768997567779132
0.5084762897396079	-0.2768997567779132
0.5083976970323526	-0.2768827840346798
0.5083191043250972	-0.2768658112914463
0.5082405116178420	-0.2768488385482128
0.5081619189105866	-0.2768318658049793
0.5080833262033313	-0.2768148930617458
0.5080047334960760	-0.2767979203185124
0.5079261407888207	-0.2767809475752789
0.5078475480815653	-0.2767639748320454
0.5077689553743100	-0.2767470020888119
0.5077689553743100	-0.2767470020888119
0.5076903626670546	-0.2767300293455784
0.5076117699597993	-0.2767130566023450
0.5075331772525440	-0.2766960838591115
0.5074545845452887	-0.2766791111158780
0.5073759918380334	-0.2766621383726445
0.5072973991307781	-0.2766451656294110
0.5072188064235228	-0.2766281928861776
0.5071402137162674	-0.2766112201429441
0.5070616210090121	-0.2765942473997106
0.5070616210090121	-0.2765942473997106
0.5069830283017567	-0.2765772746564771
0.5069044355945015	-0.2765603019132437
0.5068258428872461	-0.2765433291700102
0.5067472501799908	-0.2765263564267767
0.5066686574727355	-0.2765093836835432
0.5065900647654802	-0.2764924109403097
0.5065114720582249	-0.2764754381970763
0.5064328793509695	-0.2764584654538428
0.5063542866437142	-0.2764414927106093
0.5063542866437142	-0.2764414927106093
0.5062756939364589	-0.2764245199673758
0.5061971012292036	-0.2764075472241423
0.5061185085219483	-0.2763905744809089
0.5060399158146929	-0.2763736017376754
0.5059613231074376	-0.2763566289944419
0.5058827304001823	-0.2763396562512084
0.5058041376929270	-0.2763226835079750
0.5057255449856716	-0.2763057107647415
0.5056469522784163	-0.2762887380215080
0.5056469522784163	-0.2762887380215080
0.5055683595711609	-0.2762717652782745
0.5054897668639057	-0.2762547925350410
0.5054111741566503	-0.2762378197918076
0.5053325814493950	-0.2762208470485741
0.5052539887421397	-0.2762038743053406
0.5051753960348844	-0.2761869015621071
0.5050968033276291	-0.2761699288188736
0.5050182106203737	-0.2761529560756402
0.5049396179131184	-0.2761359833324067
0.5049396179131184	-0.2761359833324067
0.5048610252058631	-0.2761190105891732
0.5047824324986078	-0.2761020378459397
0.5047038397913524	-0.2760850651027063
0.5046252470840971	-0.2760680923594728
0.5045466543768418	-0.2760511196162393
0.5044680616695865	-0.2760341468730058
0.5043894689623311	-0.2760171741297723
0.5043108762550758	-0.2760002013865389
0.5042322835478205	-0.2759832286433054
0.5042322835478205	-0.2759832286433054
0.5041536908405650	-0.2759662559000719
0.5040750981333098	-0.2759492831568384
0.5039965054260546	-0.2759323104136049
0.5039179127187992	-0.2759153376703715
0.5038393200115439	-0.2758983649271380
0.5037607273042886	-0.2758813921839045
0.5036821345970331	-0.2758644194406710
0.5036035418897779	-0.2758474466974375
0.5035249491825226	-0.2758304739542041
0.5035249491825226	-0.2758304739542041
0.5034463564752673	-0.2758135012109706
0.5033677637680118	-0.2757965284677371
0.5032891710607565	-0.2757795557245036
0.5032105783535012	-0.2757625829812702
0.5031319856462459	-0.2757456102380367
0.5030533929389907	-0.2757286374948032
0.5029748002317352	-0.2757116647515697
0.5028962075244799	-0.2756946920083362
0.5028176148172246	-0.2756777192651028
0.5028176148172246	-0.2756777192651028
0.5027390221099692	-0.2756607465218693
0.5026604294027139	-0.2756437737786358
0.5025818366954586	-0.2756268010354023
0.5025032439882033	-0.2756098282921688
0.5024246512809480	-0.2755928555489354
0.5023460585736927	-0.2755758828057019
0.5022674658664373	-0.2755589100624684
0.5021888731591820	-0.2755419373192349
0.5021102804519267	-0.2755249645760015
0.5021102804519267	-0.2755249645760015
0.5020316877446714	-0.2755079918327680
0.5019530950374160	-0.2754910190895345
0.5018745023301608	-0.2754740463463010
0.5017959096229054	-0.2754570736030675
0.5017173169156501	-0.2754401008598341
0.5016387242083948	-0.2754231281166006
0.5015601315011395	-0.2754061553733671
0.5014815387938841	-0.2753891826301336
0.5014029460866288	-0.2753722098869001
0.5014029460866288	-0.2753722098869001
0.5013243533793734	-0.2753552371436667
0.5012457606721181	-0.2753382644004332
0.5011671679648628	-0.2753212916571997
0.5010885752576075	-0.2753043189139662
0.5010099825503522	-0.2752873461707327
0.5009313898430969	-0.2752703734274993
0.5008527971358416	-0.2752534006842658
0.5007742044285862	-0.2752364279410323
0.5006956117213309	-0.2752194551977988
0.5006956117213309	-0.2752194551977988
0.5006170190140755	-0.2752024824545654
0.5005384263068203	-0.2751855097113319
0.5004598335995649	-0.2751685369680984
0.5003812408923096	-0.2751515642248649
0.5003026481850543	-0.2751345914816314
0.5002240554777990	-0.2751176187383980
0.5001454627705437	-0.2751006459951645
0.5000668700632883	-0.2750836732519310
0.4999882773560330	-0.2750667005086975
0.4999882773560330	-0.2750667005086975
0.4999096846487777	-0.2750497277654640
0.4998310919415224	-0.2750327550222306
0.4997524992342671	-0.2750157822789971
0.4996739065270117	-0.2749988095357636
0.4995953138197564	-0.2749818367925301
0.4995167211125011	-0.2749648640492967
0.4994381284052458	-0.2749478913060632
0.4993595356979904	-0.2749309185628297
0.4992809429907351	-0.2749139458195962
0.4992809429907351	-0.2749139458195962
0.4992023502834798	-0.2748969730763627
0.4991237575762245	-0.2748800003331293
0.4990451648689692	-0.2748630275898958
0.4989665721617138	-0.2748460548466623
0.4988879794544585	-0.2748290821034288
0.4988093867472032	-0.2748121093601953
0.4987307940399479	-0.2747951366169619
0.4986522013326926	-0.2747781638737284
0.4985736086254372	-0.2747611911304949
0.4985736086254372	-0.2747611911304949
0.4984950159181818	-0.2747442183872614
0.4984164232109266	-0.2747272456440280
0.4983378305036713	-0.2747102729007945
0.4982592377964159	-0.2746933001575610
0.4981806450891606	-0.2746763274143275
0.4981020523819053	-0.2746593546710940
0.4980234596746499	-0.2746423819278606
0.4979448669673946	-0.2746254091846271
0.4978662742601393	-0.2746084364413936
0.4978662742601393	-0.2746084364413936
0.4977876815528839	-0.2745914636981601
0.4977090888456286	-0.2745744909549266
0.4976304961383734	-0.2745575182116932
0.4975519034311180	-0.2745405454684597
0.4974733107238627	-0.2745235727252262
0.4973947180166074	-0.2745065999819927
0.4973161253093520	-0.2744896272387592
0.4972375326020967	-0.2744726544955258
0.4971589398948414	-0.2744556817522923
0.4971589398948414	-0.2744556817522923
0.4970803471875860	-0.2744387090090588
0.4970017544803307	-0.2744217362658253
0.4969231617730754	-0.2744047635225919
0.4968445690658201	-0.2743877907793584
0.4967659763585648	-0.2743708180361249
0.4966873836513094	-0.2743538452928914
0.4966087909440541	-0.2743368725496579
0.4965301982367988	-0.2743198998064245
0.4964516055295435	-0.2743029270631910
0.4964516055295435	-0.2743029270631910
0.4963730128222881	-0.2742859543199575
0.4962944201150328	-0.2742689815767240
0.4962158274077775	-0.2742520088334905
0.4961372347005222	-0.2742350360902571
0.4960586419932669	-0.2742180633470236
0.4959800492860116	-0.2742010906037901
0.4959014565787562	-0.2741841178605566
0.4958228638715009	-0.2741671451173232
0.4957442711642456	-0.2741501723740897
0.4957442711642456	-0.2741501723740897
0.4956656784569903	-0.2741331996308562
0.4955870857497349	-0.2741162268876227
0.4955084930424797	-0.2740992541443892
0.4954299003352243	-0.2740822814011558
0.4953513076279690	-0.2740653086579223
0.4952727149207137	-0.2740483359146888
0.4951941222134583	-0.2740313631714553
0.4951155295062030	-0.2740143904282218
0.4950369367989477	-0.2739974176849884
0.4950369367989477	-0.2739974176849884
0.4949583440916923	-0.2739804449417549
0.4948797513844370	-0.2739634721985214
0.4948011586771817	-0.2739464994552879
0.4947225659699264	-0.2739295267120544
0.4946439732626711	-0.2739125539688210
0.4945653805554157	-0.2738955812255875
0.4944867878481604	-0.2738786084823540
0.4944081951409051	-0.2738616357391205
0.4943296024336498	-0.2738446629958871
0.4943296024336498	-0.2738446629958871
0.4942510097263944	-0.2738276902526536
0.4941724170191391	-0.2738107175094201
0.4940938243118838	-0.2737937447661866
0.4940152316046285	-0.2737767720229531
0.4939366388973732	-0.2737597992797197
0.4938580461901179	-0.2737428265364862
0.4937794534828625	-0.2737258537932527
0.4937008607756072	-0.2737088810500192
0.4936222680683519	-0.2736919083067857
0.4936222680683519	-0.2736919083067857
0.4935436753610965	-0.2736749355635523
0.4934650826538412	-0.2736579628203188
0.4933864899465860	-0.2736409900770853
0.4933078972393306	-0.2736240173338518
0.4932293045320753	-0.2736070445906184
0.4931507118248200	-0.2735900718473849
0.4930721191175646	-0.2735730991041514
0.4929935264103092	-0.2735561263609179
0.4929149337030539	-0.2735391536176844
0.4929149337030539	-0.2735391536176844
0.4928363409957986	-0.2735221808744510
0.4927577482885434	-0.2735052081312175
0.4926791555812880	-0.2734882353879840
0.4926005628740326	-0.2734712626447505
0.4925219701667773	-0.2734542899015170
0.4924433774595220	-0.2734373171582836
0.4923647847522667	-0.2734203444150501
0.4922861920450114	-0.2734033716718166
0.4922075993377560	-0.2733863989285831
0.4922075993377560	-0.2733863989285831
0.4921290066305007	-0.2733694261853497
0.4920504139232454	-0.2733524534421162
0.4919718212159901	-0.2733354806988827
0.4918932285087347	-0.2733185079556492
0.4918146358014794	-0.2733015352124157
0.4917360430942241	-0.2732845624691823
0.4916574503869687	-0.2732675897259488
0.4915788576797134	-0.2732506169827153
0.4915002649724581	-0.2732336442394818
0.4915002649724581	-0.2732336442394818
0.4914216722652028	-0.2732166714962483
0.4913430795579475	-0.2731996987530149
0.4912644868506922	-0.2731827260097814
0.4911858941434368	-0.2731657532665479
0.4911073014361815	-0.2731487805233144
0.4910287087289262	-0.2731318077800809
0.4909501160216708	-0.2731148350368475
0.4908715233144156	-0.2730978622936140
0.4907929306071602	-0.2730808895503805
0.4907929306071602	-0.2730808895503805
0.4907143378999050	-0.2730639168071471
0.4906357451926496	-0.2730469440639136
0.4905571524853942	-0.2730299713206801
0.4904785597781390	-0.2730129985774466
0.4903999670708836	-0.2729960258342131
0.4903213743636282	-0.2729790530909796
0.4902427816563730	-0.2729620803477462
0.4901641889491176	-0.2729451076045126
0.4900855962418623	-0.2729281348612792
